0 0.9697732997481109 0.6914191419141914 0.017632241813602016 0.09900990099009901
0 0.9460012594458438 0.7013201320132013 0.012279596977329974 0.04950495049504951
0 0.9165617128463476 0.6963696369636964 0.01952141057934509 0.0891089108910891
0 0.8967254408060453 0.7021452145214522 0.015743073047858942 0.08085808580858085
0 0.866971032745592 0.6996699669966997 0.021095717884130984 0.11221122112211221
0 0.9845717884130982 0.3910891089108911 0.010705289672544081 0.056105610561056105
0 0.958595717884131 0.38531353135313534 0.01353904282115869 0.08085808580858085
0 0.9330919395465995 0.39603960396039606 0.021095717884130984 0.0858085808580858
0 0.9069584382871536 0.39603960396039606 0.019836272040302267 0.10891089108910891
0 0.8839735516372796 0.400990099009901 0.020465994962216624 0.10231023102310231
0 0.8598866498740554 0.39933993399339934 0.025818639798488665 0.11551155115511551
0 0.8351700251889169 0.41914191419141916 0.020465994962216624 0.1188118811881188
0 0.8131297229219143 0.41089108910891087 0.015428211586901764 0.08250825082508251
0 0.7846347607052897 0.41336633663366334 0.01952141057934509 0.10396039603960396
0 0.9806360201511335 0.09488448844884488 0.019836272040302267 0.13696369636963696
0 0.9554471032745592 0.09818481848184818 0.016687657430730477 0.08085808580858085
0 0.926794710327456 0.11056105610561057 0.017317380352644837 0.10231023102310231
0 0.9079030226700252 0.10726072607260725 0.01857682619647355 0.09570957095709572
0 0.8812972292191436 0.11056105610561057 0.014483627204030227 0.07920792079207921
0 0.833595717884131 0.11303630363036303 0.01857682619647355 0.09735973597359736
0 0.8131297229219143 0.12046204620462046 0.02172544080604534 0.12211221122112212
0 0.7862090680100756 0.11963696369636964 0.0163727959697733 0.08745874587458746
0 0.759603274559194 0.12211221122112212 0.01857682619647355 0.1188118811881188
0 0.7359886649874056 0.13283828382838284 0.022984886649874057 0.08745874587458746
0 0.7954974811083123 0.7120462046204621 0.01605793450881612 0.10726072607260725
0 0.7736146095717884 0.7178217821782178 0.018261964735516372 0.09570957095709572
0 0.7446473551637279 0.7178217821782178 0.02204030226700252 0.1353135313531353
0 0.7616498740554156 0.4273927392739274 0.018891687657430732 0.11221122112211221
0 0.7363035264483627 0.42244224422442245 0.020465994962216624 0.10561056105610561
0 0.7081234256926953 0.43234323432343236 0.022670025188916875 0.11551155115511551
0 0.7211901763224181 0.7211221122112211 0.016687657430730477 0.06930693069306931
0 0.697103274559194 0.7227722772277227 0.020780856423173802 0.09900990099009901
0 0.6675062972292192 0.7326732673267327 0.021410579345088162 0.10891089108910891
0 0.684823677581864 0.4315181518151815 0.020151133501259445 0.09405940594059406
0 0.707808564231738 0.12706270627062707 0.021410579345088162 0.10891089108910891
0 0.6826196473551638 0.13696369636963696 0.020151133501259445 0.12211221122112212
0 0.6553841309823678 0.13448844884488448 0.021095717884130984 0.09075907590759076
0 0.657588161209068 0.4265676567656766 0.01857682619647355 0.09735973597359736
0 0.6331863979848866 0.4306930693069307 0.023299748110831235 0.12871287128712872
0 0.642632241813602 0.7252475247524752 0.018891687657430732 0.10066006600660066
0 0.6231108312342569 0.726897689768977 0.023299748110831235 0.12046204620462046
0 0.6068954659949622 0.4315181518151815 0.019836272040302267 0.11056105610561057
0 0.5861146095717884 0.4306930693069307 0.01857682619647355 0.0924092409240924
0 0.631926952141058 0.14686468646864687 0.018891687657430732 0.09900990099009901
0 0.610831234256927 0.14356435643564355 0.01700251889168766 0.09570957095709572
0 0.5867443324937027 0.14933993399339934 0.017947103274559194 0.09735973597359736
0 0.5957178841309824 0.735973597359736 0.020151133501259445 0.10891089108910891
0 0.5472292191435768 0.7367986798679867 0.020780856423173802 0.09075907590759076
0 0.5634445843828715 0.4381188118811881 0.01857682619647355 0.10066006600660066
0 0.5588790931989924 0.15346534653465346 0.014483627204030227 0.07590759075907591
0 0.5376259445843828 0.15676567656765678 0.025503778337531487 0.12211221122112212
0 0.5132241813602015 0.16419141914191418 0.017632241813602016 0.09405940594059406
0 0.48897984886649876 0.15841584158415842 0.022670025188916875 0.09900990099009901
0 0.4656801007556675 0.1716171617161716 0.018891687657430732 0.0858085808580858
0 0.5403022670025189 0.4504950495049505 0.015113350125944584 0.07590759075907591
0 0.5132241813602015 0.4438943894389439 0.023299748110831235 0.11221122112211221
0 0.4894521410579345 0.4537953795379538 0.019836272040302267 0.10231023102310231
0 0.46316120906801006 0.4628712871287129 0.0163727959697733 0.10066006600660066
0 0.4392317380352645 0.46204620462046203 0.01700251889168766 0.10561056105610561
0 0.4135705289672544 0.4603960396039604 0.01857682619647355 0.09900990099009901
0 0.5275503778337531 0.7442244224422442 0.019836272040302267 0.10231023102310231
0 0.5011020151133502 0.7516501650165016 0.017947103274559194 0.09405940594059406
0 0.47433879093198994 0.7376237623762376 0.01857682619647355 0.0924092409240924
0 0.45072418136020154 0.7516501650165016 0.01605793450881612 0.09405940594059406
0 0.4244332493702771 0.7607260726072608 0.018261964735516372 0.08250825082508251
0 0.407588161209068 0.7665016501650165 0.012279596977329974 0.08415841584158416
0 0.3778337531486146 0.7615511551155115 0.018891687657430732 0.12376237623762376
0 0.39231738035264485 0.4612211221122112 0.014483627204030227 0.08745874587458746
0 0.36649874055415615 0.4645214521452145 0.02392947103274559 0.14686468646864687
0 0.3515428211586902 0.46947194719471946 0.014168765743073047 0.11386138613861387
0 0.4390743073047859 0.17491749174917492 0.01920654911838791 0.11221122112211221
0 0.4127833753148615 0.1782178217821782 0.015113350125944584 0.07920792079207921
0 0.3902707808564232 0.17574257425742573 0.023614609571788413 0.11716171617161716
0 0.3638224181360202 0.18894389438943895 0.01857682619647355 0.10726072607260725
0 0.3556360201511335 0.7615511551155115 0.020465994962216624 0.08745874587458746
0 0.3342254408060453 0.7706270627062707 0.023614609571788413 0.12871287128712872
0 0.3082493702770781 0.7755775577557755 0.018891687657430732 0.07260726072607261
0 0.2876259445843829 0.7772277227722773 0.017317380352644837 0.10231023102310231
0 0.3468198992443325 0.19306930693069307 0.009130982367758186 0.04950495049504951
0 0.32084382871536526 0.19224422442244224 0.0163727959697733 0.09075907590759076
0 0.29817380352644834 0.20214521452145215 0.0163727959697733 0.09075907590759076
0 0.27629093198992444 0.19141914191419143 0.01920654911838791 0.10561056105610561
0 0.24937027707808565 0.2037953795379538 0.015743073047858942 0.07095709570957096
0 0.2243387909319899 0.2079207920792079 0.020465994962216624 0.10231023102310231
0 0.19914987405541562 0.21617161716171618 0.017947103274559194 0.06930693069306931
0 0.17301637279596976 0.21617161716171618 0.01920654911838791 0.10561056105610561
0 0.14767002518891686 0.2202970297029703 0.01952141057934509 0.09405940594059406
0 0.32383501259445846 0.4760726072607261 0.020465994962216624 0.10396039603960396
0 0.2988035264483627 0.47854785478547857 0.017632241813602016 0.09900990099009901
0 0.2759760705289673 0.4735973597359736 0.02172544080604534 0.10231023102310231
0 0.2518891687657431 0.4884488448844885 0.0163727959697733 0.10891089108910891
0 0.2260705289672544 0.4834983498349835 0.01952141057934509 0.10561056105610561
0 0.20009445843828716 0.49422442244224424 0.015428211586901764 0.08745874587458746
0 0.17632241813602015 0.4991749174917492 0.01952141057934509 0.09735973597359736
0 0.1519206549118388 0.504950495049505 0.01353904282115869 0.09900990099009901
0 0.26133501259445846 0.7805280528052805 0.017632241813602016 0.09900990099009901
0 0.2397670025188917 0.7838283828382838 0.02424433249370277 0.11551155115511551
0 0.21158690176322417 0.7920792079207921 0.023299748110831235 0.10891089108910891
0 0.1845088161209068 0.7920792079207921 0.018891687657430732 0.0891089108910891
0 0.1594773299748111 0.7986798679867987 0.01920654911838791 0.11221122112211221
0 0.13476070528967254 0.8036303630363036 0.018891687657430732 0.0924092409240924
0 0.11098866498740555 0.806930693069307 0.01920654911838791 0.10891089108910891
0 0.09272670025188917 0.8044554455445545 0.02487405541561713 0.12046204620462046
0 0.06580604534005038 0.8151815181518152 0.020151133501259445 0.12871287128712872
0 0.04565491183879093 0.8102310231023102 0.027707808564231738 0.1419141914191419
0 0.12720403022670027 0.5132013201320133 0.0163727959697733 0.0858085808580858
0 0.10248740554156172 0.5132013201320133 0.019836272040302267 0.10231023102310231
0 0.07918765743073047 0.5123762376237624 0.021095717884130984 0.12376237623762376
0 0.056832493702770784 0.5239273927392739 0.019836272040302267 0.09075907590759076
0 0.03243073047858942 0.5264026402640264 0.023299748110831235 0.1353135313531353
0 0.12468513853904283 0.22112211221122113 0.01322418136020151 0.07590759075907591
0 0.10437657430730479 0.2202970297029703 0.023614609571788413 0.14026402640264027
0 0.07808564231738035 0.22854785478547854 0.017632241813602016 0.09075907590759076
0 0.0565176322418136 0.23267326732673269 0.01857682619647355 0.0891089108910891
0 0.033375314861460954 0.23844884488448845 0.020151133501259445 0.08745874587458746
