0 0.9715741045021361 0.17963576158940397 0.025961222477817944 0.1076158940397351
0 0.943805455142951 0.17135761589403972 0.025632599408478476 0.11092715231788079
0 0.8928688793953335 0.1697019867549669 0.02957607624055209 0.15397350993377484
0 0.865428853105488 0.18129139072847683 0.025303976339139007 0.1076158940397351
0 0.8353598422609267 0.16887417218543047 0.034176799211304634 0.10927152317880795
0 0.809234308248439 0.15562913907284767 0.026618468616496877 0.1291390728476821
0 0.7806441012159053 0.1771523178807947 0.029904699309891553 0.1490066225165563
0 0.7563259940847847 0.15811258278145696 0.022674991784423268 0.11423841059602649
0 0.7293789023989484 0.15562913907284767 0.02924745317121262 0.11920529801324503
0 0.7103187643772593 0.1630794701986755 0.027275714755175814 0.16390728476821192
0 0.6749917844232665 0.16887417218543047 0.023003614853762733 0.08940397350993377
0 0.6478803812027605 0.16887417218543047 0.0233322379231022 0.10927152317880795
0 0.9838974696023661 0.49337748344370863 0.019717384160368057 0.11258278145695365
0 0.9556358856391719 0.4917218543046358 0.018402891883010187 0.11589403973509933
0 0.9300032862306934 0.4991721854304636 0.019717384160368057 0.07450331125827815
0 0.9046993098915543 0.5082781456953642 0.028261583963194215 0.12582781456953643
0 0.8746302990469931 0.5024834437086093 0.017417022674991785 0.08443708609271523
0 0.8473545842918173 0.48923841059602646 0.027275714755175814 0.12417218543046357
0 0.8240223463687151 0.48758278145695366 0.026618468616496877 0.1605960264900662
0 0.7964180085441998 0.4917218543046358 0.03056194544857049 0.1423841059602649
0 0.7678278015116661 0.48923841059602646 0.02924745317121262 0.10430463576158941
0 0.741373644429839 0.4917218543046358 0.024318107131120606 0.10927152317880795
0 0.7157410450213605 0.4991721854304636 0.032205060795267824 0.11092715231788079
0 0.6896155110088729 0.4859271523178808 0.025961222477817944 0.13741721854304637
0 0.9852119618797239 0.8327814569536424 0.02103187643772593 0.10596026490066225
0 0.9544857048964838 0.8269867549668874 0.017417022674991785 0.11754966887417219
0 0.9303319093000328 0.8261589403973509 0.0223463687150838 0.11920529801324503
0 0.901906013802169 0.8286423841059603 0.025961222477817944 0.10430463576158941
0 0.8769306605323693 0.8236754966887417 0.019388761091028592 0.1076158940397351
0 0.8503121919158725 0.8261589403973509 0.0233322379231022 0.1291390728476821
0 0.8209004272099901 0.8220198675496688 0.028261583963194215 0.15397350993377484
0 0.7954321393361814 0.8187086092715232 0.02070325336838646 0.12748344370860928
0 0.7666776207689779 0.8029801324503312 0.019060138021689123 0.10264900662251655
0 0.7402234636871509 0.8120860927152318 0.0233322379231022 0.13079470198675497
0 0.7160696680906999 0.8145695364238411 0.021689122576404863 0.13245033112582782
0 0.6935589878409464 0.8079470198675497 0.0233322379231022 0.09602649006622517
0 0.6659546500164312 0.8104304635761589 0.02201774564574433 0.07781456953642384
0 0.6636542885310549 0.49420529801324503 0.019388761091028592 0.1076158940397351
0 0.6358856391718699 0.4759933774834437 0.026947091685836345 0.1076158940397351
0 0.6107459743674006 0.47516556291390727 0.0233322379231022 0.11920529801324503
0 0.5828130134735459 0.4917218543046358 0.0233322379231022 0.08940397350993377
0 0.5581662832730858 0.48509933774834435 0.02070325336838646 0.10264900662251655
0 0.5307262569832403 0.4817880794701987 0.02366086099244167 0.10596026490066225
0 0.5016431153466974 0.48758278145695366 0.025303976339139007 0.11423841059602649
0 0.47847518895826485 0.48427152317880795 0.019060138021689123 0.08443708609271523
0 0.4520210318764377 0.472682119205298 0.02070325336838646 0.11754966887417219
0 0.4247453171212619 0.478476821192053 0.025961222477817944 0.13245033112582782
0 0.4004272099901413 0.4826158940397351 0.028590207032533684 0.14072847682119205
0 0.3736444298389747 0.47516556291390727 0.019717384160368057 0.10927152317880795
0 0.6347354584291818 0.8170529801324503 0.03056194544857049 0.10430463576158941
0 0.6066381860006572 0.8096026490066225 0.02497535326979954 0.1390728476821192
0 0.5834702596122248 0.8137417218543046 0.017417022674991785 0.07119205298013245
0 0.5558659217877095 0.7980132450331126 0.019388761091028592 0.09271523178807947
0 0.5262898455471574 0.8071192052980133 0.026618468616496877 0.12748344370860928
0 0.5041077883667433 0.8071192052980133 0.019717384160368057 0.11423841059602649
0 0.4756818928688794 0.804635761589404 0.01807426881367072 0.10264900662251655
0 0.45054222806441013 0.8029801324503312 0.02103187643772593 0.09602649006622517
0 0.4004272099901413 0.8013245033112583 0.01675977653631285 0.10596026490066225
0 0.3716726914229379 0.7947019867549668 0.01511666118961551 0.08609271523178808
0 0.34488991127177127 0.7922185430463576 0.020046007229707525 0.07781456953642384
0 0.6283273085770621 0.1630794701986755 0.021689122576404863 0.11423841059602649
0 0.5999014130791982 0.1630794701986755 0.02924745317121262 0.10430463576158941
0 0.5742688136707197 0.15894039735099338 0.01807426881367072 0.08609271523178808
0 0.5460072297075255 0.16225165562913907 0.022674991784423268 0.11258278145695365
0 0.5167597765363129 0.15562913907284767 0.027275714755175814 0.15562913907284767
0 0.4940847847518896 0.15066225165562913 0.023989484061781138 0.11589403973509933
0 0.4650016431153467 0.14735099337748345 0.02497535326979954 0.1390728476821192
0 0.4342753861321065 0.15149006622516556 0.031219191587249426 0.10099337748344371
0 0.41209332895169243 0.1498344370860927 0.027604337824515282 0.1605960264900662
0 0.38843246795925074 0.14735099337748345 0.020374630299046993 0.10927152317880795
0 0.35885639171869865 0.1490066225165563 0.02103187643772593 0.07947019867549669
0 0.3347025961222478 0.14072847682119205 0.022674991784423268 0.08278145695364239
0 0.3069339467630628 0.13741721854304637 0.023003614853762733 0.1390728476821192
0 0.2794939204732172 0.15066225165562913 0.025961222477817944 0.11258278145695365
0 0.2518895826487019 0.1490066225165563 0.022674991784423268 0.10927152317880795
0 0.22872165626026947 0.14486754966887416 0.017088399605652317 0.07119205298013245
0 0.20604666447584621 0.14403973509933773 0.020374630299046993 0.08940397350993377
0 0.17844232665133092 0.13410596026490065 0.020374630299046993 0.07947019867549669
0 0.14886625041077883 0.13327814569536423 0.0223463687150838 0.12417218543046357
0 0.3407821229050279 0.4602649006622517 0.018402891883010187 0.09602649006622517
0 0.3164640157739073 0.47019867549668876 0.028261583963194215 0.12251655629139073
0 0.291981597108117 0.46357615894039733 0.027275714755175814 0.1423841059602649
0 0.26782780151166613 0.46688741721854304 0.017088399605652317 0.08940397350993377
0 0.23940190601380218 0.46771523178807944 0.02070325336838646 0.08443708609271523
0 0.21393361813999343 0.4685430463576159 0.017088399605652317 0.07947019867549669
0 0.18649359185014788 0.45778145695364236 0.027275714755175814 0.11423841059602649
0 0.15872494249096286 0.4594370860927152 0.019060138021689123 0.13410596026490065
0 0.31794281958593495 0.7913907284768212 0.02201774564574433 0.08940397350993377
0 0.29083141636542886 0.7955298013245033 0.02103187643772593 0.09105960264900662
0 0.26207689779822546 0.7839403973509934 0.020046007229707525 0.07781456953642384
0 0.04255668747946106 0.13327814569536423 0.015445284258954979 0.09768211920529801
0 0.06983240223463687 0.13741721854304637 0.025303976339139007 0.1291390728476821
0 0.09415050936575747 0.13410596026490065 0.0233322379231022 0.10927152317880795
0 0.1219191587249425 0.12996688741721854 0.023003614853762733 0.10099337748344371
0 0.1355570161025304 0.4644039735099338 0.014130791981597108 0.08774834437086093
0 0.10647387446598751 0.45778145695364236 0.017088399605652317 0.06788079470198675
0 0.0826487019388761 0.4652317880794702 0.02924745317121262 0.09933774834437085
0 0.05488005257969109 0.45281456953642385 0.026947091685836345 0.1076158940397351
0 0.029083141636542884 0.4652317880794702 0.022674991784423268 0.1390728476821192
0 0.026618468616496877 0.777317880794702 0.019060138021689123 0.09768211920529801
0 0.054387117975681895 0.7740066225165563 0.020046007229707525 0.10430463576158941
0 0.08429181728557344 0.7756622516556292 0.020046007229707525 0.11092715231788079
0 0.10548800525796911 0.7806291390728477 0.015773907328294447 0.08443708609271523
0 0.13424252382517252 0.7839403973509934 0.021360499507065395 0.12748344370860928
0 0.15856063095629314 0.7913907284768212 0.020046007229707525 0.12582781456953643
0 0.18287873808741373 0.7847682119205298 0.014788038120276044 0.076158940397351
0 0.21064738744659875 0.7872516556291391 0.015773907328294447 0.061258278145695365
0 0.23825172527111405 0.7855960264900662 0.019717384160368057 0.09768211920529801
0 0.4227735787052251 0.7938741721854304 0.02070325336838646 0.11092715231788079
