0 0.9818731117824774 0.8101449275362319 0.00906344410876133 0.043478260869565216
0 0.961631419939577 0.8028985507246377 0.013293051359516616 0.06086956521739131
0 0.9373111782477341 0.8 0.008157099697885197 0.043478260869565216
0 0.91404833836858 0.7992753623188406 0.005740181268882176 0.03333333333333333
0 0.8873111782477341 0.7971014492753623 0.0072507552870090634 0.06376811594202898
0 0.8645015105740181 0.782608695652174 0.011782477341389729 0.06086956521739131
0 0.8429003021148036 0.777536231884058 0.01027190332326284 0.050724637681159424
0 0.8151057401812689 0.7768115942028986 0.009667673716012085 0.04927536231884058
0 0.8326283987915408 0.5181159420289855 0.00906344410876133 0.0536231884057971
0 0.8545317220543807 0.5195652173913043 0.009969788519637462 0.0536231884057971
0 0.88202416918429 0.5289855072463768 0.008157099697885197 0.04057971014492753
0 0.9054380664652568 0.532608695652174 0.009667673716012085 0.0391304347826087
0 0.9303625377643504 0.5333333333333333 0.009365558912386707 0.05217391304347826
0 0.9802114803625378 0.5471014492753623 0.009365558912386707 0.04492753623188406
0 0.9764350453172206 0.26159420289855073 0.012688821752265862 0.05652173913043478
0 0.9315709969788519 0.263768115942029 0.008761329305135951 0.06086956521739131
0 0.9080060422960725 0.2579710144927536 0.009969788519637462 0.0463768115942029
0 0.8833836858006042 0.24710144927536232 0.00785498489425982 0.0536231884057971
0 0.8557401812688822 0.2427536231884058 0.011178247734138972 0.04782608695652174
0 0.8317220543806646 0.2427536231884058 0.012084592145015106 0.050724637681159424
0 0.804380664652568 0.2398550724637681 0.011782477341389729 0.0536231884057971
0 0.7818731117824773 0.23405797101449274 0.00785498489425982 0.059420289855072465
0 0.7909365558912387 0.7768115942028986 0.00906344410876133 0.06376811594202898
0 0.7968277945619335 0.5108695652173914 0.008761329305135951 0.0536231884057971
0 0.7809667673716012 0.5152173913043478 0.00906344410876133 0.06231884057971015
0 0.7622356495468278 0.7746376811594203 0.00906344410876133 0.04492753623188406
0 0.7531722054380665 0.5014492753623189 0.010876132930513595 0.05507246376811594
0 0.7534743202416918 0.23115942028985506 0.013293051359516616 0.07101449275362319
0 0.7323262839879154 0.22608695652173913 0.01027190332326284 0.08115942028985507
0 0.7329305135951661 0.4985507246376812 0.014501510574018127 0.07246376811594203
0 0.7368580060422961 0.7673913043478261 0.00906344410876133 0.04782608695652174
0 0.7149546827794562 0.7594202898550725 0.011178247734138972 0.06376811594202898
0 0.686404833836858 0.755072463768116 0.01027190332326284 0.05217391304347826
0 0.7072507552870091 0.48985507246376814 0.012084592145015106 0.057971014492753624
0 0.7087613293051359 0.21594202898550724 0.013293051359516616 0.06086956521739131
0 0.6800604229607251 0.2072463768115942 0.011480362537764351 0.05507246376811594
0 0.6783987915407855 0.48478260869565215 0.010574018126888218 0.042028985507246375
0 0.659214501510574 0.4789855072463768 0.012084592145015106 0.059420289855072465
0 0.6634441087613293 0.758695652173913 0.00906344410876133 0.050724637681159424
0 0.6577039274924471 0.21014492753623187 0.013897280966767372 0.06666666666666667
0 0.6327794561933535 0.19492753623188405 0.01540785498489426 0.059420289855072465
0 0.6345921450151057 0.47101449275362317 0.009969788519637462 0.034782608695652174
0 0.6365558912386707 0.7514492753623189 0.00785498489425982 0.042028985507246375
0 0.6163141993957704 0.7442028985507246 0.00906344410876133 0.05652173913043478
0 0.6140483383685801 0.4688405797101449 0.009969788519637462 0.0536231884057971
0 0.6086102719033233 0.19710144927536233 0.012386706948640483 0.06666666666666667
0 0.5916918429003021 0.7463768115942029 0.008761329305135951 0.03768115942028986
0 0.5879154078549849 0.47391304347826085 0.0072507552870090634 0.0463768115942029
0 0.5879154078549849 0.19057971014492753 0.012688821752265862 0.06521739130434782
0 0.5631419939577039 0.19420289855072465 0.013293051359516616 0.04927536231884058
0 0.5404833836858006 0.1855072463768116 0.009667673716012085 0.04927536231884058
0 0.5361027190332326 0.45869565217391306 0.008157099697885197 0.04782608695652174
0 0.5151057401812689 0.4543478260869565 0.009667673716012085 0.04782608695652174
0 0.4892749244712991 0.4434782608695652 0.009969788519637462 0.05217391304347826
0 0.4648036253776435 0.4463768115942029 0.009365558912386707 0.05217391304347826
0 0.44018126888217524 0.4369565217391304 0.011480362537764351 0.059420289855072465
0 0.5161631419939577 0.1782608695652174 0.009365558912386707 0.057971014492753624
0 0.4889728096676737 0.17753623188405798 0.008761329305135951 0.06811594202898551
0 0.4672205438066465 0.16884057971014493 0.011178247734138972 0.04782608695652174
0 0.43564954682779455 0.16304347826086957 0.013293051359516616 0.0536231884057971
0 0.5205438066465257 0.7253623188405797 0.01027190332326284 0.07681159420289856
0 0.49501510574018126 0.7217391304347827 0.009365558912386707 0.0463768115942029
0 0.46963746223564956 0.7152173913043478 0.009365558912386707 0.050724637681159424
0 0.44123867069486405 0.7166666666666667 0.0075528700906344415 0.036231884057971016
0 0.41933534743202416 0.7036231884057971 0.012688821752265862 0.05652173913043478
0 0.3950151057401813 0.7057971014492753 0.0075528700906344415 0.04057971014492753
0 0.4114803625377644 0.4398550724637681 0.0072507552870090634 0.042028985507246375
0 0.39123867069486407 0.43043478260869567 0.011480362537764351 0.057971014492753624
0 0.4105740181268882 0.16666666666666666 0.011480362537764351 0.05217391304347826
0 0.390785498489426 0.1608695652173913 0.012990936555891239 0.07246376811594203
0 0.3448640483383686 0.14565217391304347 0.0075528700906344415 0.042028985507246375
0 0.3220543806646526 0.14420289855072463 0.012688821752265862 0.0536231884057971
0 0.29516616314199395 0.13695652173913042 0.01027190332326284 0.0536231884057971
0 0.3376132930513595 0.42246376811594205 0.013595166163141994 0.07971014492753623
0 0.32099697885196377 0.4108695652173913 0.014803625377643504 0.06521739130434782
0 0.29622356495468277 0.41231884057971013 0.011178247734138972 0.059420289855072465
0 0.37250755287009063 0.7086956521739131 0.011480362537764351 0.07246376811594203
0 0.35075528700906344 0.6891304347826087 0.011480362537764351 0.059420289855072465
0 0.3282477341389728 0.6920289855072463 0.012386706948640483 0.07101449275362319
0 0.30604229607250755 0.6869565217391305 0.010876132930513595 0.06086956521739131
0 0.27900302114803627 0.6869565217391305 0.011178247734138972 0.05507246376811594
0 0.25211480362537764 0.672463768115942 0.011782477341389729 0.0463768115942029
0 0.22779456193353476 0.6666666666666666 0.008459214501510574 0.0463768115942029
0 0.20196374622356494 0.6688405797101449 0.010574018126888218 0.0536231884057971
0 0.2719033232628399 0.40869565217391307 0.010876132930513595 0.05507246376811594
0 0.24561933534743202 0.40652173913043477 0.01027190332326284 0.059420289855072465
0 0.22054380664652568 0.39710144927536234 0.01027190332326284 0.04927536231884058
0 0.19501510574018127 0.391304347826087 0.012386706948640483 0.05217391304347826
0 0.17129909365558912 0.39202898550724635 0.01027190332326284 0.04782608695652174
0 0.14531722054380664 0.38768115942028986 0.012688821752265862 0.05652173913043478
0 0.2720543806646526 0.12608695652173912 0.011178247734138972 0.06086956521739131
0 0.24818731117824774 0.12391304347826088 0.016012084592145016 0.05652173913043478
0 0.2202416918429003 0.12391304347826088 0.00906344410876133 0.050724637681159424
0 0.19486404833836857 0.11811594202898551 0.0072507552870090634 0.050724637681159424
0 0.17220543806646527 0.11521739130434783 0.01027190332326284 0.06231884057971015
0 0.14697885196374622 0.11159420289855072 0.011782477341389729 0.06086956521739131
0 0.15060422960725076 0.6471014492753623 0.011782477341389729 0.06231884057971015
0 0.12734138972809667 0.6492753623188405 0.009365558912386707 0.03768115942028986
0 0.12537764350453173 0.38405797101449274 0.009667673716012085 0.0463768115942029
0 0.09773413897280966 0.372463768115942 0.01661631419939577 0.06956521739130435
0 0.12190332326283988 0.10942028985507246 0.0075528700906344415 0.03333333333333333
0 0.09924471299093655 0.10434782608695652 0.012990936555891239 0.057971014492753624
0 0.1042296072507553 0.6434782608695652 0.010876132930513595 0.043478260869565216
0 0.0782477341389728 0.6376811594202898 0.012688821752265862 0.05507246376811594
0 0.05830815709969789 0.6282608695652174 0.013293051359516616 0.042028985507246375
0 0.030513595166163143 0.6268115942028986 0.012688821752265862 0.07971014492753623
0 0.0768882175226586 0.3681159420289855 0.011782477341389729 0.043478260869565216
0 0.050302114803625377 0.3644927536231884 0.012386706948640483 0.06231884057971015
0 0.07401812688821752 0.10434782608695652 0.010876132930513595 0.057971014492753624
0 0.05060422960725076 0.0927536231884058 0.012990936555891239 0.07246376811594203
