0 0.4486725663716814 0.20425029515938606 0.018289085545722714 0.03305785123966942
0 0.4303834808259587 0.35714285714285715 0.038348082595870206 0.021251475796930343
0 0.4896755162241888 0.06463990554899646 0.00943952802359882 0.027744982290436836
0 0.8262536873156342 0.935064935064935 0.005309734513274336 0.020070838252656435
0 0.42802359882005897 0.4896694214876033 0.04070796460176991 0.011216056670602124
0 0.40058997050147493 0.35330578512396693 0.01415929203539823 0.027744982290436836
0 0.3407079646017699 0.3577331759149941 0.02536873156342183 0.025974025974025976
0 0.7533923303834809 0.21133412042502953 0.03303834808259587 0.024793388429752067
0 0.6890855457227139 0.0690672963400236 0.007079646017699115 0.014167650531286895
0 0.7622418879056048 0.3665879574970484 0.03775811209439528 0.011806375442739079
0 0.592330383480826 0.4949822904368359 0.016519174041297935 0.027744982290436836
0 0.42743362831858406 0.7774498229043684 0.018289085545722714 0.02243211334120425
0 0.8831858407079646 0.5032467532467533 0.016519174041297935 0.04073199527744982
0 0.8545722713864307 0.3547815820543093 0.027728613569321534 0.02715466351829988
0 0.17227138643067846 0.4923258559622196 0.016519174041297935 0.03305785123966942
0 0.4766961651917404 0.7736127508854782 0.01415929203539823 0.02066115702479339
0 0.0303834808259587 0.05785123966942149 0.02064896755162242 0.010625737898465172
0 0.8943952802359882 0.365702479338843 0.022418879056047197 0.027744982290436836
0 0.026253687315634218 0.4867178276269185 0.032448377581120944 0.02538370720188902
0 0.8457227138643068 0.500590318772137 0.02064896755162242 0.03305785123966942
0 0.5887905604719764 0.20720188902007083 0.025958702064896755 0.018890200708382526
0 0.08436578171091445 0.6195395513577332 0.020058997050147492 0.024203069657615112
0 0.8890855457227138 0.6331168831168831 0.025958702064896755 0.027744982290436836
0 0.9070796460176991 0.22255017709563163 0.02064896755162242 0.02833530106257379
0 0.3654867256637168 0.9270956316410862 0.019469026548672566 0.01829988193624557
0 0.023303834808259587 0.7715466351829988 0.028908554572271386 0.023612750885478158
0 0.13126843657817108 0.2039551357733176 0.01710914454277286 0.024203069657615112
0 0.27079646017699116 0.7733175914994097 0.027138643067846607 0.02715466351829988
0 0.9528023598820059 0.06965761511216056 0.00943952802359882 0.014167650531286895
0 0.5424778761061947 0.07113341204250295 0.012389380530973451 0.026564344746162927
0 0.6274336283185841 0.6298701298701299 0.0359882005899705 0.012987012987012988
0 0.6371681415929203 0.7789256198347108 0.017699115044247787 0.024203069657615112
0 0.5890855457227139 0.06139315230224321 0.007669616519174041 0.021251475796930343
0 0.07787610619469026 0.19539551357733176 0.021238938053097345 0.025974025974025976
0 0.07168141592920355 0.7706611570247934 0.03008849557522124 0.017119244391971666
0 0.9427728613569322 0.21428571428571427 0.017699115044247787 0.03423848878394333
0 0.23215339233038348 0.20602125147579692 0.03716814159292035 0.015348288075560802
0 0.935693215339233 0.5002951593860685 0.011799410029498525 0.026564344746162927
0 0.5796460176991151 0.3612750885478158 0.013569321533923304 0.010625737898465172
0 0.9374631268436578 0.3680637544273908 0.007079646017699115 0.03364817001180637
0 0.6386430678466076 0.07319952774498228 0.01592920353982301 0.020070838252656435
0 0.6404129793510325 0.4952774498229044 0.019469026548672566 0.03659976387249114
0 0.8333333333333334 0.6357733175914995 0.02536873156342183 0.01770956316410862
0 0.016519174041297935 0.922077922077922 0.017699115044247787 0.018890200708382526
0 0.2575221238938053 0.922668240850059 0.027728613569321534 0.014167650531286895
0 0.7410029498525074 0.5 0.01415929203539823 0.02715466351829988
0 0.5274336283185841 0.4884887839433294 0.015339233038348082 0.03482880755608028
0 0.48525073746312686 0.6289846517119244 0.03008849557522124 0.015938606847697757
0 0.7979351032448377 0.5017709563164109 0.02064896755162242 0.031877213695395513
0 0.9179941002949853 0.9400826446280992 0.008259587020648967 0.021841794569067298
0 0.27817109144542773 0.4911452184179457 0.023008849557522124 0.020070838252656435
0 0.0705014749262537 0.9120425029515938 0.01592920353982301 0.023612750885478158
0 0.022123893805309734 0.3447461629279811 0.01710914454277286 0.018890200708382526
0 0.7224188790560472 0.943034238488784 0.014749262536873156 0.02066115702479339
0 0.7474926253687315 0.7783353010625738 0.024778761061946902 0.02538370720188902
0 0.8348082595870207 0.7895513577331759 0.015339233038348082 0.03364817001180637
0 0.02064896755162242 0.6168831168831169 0.024778761061946902 0.012987012987012988
0 0.8755162241887906 0.9368358913813459 0.008259587020648967 0.024793388429752067
0 0.22271386430678466 0.769185360094451 0.027728613569321534 0.023612750885478158
0 0.2430678466076696 0.05696576151121606 0.016519174041297935 0.01357733175914994
0 0.7766961651917405 0.9309327036599764 0.012389380530973451 0.021251475796930343
0 0.2887905604719764 0.3592089728453365 0.01710914454277286 0.028925619834710745
0 0.3415929203539823 0.06729634002361275 0.027138643067846607 0.0059031877213695395
0 0.11651917404129794 0.7733175914994097 0.008849557522123894 0.0295159386068477
0 0.22654867256637168 0.4873081463990555 0.016519174041297935 0.021841794569067298
0 0.7905604719764012 0.3745572609208973 0.01415929203539823 0.02066115702479339
0 0.2902654867256637 0.05519480519480519 0.017699115044247787 0.017119244391971666
0 0.5825958702064897 0.7730224321133412 0.023008849557522124 0.015938606847697757
0 0.6300884955752213 0.3662927981109799 0.02359882005899705 0.023022432113341203
0 0.7020648967551623 0.2089728453364817 0.02831858407079646 0.018890200708382526
0 0.38672566371681416 0.6263282172373081 0.006489675516224189 0.014167650531286895
0 0.17168141592920355 0.6251475796930342 0.022418879056047197 0.020070838252656435
0 0.9707964601769912 0.9477567886658795 0.008849557522123894 0.03128689492325856
0 0.8752212389380531 0.7910271546635183 0.03480825958702065 0.012987012987012988
0 0.38495575221238937 0.48406139315230223 0.023008849557522124 0.014167650531286895
0 0.51976401179941 0.9335891381345927 0.016519174041297935 0.026564344746162927
0 0.6958702064896756 0.3692443919716647 0.024188790560471976 0.01357733175914994
0 0.49557522123893805 0.2139905548996458 0.016519174041297935 0.03010625737898465
0 0.5539823008849557 0.21074380165289255 0.015339233038348082 0.03305785123966942
0 0.5374631268436578 0.3565525383707202 0.024778761061946902 0.008264462809917356
0 0.128023598820059 0.4852420306965762 0.016519174041297935 0.03305785123966942
0 0.3775811209439528 0.7806965761511216 0.01415929203539823 0.02538370720188902
0 0.12979351032448377 0.34946871310507677 0.02359882005899705 0.030696576151121605
0 0.8126843657817109 0.21782762691853602 0.024188790560471976 0.0295159386068477
0 0.28466076696165193 0.20631641086186542 0.01710914454277286 0.027744982290436836
0 0.5787610619469027 0.6289846517119244 0.020058997050147492 0.01948051948051948
0 0.6530973451327433 0.21635182998819363 0.011799410029498525 0.028925619834710745
0 0.07846607669616519 0.48435655253837073 0.01887905604719764 0.02066115702479339
0 0.6811209439528023 0.782172373081464 0.019469026548672566 0.011806375442739079
0 0.8560471976401179 0.21251475796930341 0.030678466076696165 0.018890200708382526
0 0.3345132743362832 0.6269185360094451 0.02359882005899705 0.021251475796930343
0 0.787905604719764 0.7839433293978748 0.014749262536873156 0.0295159386068477
0 0.3407079646017699 0.49085005903187723 0.012389380530973451 0.03010625737898465
0 0.2247787610619469 0.3509445100354191 0.020058997050147492 0.023022432113341203
0 0.08200589970501475 0.3474025974025974 0.021238938053097345 0.02066115702479339
0 0.3454277286135693 0.20218417945690673 0.019469026548672566 0.017119244391971666
0 0.5294985250737463 0.7827626918536009 0.02654867256637168 0.015348288075560802
0 0.27640117994100294 0.6204250295159386 0.019469026548672566 0.0295159386068477
0 0.16666666666666666 0.7706611570247934 0.023008849557522124 0.02066115702479339
0 0.38908554572271387 0.2066115702479339 0.014749262536873156 0.02715466351829988
0 0.9398230088495575 0.6378394332939787 0.021238938053097345 0.02066115702479339
0 0.32890855457227136 0.7742030696576151 0.012389380530973451 0.028925619834710745
0 0.22330383480825958 0.6316410861865407 0.01710914454277286 0.02715466351829988
0 0.5371681415929204 0.6310507674144038 0.02064896755162242 0.023612750885478158
0 0.9814159292035398 0.22018890200708383 0.028908554572271386 0.008264462809917356
0 0.7433628318584071 0.07349468713105077 0.025958702064896755 0.012396694214876033
0 0.44424778761061945 0.0667060212514758 0.015339233038348082 0.009445100354191263
0 0.4941002949852507 0.35330578512396693 0.02536873156342183 0.048996458087367176
0 0.9817109144542773 0.6337072018890201 0.011799410029498525 0.01829988193624557
