0 0.9518300378628524 0.16176470588235295 0.02902818679007152 0.10681114551083591
0 0.923012200252419 0.16873065015479877 0.027766091712242324 0.11455108359133127
0 0.8908287757677745 0.16718266253869968 0.0357593605384939 0.12074303405572756
0 0.8542280185107278 0.184984520123839 0.04249053428691628 0.12848297213622292
0 0.8163651661758519 0.18962848297213622 0.04249053428691628 0.11919504643962849
0 0.7854438367690366 0.19427244582043343 0.02440050483803113 0.15944272445820434
0 0.7606226335717291 0.19117647058823528 0.03954564577198149 0.1780185758513932
0 0.7191838451830038 0.1996904024767802 0.03155237694572991 0.10835913312693499
0 0.6886832141354648 0.2089783281733746 0.03954564577198149 0.13003095975232198
0 0.6485065208245688 0.2089783281733746 0.041649137568363484 0.13622291021671826
0 0.6159023979806478 0.21671826625386997 0.0361800588977703 0.16408668730650156
0 0.579091291543963 0.22755417956656346 0.03155237694572991 0.11455108359133127
0 0.548590660496424 0.22910216718266255 0.0353386621792175 0.12693498452012383
0 0.5105174589819099 0.23374613003095976 0.034917963819941104 0.13312693498452013
0 0.47875473285654185 0.23761609907120743 0.030290281867900715 0.13777089783281735
0 0.4413125788809424 0.2476780185758514 0.0361800588977703 0.17337461300309598
0 0.4045014724442575 0.25386996904024767 0.03912494741270509 0.13312693498452013
0 0.37210769877997474 0.2647058823529412 0.02145561632309634 0.10835913312693499
0 0.33340344972654606 0.2708978328173375 0.03828355069415229 0.17027863777089783
0 0.9690786705931846 0.4342105263157895 0.0357593605384939 0.14396284829721362
0 0.935633151030711 0.43962848297213625 0.031131678586453514 0.1393188854489164
0 0.9082877576777451 0.4388544891640867 0.026924694993689526 0.12229102167182662
0 0.871266302061422 0.4520123839009288 0.05132519983172066 0.12074303405572756
0 0.8319310054690787 0.45278637770897834 0.030710980227177113 0.14086687306501547
0 0.7997475809844342 0.4744582043343653 0.0353386621792175 0.15944272445820434
0 0.7623054270088346 0.4760061919504644 0.019352124526714348 0.07894736842105263
0 0.7353807320151451 0.4791021671826625 0.03786285233487589 0.1563467492260062
0 0.6966764829617165 0.4775541795665635 0.04880100967606226 0.14705882352941177
0 0.6573411863693731 0.5030959752321982 0.04501472444257468 0.15170278637770898
0 0.6192679848548591 0.49922600619195046 0.03281447202355911 0.15325077399380804
0 0.5830879259570888 0.5 0.03954564577198149 0.11764705882352941
0 0.550694152292806 0.5123839009287926 0.031131678586453514 0.11455108359133127
0 0.48317206562894405 0.5139318885448917 0.02818679007151872 0.1238390092879257
0 0.5170382835506941 0.5185758513931888 0.010096760622633571 0.030959752321981424
0 0.45077829196466135 0.5278637770897833 0.036600757257046694 0.1021671826625387
0 0.4194362641985696 0.5247678018575851 0.03281447202355911 0.12693498452012383
0 0.3838872528397139 0.5239938080495357 0.04333193100546908 0.15015479876160992
0 0.353386621792175 0.5371517027863777 0.04459402608329827 0.14241486068111456
0 0.9444678165755154 0.7291021671826625 0.038704249053428695 0.1609907120743034
0 0.9076567101388304 0.7321981424148607 0.03912494741270509 0.17647058823529413
0 0.8746318889356332 0.7507739938080495 0.03954564577198149 0.17027863777089783
0 0.8441312578880943 0.7407120743034056 0.0340765671013883 0.19040247678018576
0 0.8062684055532183 0.7561919504643962 0.02818679007151872 0.07894736842105263
0 0.7694572991165335 0.7546439628482973 0.03786285233487589 0.09752321981424149
0 0.7383256205300799 0.771671826625387 0.031131678586453514 0.12538699690402477
0 0.7082456878418174 0.7577399380804953 0.04585612116112747 0.13157894736842105
0 0.671855279764409 0.7755417956656346 0.038704249053428695 0.11455108359133127
0 0.6306268405553218 0.7778637770897833 0.038704249053428695 0.12229102167182662
0 0.5963399242742954 0.7825077399380805 0.036600757257046694 0.1346749226006192
0 0.5612116112747161 0.7902476780185759 0.03197307530500631 0.16253869969040247
0 0.5267143458140513 0.7972136222910217 0.011779554059739168 0.043343653250773995
0 0.4943205721497686 0.8026315789473685 0.031131678586453514 0.10371517027863777
0 0.46255784602440053 0.8034055727554179 0.032393773664282706 0.12693498452012383
0 0.429322675641565 0.8188854489164087 0.034917963819941104 0.1238390092879257
0 0.3906184265881363 0.8212074303405573 0.04080774084981069 0.10681114551083591
0 0.30858224652923855 0.2647058823529412 0.02818679007151872 0.13622291021671826
0 0.2728228859907446 0.2755417956656347 0.044173327724021876 0.1393188854489164
0 0.23138409760201936 0.27941176470588236 0.0344972654606647 0.15015479876160992
0 0.19604543542280184 0.2825077399380805 0.038704249053428695 0.1563467492260062
0 0.16281026503996635 0.30030959752321984 0.02440050483803113 0.09597523219814241
0 0.13020614219604543 0.30340557275541796 0.03912494741270509 0.13003095975232198
0 0.09612957509465712 0.3080495356037152 0.03323517038283551 0.15479876160990713
0 0.061421960454354226 0.30572755417956654 0.0353386621792175 0.1130030959752322
0 0.02902818679007152 0.2995356037151703 0.038704249053428695 0.13777089783281735
0 0.31152713504417334 0.5441176470588235 0.03828355069415229 0.17182662538699692
0 0.27450567942785026 0.5495356037151703 0.04080774084981069 0.11455108359133127
0 0.2433740008413967 0.5479876160990712 0.034917963819941104 0.15789473684210525
0 0.2128733697938578 0.5580495356037152 0.0361800588977703 0.1130030959752322
0 0.1783761043331931 0.5681114551083591 0.0353386621792175 0.1238390092879257
0 0.14114429953723182 0.5712074303405573 0.04249053428691628 0.1393188854489164
0 0.10685738325620531 0.5688854489164087 0.0353386621792175 0.17182662538699692
0 0.07467395877156079 0.5890092879256966 0.032393773664282706 0.14705882352941177
0 0.044383676903660074 0.5843653250773994 0.0340765671013883 0.16253869969040247
0 0.355490113588557 0.8281733746130031 0.038704249053428695 0.1238390092879257
0 0.3197307530500631 0.8250773993808049 0.0344972654606647 0.11764705882352941
0 0.2850231384097602 0.8343653250773994 0.0357593605384939 0.11455108359133127
0 0.2484223811527135 0.8390092879256966 0.041649137568363484 0.1238390092879257
0 0.2191838451830038 0.8413312693498453 0.030290281867900715 0.14396284829721362
0 0.15250315523769456 0.8560371517027864 0.032393773664282706 0.15479876160990713
0 0.08666386201093816 0.8738390092879257 0.0370214556163231 0.11919504643962849
0 0.051114850652082454 0.8630030959752322 0.041649137568363484 0.11919504643962849
