0 0.972396486825596 0.7112676056338029 0.020075282308657464 0.12323943661971831
0 0.9513801756587202 0.7235915492957746 0.01631116687578419 0.11267605633802817
0 0.9314617314930991 0.721830985915493 0.0185069008782936 0.11619718309859155
0 0.8993099121706399 0.7288732394366197 0.01631116687578419 0.08450704225352113
0 0.8732747804265998 0.7315140845070423 0.01191969887076537 0.07570422535211267
0 0.8528858218318696 0.7350352112676056 0.013801756587202008 0.07922535211267606
0 0.8270075282308658 0.7253521126760564 0.014115432873274781 0.08450704225352113
0 0.803952321204517 0.7411971830985915 0.01819322459222083 0.08450704225352113
0 0.7807402760351317 0.7464788732394366 0.018820577164366373 0.09154929577464789
0 0.7575282308657465 0.7464788732394366 0.016938519447929738 0.11267605633802817
0 0.9728670012547052 0.3987676056338028 0.0185069008782936 0.07922535211267606
0 0.946047678795483 0.4014084507042254 0.01631116687578419 0.08450704225352113
0 0.9237766624843162 0.40316901408450706 0.013174404015056462 0.08098591549295775
0 0.8953889585947302 0.3996478873239437 0.011606022584692597 0.06690140845070422
0 0.8724905897114178 0.40316901408450706 0.014742785445420327 0.06690140845070422
0 0.8499058971141782 0.40933098591549294 0.015370138017565873 0.09330985915492958
0 0.823086574654956 0.4119718309859155 0.01631116687578419 0.1056338028169014
0 0.8037954830614805 0.4154929577464789 0.014742785445420327 0.07746478873239436
0 0.7780740276035132 0.41901408450704225 0.01725219573400251 0.08450704225352113
0 0.9639272271016311 0.0818661971830986 0.013174404015056462 0.0897887323943662
0 0.9407151819322459 0.07746478873239436 0.016938519447929738 0.09154929577464789
0 0.9173462986198243 0.08098591549295775 0.015370138017565873 0.07746478873239436
0 0.886762860727729 0.09066901408450705 0.01191969887076537 0.0721830985915493
0 0.8677854454203262 0.09507042253521127 0.016624843161856962 0.07746478873239436
0 0.8447302383939774 0.08890845070422536 0.016938519447929738 0.0897887323943662
0 0.8174404015056461 0.11091549295774648 0.015056461731493099 0.08098591549295775
0 0.7283563362609786 0.7517605633802817 0.018820577164366373 0.07746478873239436
0 0.7063989962358845 0.7588028169014085 0.01631116687578419 0.07042253521126761
0 0.6856963613550816 0.7588028169014085 0.01819322459222083 0.08450704225352113
0 0.6596612296110415 0.7552816901408451 0.01631116687578419 0.12323943661971831
0 0.6373902132998746 0.7640845070422535 0.01819322459222083 0.10915492957746478
0 0.7540777917189461 0.4234154929577465 0.01631116687578419 0.08274647887323944
0 0.7278858218318696 0.4278169014084507 0.015997490589711418 0.09507042253521127
0 0.7031053952321205 0.4242957746478873 0.019134253450439148 0.08450704225352113
0 0.6778544542032622 0.4357394366197183 0.016938519447929738 0.07570422535211267
0 0.6562107904642409 0.43838028169014087 0.01191969887076537 0.06338028169014084
0 0.6331555834378921 0.43661971830985913 0.019134253450439148 0.09507042253521127
0 0.7710163111668757 0.10827464788732394 0.015683814303638646 0.08274647887323944
0 0.7454516938519448 0.11179577464788733 0.02038895859473024 0.10035211267605634
0 0.7202007528230866 0.11091549295774648 0.01191969887076537 0.07394366197183098
0 0.6951066499372648 0.11619718309859155 0.016938519447929738 0.09154929577464789
0 0.6515056461731493 0.12411971830985916 0.014429109159347553 0.08626760563380281
0 0.6235884567126725 0.12764084507042253 0.014429109159347553 0.09330985915492958
0 0.6027289836888331 0.13028169014084506 0.014742785445420327 0.07746478873239436
0 0.5777917189460476 0.1267605633802817 0.018820577164366373 0.10915492957746478
0 0.551913425345044 0.14084507042253522 0.016624843161856962 0.10211267605633803
0 0.5304265997490589 0.14964788732394366 0.01756587202007528 0.08098591549295775
0 0.5025094102885822 0.1487676056338028 0.01756587202007528 0.0897887323943662
0 0.47882685069008785 0.14612676056338028 0.013488080301129234 0.08098591549295775
0 0.4527917189460477 0.1426056338028169 0.013488080301129234 0.09507042253521127
0 0.4295796737766625 0.15316901408450703 0.014115432873274781 0.09154929577464789
0 0.407465495608532 0.15845070422535212 0.012547051442910916 0.0880281690140845
0 0.38848808030112925 0.16549295774647887 0.022898368883312422 0.1267605633802817
0 0.36088456712672523 0.16725352112676056 0.017879548306148057 0.08450704225352113
0 0.33877038895859474 0.17077464788732394 0.02132998745294856 0.1056338028169014
0 0.3146173149309912 0.16109154929577466 0.020075282308657464 0.1073943661971831
0 0.291405269761606 0.16109154929577466 0.01819322459222083 0.1073943661971831
0 0.26693851944792973 0.17341549295774647 0.02132998745294856 0.12147887323943662
0 0.24372647427854455 0.17693661971830985 0.01191969887076537 0.04753521126760563
0 0.21816185696361354 0.17517605633802816 0.016624843161856962 0.09683098591549295
0 0.20043914680050187 0.1936619718309859 0.01944792973651192 0.10915492957746478
0 0.1736198243412798 0.18397887323943662 0.016624843161856962 0.07922535211267606
0 0.14993726474278546 0.19014084507042253 0.01756587202007528 0.0880281690140845
0 0.13048933500627352 0.18661971830985916 0.012547051442910916 0.11971830985915492
0 0.6104140526976161 0.4410211267605634 0.01631116687578419 0.10387323943661972
0 0.6088456712672522 0.7640845070422535 0.018820577164366373 0.10915492957746478
0 0.5848494353826851 0.761443661971831 0.016624843161856962 0.09330985915492958
0 0.5617942283563363 0.7702464788732394 0.01631116687578419 0.07922535211267606
0 0.5340338770388958 0.7552816901408451 0.023525721455457966 0.1267605633802817
0 0.488237139272271 0.778169014084507 0.012860727728983688 0.0880281690140845
0 0.46016311166875784 0.7764084507042254 0.011292346298619825 0.0880281690140845
0 0.4375784190715182 0.7790492957746479 0.015683814303638646 0.08626760563380281
0 0.419228356336261 0.7834507042253521 0.014115432873274781 0.09507042253521127
0 0.5853199498117942 0.44366197183098594 0.01631116687578419 0.0880281690140845
0 0.5624215809284818 0.4524647887323944 0.013801756587202008 0.08098591549295775
0 0.5340338770388958 0.44278169014084506 0.014115432873274781 0.0897887323943662
0 0.510978670012547 0.4595070422535211 0.01756587202007528 0.10211267605633803
0 0.4821204516938519 0.45774647887323944 0.01631116687578419 0.10211267605633803
0 0.4388331242158093 0.4665492957746479 0.02070263488080301 0.09859154929577464
0 0.4138958594730238 0.4612676056338028 0.015370138017565873 0.0880281690140845
0 0.39256587202007526 0.46919014084507044 0.019761606022584692 0.08274647887323944
0 0.39852572145545795 0.7834507042253521 0.014742785445420327 0.08450704225352113
0 0.3691969887076537 0.7878521126760564 0.02132998745294856 0.10035211267605634
0 0.3480238393977415 0.7940140845070423 0.02038895859473024 0.13380281690140844
0 0.34771016311166875 0.46830985915492956 0.017879548306148057 0.11267605633802817
0 0.3273212045169385 0.7984154929577465 0.015370138017565873 0.1073943661971831
0 0.3025407779171895 0.7948943661971831 0.017879548306148057 0.09683098591549295
0 0.27713299874529485 0.8028169014084507 0.016624843161856962 0.1056338028169014
0 0.25203889585947303 0.7948943661971831 0.013488080301129234 0.07570422535211267
0 0.22882685069008782 0.7975352112676056 0.015997490589711418 0.08450704225352113
0 0.20592848180677542 0.8045774647887324 0.012860727728983688 0.09154929577464789
0 0.18381430363864493 0.8125 0.01191969887076537 0.1073943661971831
0 0.16138644918444164 0.8072183098591549 0.015997490589711418 0.09330985915492958
0 0.30003136762860727 0.4762323943661972 0.0185069008782936 0.10035211267605634
0 0.2746235884567127 0.48327464788732394 0.0185069008782936 0.13204225352112675
0 0.25282308657465496 0.4859154929577465 0.015683814303638646 0.09154929577464789
0 0.22945420326223337 0.48063380281690143 0.022271016311166875 0.10915492957746478
0 0.20922208281053953 0.49295774647887325 0.01631116687578419 0.08450704225352113
0 0.18569636135508155 0.48151408450704225 0.015056461731493099 0.11091549295774648
0 0.1609159347553325 0.49119718309859156 0.015683814303638646 0.10211267605633803
0 0.13268506900878294 0.49911971830985913 0.020075282308657464 0.09683098591549295
0 0.13911543287327477 0.8072183098591549 0.0185069008782936 0.0897887323943662
0 0.10931618569636135 0.7834507042253521 0.017879548306148057 0.13732394366197184
0 0.08814303638644919 0.8151408450704225 0.016938519447929738 0.10915492957746478
0 0.06242158092848181 0.829225352112676 0.020075282308657464 0.13028169014084506
0 0.03968005018820577 0.8213028169014085 0.017879548306148057 0.11795774647887323
0 0.09237766624843162 0.5044014084507042 0.012233375156838143 0.09330985915492958
0 0.06304893350062735 0.49559859154929575 0.013801756587202008 0.08626760563380281
0 0.04673776662484316 0.5 0.016938519447929738 0.0880281690140845
0 0.10163111668757842 0.2007042253521127 0.015683814303638646 0.09154929577464789
0 0.07779171894604768 0.20334507042253522 0.01944792973651192 0.11091549295774648
0 0.029956085319949814 0.2068661971830986 0.015997490589711418 0.09330985915492958
