0 0.9427540777917189 0.7764598540145985 0.014742785445420327 0.07846715328467153
0 0.9165621079046424 0.7764598540145985 0.015683814303638646 0.10036496350364964
0 0.892879548306148 0.7773722627737226 0.013488080301129234 0.07664233576642336
0 0.8668444165621079 0.7682481751824818 0.014742785445420327 0.09124087591240876
0 0.8467691342534505 0.7755474452554745 0.01725219573400251 0.09124087591240876
0 0.8202634880803011 0.7700729927007299 0.015056461731493099 0.10218978102189781
0 0.7923462986198243 0.7673357664233577 0.01756587202007528 0.09671532846715329
0 0.7696047678795483 0.7928832116788321 0.02164366373902133 0.12226277372262774
0 0.7459222082810539 0.7883211678832117 0.01756587202007528 0.09124087591240876
0 0.7214554579673776 0.7874087591240876 0.018820577164366373 0.09671532846715329
0 0.6976160602258469 0.7937956204379562 0.02070263488080301 0.10218978102189781
0 0.6726787954830615 0.7947080291970803 0.017879548306148057 0.1259124087591241
0 0.6510351317440402 0.7965328467153284 0.017879548306148057 0.09671532846715329
0 0.9680050188205772 0.42700729927007297 0.025094102885821833 0.10218978102189781
0 0.9421267252195734 0.44525547445255476 0.0185069008782936 0.10218978102189781
0 0.9159347553324969 0.44799270072992703 0.014429109159347553 0.08941605839416059
0 0.8898996235884568 0.45072992700729925 0.02132998745294856 0.10948905109489052
0 0.8679422835633626 0.4470802919708029 0.013174404015056462 0.10948905109489052
0 0.8431618569636136 0.4653284671532847 0.01819322459222083 0.11313868613138686
0 0.81900878293601 0.4607664233576642 0.020075282308657464 0.11131386861313869
0 0.7951693851944793 0.4698905109489051 0.025094102885821833 0.10766423357664233
0 0.770702634880803 0.45072992700729925 0.02258469259723965 0.12043795620437957
0 0.9556148055207027 0.10857664233576643 0.017879548306148057 0.08941605839416059
0 0.9308343789209536 0.10857664233576643 0.02038895859473024 0.10766423357664233
0 0.9054265997490589 0.11313868613138686 0.01725219573400251 0.09124087591240876
0 0.8801756587202008 0.11131386861313869 0.01756587202007528 0.09854014598540146
0 0.8538268506900878 0.1259124087591241 0.014429109159347553 0.09854014598540146
0 0.8309284818067754 0.12773722627737227 0.016938519447929738 0.10218978102189781
0 0.8097553324968633 0.12408759124087591 0.019761606022584692 0.12043795620437957
0 0.7807402760351317 0.12226277372262774 0.020075282308657464 0.0948905109489051
0 0.7581555834378921 0.1332116788321168 0.011292346298619825 0.058394160583941604
0 0.7344730238393977 0.13686131386861314 0.013488080301129234 0.09124087591240876
0 0.7068695106649937 0.13047445255474452 0.01725219573400251 0.09671532846715329
0 0.6872647427854455 0.14872262773722628 0.020075282308657464 0.08941605839416059
0 0.660288582183187 0.14233576642335766 0.01066499372647428 0.11678832116788321
0 0.6397427854454203 0.145985401459854 0.019761606022584692 0.08759124087591241
0 0.7445106649937264 0.45255474452554745 0.0185069008782936 0.10218978102189781
0 0.7205144291091593 0.4635036496350365 0.02132998745294856 0.10218978102189781
0 0.6976160602258469 0.46806569343065696 0.013174404015056462 0.09671532846715329
0 0.6748745294855709 0.46715328467153283 0.022271016311166875 0.11678832116788321
0 0.6472710163111669 0.46715328467153283 0.017879548306148057 0.09124087591240876
0 0.623745294855709 0.4771897810218978 0.014742785445420327 0.07846715328467153
0 0.6231179422835633 0.791970802919708 0.02164366373902133 0.0948905109489051
0 0.6177854454203262 0.15237226277372262 0.014115432873274781 0.08211678832116788
0 0.5903387703889585 0.15967153284671534 0.020075282308657464 0.10401459854014598
0 0.5666562107904642 0.15967153284671534 0.02038895859473024 0.11496350364963503
0 0.5401505646173149 0.1678832116788321 0.02132998745294856 0.11678832116788321
0 0.5170953575909661 0.1541970802919708 0.021016311166875783 0.1332116788321168
0 0.6016311166875784 0.48722627737226276 0.018820577164366373 0.10583941605839416
0 0.5790464240903388 0.48083941605839414 0.02132998745294856 0.11131386861313869
0 0.5534818067754078 0.4762773722627737 0.01725219573400251 0.10218978102189781
0 0.5287013801756587 0.48175182481751827 0.02038895859473024 0.09854014598540146
0 0.6016311166875784 0.8001824817518248 0.02070263488080301 0.10766423357664233
0 0.5779485570890841 0.802007299270073 0.019134253450439148 0.08211678832116788
0 0.5548933500627352 0.8047445255474452 0.02132998745294856 0.13138686131386862
0 0.5327791718946048 0.7983576642335767 0.02164366373902133 0.11861313868613138
0 0.5058030112923463 0.8056569343065694 0.022898368883312422 0.11861313868613138
0 0.4777289836888331 0.8120437956204379 0.013174404015056462 0.0948905109489051
0 0.4545169385194479 0.8102189781021898 0.018820577164366373 0.12043795620437957
0 0.43020702634880803 0.8147810218978102 0.00972396486825596 0.04927007299270073
0 0.4062107904642409 0.8065693430656934 0.020075282308657464 0.12408759124087591
0 0.3869196988707654 0.8065693430656934 0.019134253450439148 0.08394160583941605
0 0.3590025094102886 0.8211678832116789 0.017879548306148057 0.11678832116788321
0 0.33986825595984943 0.8293795620437956 0.017879548306148057 0.11131386861313869
0 0.3204203262233375 0.8193430656934306 0.01725219573400251 0.12043795620437957
0 0.2918757841907152 0.8093065693430657 0.02038895859473024 0.12956204379562045
0 0.500784190715182 0.4835766423357664 0.014115432873274781 0.07664233576642336
0 0.4796110414052698 0.48996350364963503 0.01944792973651192 0.10036496350364964
0 0.453732747804266 0.4972627737226277 0.022271016311166875 0.11496350364963503
0 0.43083437892095355 0.4854014598540146 0.019134253450439148 0.12043795620437957
0 0.4066813048933501 0.4844890510948905 0.0185069008782936 0.10036496350364964
0 0.38503764115432876 0.48813868613138683 0.019761606022584692 0.10036496350364964
0 0.3630803011292346 0.5018248175182481 0.02164366373902133 0.10583941605839416
0 0.3389272271016311 0.5109489051094891 0.017879548306148057 0.10948905109489052
0 0.30818695106649935 0.5118613138686131 0.016624843161856962 0.15145985401459855
0 0.28999372647427857 0.5036496350364964 0.015997490589711418 0.12408759124087591
0 0.4918444165621079 0.16058394160583941 0.02132998745294856 0.09854014598540146
0 0.4678481806775408 0.15237226277372262 0.014742785445420327 0.08941605839416059
0 0.44589084065244666 0.16423357664233576 0.017879548306148057 0.09124087591240876
0 0.4226787954830615 0.15875912408759124 0.017879548306148057 0.12408759124087591
0 0.3971141781681305 0.15875912408759124 0.020075282308657464 0.13503649635036497
0 0.37594102885821834 0.16514598540145986 0.02038895859473024 0.10036496350364964
0 0.35116060225846923 0.16970802919708028 0.014742785445420327 0.10948905109489052
0 0.33171267252195735 0.17791970802919707 0.019134253450439148 0.14416058394160583
0 0.3063048933500627 0.17153284671532848 0.017879548306148057 0.11313868613138686
0 0.27901505646173147 0.16423357664233576 0.024153074027603513 0.10948905109489052
0 0.25611668757841904 0.17244525547445255 0.019134253450439148 0.08941605839416059
0 0.22992471769134254 0.18065693430656934 0.01631116687578419 0.12408759124087591
0 0.2093789209535759 0.18704379562043796 0.01725219573400251 0.08576642335766424
0 0.19134253450439148 0.17974452554744524 0.01756587202007528 0.08941605839416059
0 0.16468005018820578 0.19525547445255476 0.01819322459222083 0.11313868613138686
0 0.14178168130489335 0.1906934306569343 0.01631116687578419 0.08576642335766424
0 0.2606649937264743 0.5018248175182481 0.01756587202007528 0.10948905109489052
0 0.24137390213299875 0.5063868613138686 0.02164366373902133 0.12956204379562045
0 0.21910288582183188 0.5118613138686131 0.017879548306148057 0.12226277372262774
0 0.19730238393977415 0.5191605839416058 0.015056461731493099 0.07846715328467153
0 0.2648996235884567 0.8266423357664233 0.017879548306148057 0.10948905109489052
0 0.24215809284818068 0.8193430656934306 0.01944792973651192 0.09854014598540146
0 0.21706398996235884 0.8321167883211679 0.01756587202007528 0.09854014598540146
0 0.17565872020075282 0.8275547445255474 0.01944792973651192 0.11496350364963503
0 0.15244667503136763 0.8248175182481752 0.01819322459222083 0.10218978102189781
0 0.13127352572145545 0.8220802919708029 0.022271016311166875 0.11496350364963503
0 0.10602258469259725 0.8211678832116789 0.014429109159347553 0.0948905109489051
0 0.1748745294855709 0.5237226277372263 0.01725219573400251 0.09124087591240876
0 0.15150564617314932 0.5255474452554745 0.01631116687578419 0.11313868613138686
0 0.12578419071518193 0.5191605839416058 0.01756587202007528 0.08576642335766424
0 0.10131744040150564 0.5164233576642335 0.02132998745294856 0.10583941605839416
0 0.07857590966122961 0.5218978102189781 0.0185069008782936 0.11313868613138686
0 0.11449184441656211 0.19160583941605838 0.015056461731493099 0.08029197080291971
0 0.06336260978670012 0.20072992700729927 0.025094102885821833 0.10218978102189781
0 0.04469887076537014 0.20346715328467152 0.00972396486825596 0.08576642335766424
0 0.05159974905897114 0.5218978102189781 0.016624843161856962 0.11678832116788321
0 0.028858218318695106 0.5291970802919708 0.01944792973651192 0.11678832116788321
0 0.08296737766624843 0.8211678832116789 0.019761606022584692 0.09124087591240876
0 0.05912797992471769 0.8302919708029197 0.0185069008782936 0.10218978102189781
0 0.03136762860727729 0.8421532846715328 0.015056461731493099 0.08211678832116788
