0 0.9644018205461639 0.40881642512077293 0.015929778933680104 0.049516908212560384
0 0.9387191157347204 0.40640096618357485 0.01788036410923277 0.05676328502415459
0 0.9118985695708712 0.3864734299516908 0.020156046814044214 0.0748792270531401
0 0.8597204161248374 0.375 0.017230169050715213 0.06642512077294686
0 0.8366384915474643 0.3743961352657005 0.023732119635890767 0.06521739130434782
0 0.8080299089726918 0.35990338164251207 0.022431729518855657 0.06763285024154589
0 0.78722366710013 0.3532608695652174 0.023081924577373212 0.049516908212560384
0 0.7540637191157347 0.3351449275362319 0.01918075422626788 0.08333333333333333
0 0.72870611183355 0.33695652173913043 0.021131339401820545 0.08695652173913043
0 0.7044863459037711 0.3351449275362319 0.02340702210663199 0.06884057971014493
0 0.6779908972691807 0.32367149758454106 0.023081924577373212 0.05555555555555555
0 0.6552340702210663 0.3134057971014493 0.015929778933680104 0.0640096618357488
0 0.6246749024707412 0.303743961352657 0.021781534460338103 0.05434782608695652
0 0.9611508452535761 0.6521739130434783 0.014629388816644993 0.07004830917874397
0 0.9331924577373212 0.6419082125603864 0.015929778933680104 0.06642512077294686
0 0.9055591677503251 0.6280193236714976 0.02048114434330299 0.057971014492753624
0 0.8802015604681405 0.6243961352657005 0.015929778933680104 0.0748792270531401
0 0.8550065019505851 0.6141304347826086 0.016905071521456438 0.05676328502415459
0 0.8289986996098829 0.6086956521739131 0.018205461638491547 0.06038647342995169
0 0.8041287386215865 0.5990338164251208 0.019830949284785435 0.0748792270531401
0 0.7776332899869961 0.5917874396135265 0.020156046814044214 0.0893719806763285
0 0.7517880364109233 0.5803140096618358 0.018530559167750326 0.08091787439613526
0 0.724479843953186 0.5772946859903382 0.019830949284785435 0.09420289855072464
0 0.7007477243172952 0.5621980676328503 0.01657997399219766 0.06884057971014493
0 0.672626788036411 0.5634057971014492 0.01495448634590377 0.059178743961352656
0 0.6207737321196359 0.5446859903381642 0.01918075422626788 0.07729468599033816
0 0.9645643693107933 0.893719806763285 0.017555266579973992 0.05555555555555555
0 0.9401820546163849 0.8780193236714976 0.018205461638491547 0.05314009661835749
0 0.9073472041612484 0.8725845410628019 0.025357607282184655 0.09057971014492754
0 0.8852405721716515 0.8683574879227053 0.020156046814044214 0.07004830917874397
0 0.8613459037711313 0.8532608695652174 0.014629388816644993 0.06159420289855073
0 0.8371261378413524 0.8502415458937198 0.016905071521456438 0.0748792270531401
0 0.8119310793237972 0.8454106280193237 0.022431729518855657 0.07004830917874397
0 0.7818595578673602 0.8254830917874396 0.022106631989596878 0.08333333333333333
0 0.7545513654096229 0.8254830917874396 0.025357607282184655 0.10265700483091787
0 0.7319570871261378 0.8085748792270532 0.01657997399219766 0.05434782608695652
0 0.7054616384915474 0.8013285024154589 0.026657997399219768 0.08574879227053141
0 0.6799414824447334 0.7934782608695652 0.02048114434330299 0.0748792270531401
0 0.653446033810143 0.7995169082125604 0.016254876462938883 0.057971014492753624
0 0.627925877763329 0.7862318840579711 0.02048114434330299 0.0748792270531401
0 0.599479843953186 0.29891304347826086 0.01495448634590377 0.05434782608695652
0 0.5750975292587777 0.2916666666666667 0.011053315994798439 0.049516908212560384
0 0.5490897269180754 0.28442028985507245 0.016905071521456438 0.059178743961352656
0 0.5232444733420026 0.2886473429951691 0.01918075422626788 0.08695652173913043
0 0.4980494148244473 0.27717391304347827 0.022106631989596878 0.06884057971014493
0 0.47285435630689204 0.2602657004830918 0.017230169050715213 0.051932367149758456
0 0.44717165149544863 0.2463768115942029 0.01788036410923277 0.06280193236714976
0 0.3951560468140442 0.23731884057971014 0.018530559167750326 0.05676328502415459
0 0.3678478543563069 0.23128019323671498 0.017230169050715213 0.051932367149758456
0 0.3400520156046814 0.22946859903381642 0.016905071521456438 0.057971014492753624
0 0.3124187256176853 0.20954106280193235 0.01950585175552666 0.059178743961352656
0 0.29144993498049415 0.21014492753623187 0.01788036410923277 0.06521739130434782
0 0.2660923276983095 0.19927536231884058 0.011378413524057216 0.06038647342995169
0 0.5946033810143043 0.533816425120773 0.01950585175552666 0.07729468599033816
0 0.5689206762028609 0.5271739130434783 0.01495448634590377 0.07367149758454106
0 0.5469765929778934 0.5229468599033816 0.010728218465539662 0.033816425120772944
0 0.518368010403121 0.5018115942028986 0.01918075422626788 0.0640096618357488
0 0.49317295188556565 0.49818840579710144 0.01495448634590377 0.07367149758454106
0 0.4666775032509753 0.49577294685990336 0.02503250975292588 0.05434782608695652
0 0.4387191157347204 0.4939613526570048 0.01527958387516255 0.04589371980676329
0 0.41449934980494146 0.4830917874396135 0.01950585175552666 0.06521739130434782
0 0.3880039011703511 0.46316425120772947 0.017230169050715213 0.05676328502415459
0 0.36118335500650195 0.4577294685990338 0.0188556566970091 0.04589371980676329
0 0.331111833550065 0.4643719806763285 0.019830949284785435 0.051932367149758456
0 0.31160598179453836 0.4522946859903382 0.014629388816644993 0.05676328502415459
0 0.28559817945383614 0.4444444444444444 0.014629388816644993 0.07004830917874397
0 0.6001300390117035 0.7753623188405797 0.022756827048114433 0.06763285024154589
0 0.5762353706111834 0.7657004830917874 0.021131339401820545 0.07246376811594203
0 0.5507152145643693 0.7614734299516909 0.01235370611183355 0.0640096618357488
0 0.5208062418725617 0.7560386473429952 0.020156046814044214 0.06280193236714976
0 0.49886215864759426 0.7421497584541062 0.01918075422626788 0.07125603864734299
0 0.4757802340702211 0.7379227053140096 0.017230169050715213 0.07729468599033816
0 0.4229518855656697 0.7198067632850241 0.016905071521456438 0.07004830917874397
0 0.3935305591677503 0.7137681159420289 0.018530559167750326 0.06763285024154589
0 0.3709362808842653 0.7071256038647343 0.014304291287386216 0.059178743961352656
0 0.3364759427828348 0.7035024154589372 0.0188556566970091 0.051932367149758456
0 0.31648244473342 0.6805555555555556 0.017230169050715213 0.06884057971014493
0 0.2922626788036411 0.6853864734299517 0.017555266579973992 0.06159420289855073
0 0.2665799739921977 0.6714975845410628 0.018205461638491547 0.07971014492753623
0 0.24122236671001301 0.6702898550724637 0.022756827048114433 0.07729468599033816
0 0.2121261378413524 0.6570048309178744 0.015929778933680104 0.05314009661835749
0 0.18855656697009102 0.6491545893719807 0.013654096228868661 0.04710144927536232
0 0.1625487646293888 0.6394927536231884 0.02340702210663199 0.0640096618357488
0 0.13832899869960988 0.6310386473429952 0.018530559167750326 0.059178743961352656
0 0.11150845253576072 0.626207729468599 0.015604681404421327 0.06642512077294686
0 0.2591027308192458 0.43417874396135264 0.021456436931079324 0.05434782608695652
0 0.23748374512353707 0.428743961352657 0.01527958387516255 0.050724637681159424
0 0.20757477243172953 0.42089371980676327 0.01657997399219766 0.049516908212560384
0 0.18368010403120935 0.41002415458937197 0.022106631989596878 0.059178743961352656
0 0.1555591677503251 0.40458937198067635 0.01918075422626788 0.0748792270531401
0 0.13101430429128738 0.391304347826087 0.013654096228868661 0.04830917874396135
0 0.07964889466840051 0.6183574879227053 0.02340702210663199 0.07246376811594203
0 0.05802990897269181 0.6141304347826086 0.01788036410923277 0.05434782608695652
0 0.03169700910273082 0.5996376811594203 0.013328998699609884 0.0640096618357488
0 0.10663198959687907 0.3882850241545894 0.017555266579973992 0.08333333333333333
0 0.07834850455136541 0.37620772946859904 0.017555266579973992 0.049516908212560384
0 0.05364109232769831 0.37016908212560384 0.015604681404421327 0.0640096618357488
0 0.027958387516254877 0.36292270531400966 0.013003901170351105 0.05676328502415459
0 0.03299739921976593 0.13043478260869565 0.017230169050715213 0.03864734299516908
0 0.06160598179453836 0.13768115942028986 0.012678803641092327 0.04106280193236715
0 0.08566319895968791 0.15217391304347827 0.01918075422626788 0.04830917874396135
0 0.13459037711313393 0.1636473429951691 0.016905071521456438 0.05434782608695652
0 0.1654746423927178 0.16847826086956522 0.016905071521456438 0.07125603864734299
0 0.18839401820546164 0.17572463768115942 0.01527958387516255 0.04468599033816425
0 0.21261378413524057 0.1817632850241546 0.01235370611183355 0.04710144927536232
0 0.2381339401820546 0.1926328502415459 0.014629388816644993 0.051932367149758456
