0 0.9879310344827587 0.41263940520446096 0.012852664576802508 0.06319702602230483
0 0.9393416927899687 0.4228624535315985 0.013479623824451411 0.09479553903345725
0 0.9137931034482759 0.4247211895910781 0.014420062695924765 0.08364312267657993
0 0.8893416927899687 0.42379182156133827 0.013793103448275862 0.08178438661710037
0 0.8628526645768025 0.4368029739776952 0.01598746081504702 0.08921933085501858
0 0.8426332288401254 0.4358736059479554 0.015047021943573668 0.09107806691449814
0 0.7935736677115988 0.43215613382899626 0.014106583072100314 0.08364312267657993
0 0.7644200626959248 0.44144981412639406 0.014106583072100314 0.09107806691449814
0 0.7415360501567398 0.44144981412639406 0.017868338557993732 0.10966542750929369
0 0.9029780564263323 0.7732342007434945 0.017241379310344827 0.08921933085501858
0 0.8744514106583072 0.7602230483271375 0.015360501567398118 0.08921933085501858
0 0.8507836990595611 0.7704460966542751 0.014420062695924765 0.09851301115241635
0 0.8275862068965517 0.7713754646840149 0.015047021943573668 0.08921933085501858
0 0.7976489028213166 0.7713754646840149 0.015360501567398118 0.09665427509293681
0 0.7783699059561129 0.7843866171003717 0.009404388714733543 0.08921933085501858
0 0.7526645768025079 0.7769516728624535 0.016300940438871474 0.12639405204460966
0 0.7247648902821316 0.7769516728624535 0.01818181818181818 0.10037174721189591
0 0.7040752351097179 0.7788104089219331 0.013166144200626959 0.07806691449814127
0 0.9147335423197492 0.09293680297397769 0.01567398119122257 0.08178438661710037
0 0.8926332288401254 0.09200743494423792 0.017868338557993732 0.09851301115241635
0 0.8594043887147336 0.09851301115241635 0.012225705329153605 0.07434944237918216
0 0.837460815047022 0.10130111524163568 0.01974921630094044 0.09107806691449814
0 0.8167711598746081 0.09665427509293681 0.017868338557993732 0.10037174721189591
0 0.7869905956112853 0.10408921933085502 0.017241379310344827 0.11895910780669144
0 0.7623824451410658 0.10780669144981413 0.014420062695924765 0.08178438661710037
0 0.7366771159874608 0.11431226765799256 0.01755485893416928 0.09479553903345725
0 0.7144200626959247 0.12174721189591078 0.01567398119122257 0.09851301115241635
0 0.6868338557993731 0.12453531598513011 0.01755485893416928 0.10037174721189591
0 0.6578369905956113 0.11152416356877323 0.014733542319749215 0.11152416356877323
0 0.6355799373040752 0.11524163568773234 0.02037617554858934 0.13011152416356878
0 0.6130094043887148 0.11895910780669144 0.012225705329153605 0.07434944237918216
0 0.5896551724137931 0.10780669144981413 0.018808777429467086 0.07063197026022305
0 0.5683385579937305 0.1171003717472119 0.020689655172413793 0.11524163568773234
0 0.5427899686520377 0.120817843866171 0.014733542319749215 0.11152416356877323
0 0.5200626959247648 0.12546468401486988 0.014420062695924765 0.0687732342007435
0 0.49294670846394983 0.12825278810408922 0.015360501567398118 0.07434944237918216
0 0.6873040752351097 0.42936802973977695 0.013479623824451411 0.09293680297397769
0 0.6619122257053291 0.45353159851301117 0.01598746081504702 0.09293680297397769
0 0.6362068965517241 0.44702602230483274 0.01598746081504702 0.11338289962825279
0 0.614576802507837 0.45353159851301117 0.01598746081504702 0.10780669144981413
0 0.5909090909090909 0.45539033457249073 0.014420062695924765 0.10037174721189591
0 0.5672413793103448 0.4423791821561338 0.014733542319749215 0.09293680297397769
0 0.6691222570532915 0.7732342007434945 0.016614420062695926 0.10780669144981413
0 0.6481191222570533 0.7890334572490706 0.017868338557993732 0.10594795539033457
0 0.6260188087774294 0.7806691449814126 0.015047021943573668 0.07806691449814127
0 0.5992163009404389 0.7890334572490706 0.021003134796238245 0.1171003717472119
0 0.5778996865203762 0.7843866171003717 0.017241379310344827 0.11895910780669144
0 0.5523510971786834 0.7815985130111525 0.016300940438871474 0.09107806691449814
0 0.5338557993730407 0.7843866171003717 0.01755485893416928 0.11524163568773234
0 0.5420062695924764 0.44609665427509293 0.021316614420062698 0.11895910780669144
0 0.5178683385579937 0.4544609665427509 0.016300940438871474 0.10223048327137546
0 0.4927899686520376 0.4395910780669145 0.016300940438871474 0.09479553903345725
0 0.5054858934169278 0.7908921933085502 0.01598746081504702 0.10966542750929369
0 0.480564263322884 0.7927509293680297 0.013793103448275862 0.0724907063197026
0 0.4543887147335423 0.79182156133829 0.01598746081504702 0.10037174721189591
0 0.4296238244514107 0.7983271375464684 0.017868338557993732 0.10223048327137546
0 0.46739811912225704 0.44702602230483274 0.021316614420062698 0.10594795539033457
0 0.4407523510971787 0.4544609665427509 0.020689655172413793 0.09479553903345725
0 0.41677115987460817 0.4544609665427509 0.019122257053291535 0.09107806691449814
0 0.4691222570532915 0.12360594795539033 0.02413793103448276 0.1171003717472119
0 0.43996865203761754 0.13847583643122677 0.012225705329153605 0.08736059479553904
0 0.4126959247648903 0.12825278810408922 0.011598746081504702 0.08178438661710037
0 0.3938871473354232 0.13475836431226765 0.013479623824451411 0.08736059479553904
0 0.3706896551724138 0.14776951672862454 0.018495297805642633 0.10223048327137546
0 0.3468652037617555 0.1449814126394052 0.02037617554858934 0.137546468401487
0 0.3249216300940439 0.137546468401487 0.016614420062695926 0.07806691449814127
0 0.3952978056426332 0.46096654275092935 0.01567398119122257 0.11524163568773234
0 0.3749216300940439 0.46189591078066916 0.02006269592476489 0.10223048327137546
0 0.35 0.4600371747211896 0.021003134796238245 0.1171003717472119
0 0.3567398119122257 0.8131970260223048 0.016927899686520375 0.13940520446096655
0 0.33746081504702197 0.7973977695167286 0.02037617554858934 0.13011152416356878
0 0.32539184952978056 0.4721189591078067 0.01755485893416928 0.09665427509293681
0 0.30219435736677114 0.47862453531598514 0.019435736677115987 0.10223048327137546
0 0.30031347962382443 0.13568773234200743 0.01567398119122257 0.08921933085501858
0 0.2727272727272727 0.1449814126394052 0.014420062695924765 0.08921933085501858
0 0.2528213166144201 0.15148698884758363 0.014106583072100314 0.0724907063197026
0 0.22523510971786834 0.1496282527881041 0.017868338557993732 0.10966542750929369
0 0.274294670846395 0.4721189591078067 0.02006269592476489 0.11895910780669144
0 0.26692789968652036 0.8076208178438662 0.017868338557993732 0.09851301115241635
0 0.2529780564263323 0.4739776951672863 0.013166144200626959 0.08178438661710037
0 0.23025078369905957 0.47862453531598514 0.018495297805642633 0.11338289962825279
0 0.23887147335423198 0.8066914498141264 0.01818181818181818 0.11524163568773234
0 0.21253918495297805 0.8150557620817844 0.018808777429467086 0.08736059479553904
0 0.18746081504702194 0.820631970260223 0.015047021943573668 0.09479553903345725
0 0.16536050156739812 0.8122676579925651 0.016614420062695926 0.09665427509293681
0 0.1426332288401254 0.8141263940520446 0.016927899686520375 0.10780669144981413
0 0.20172413793103447 0.47769516728624534 0.014733542319749215 0.09293680297397769
0 0.17946708463949843 0.483271375464684 0.014106583072100314 0.08921933085501858
0 0.15438871473354232 0.48420074349442377 0.014733542319749215 0.0724907063197026
0 0.12962382445141066 0.4795539033457249 0.017241379310344827 0.09665427509293681
0 0.11050156739811912 0.4962825278810409 0.01598746081504702 0.09293680297397769
0 0.06959247648902821 0.8308550185873605 0.01818181818181818 0.11524163568773234
0 0.02554858934169279 0.8234200743494424 0.021630094043887146 0.12267657992565056
0 0.03401253918495298 0.4851301115241636 0.017241379310344827 0.10408921933085502
0 0.06018808777429467 0.49256505576208176 0.01755485893416928 0.10780669144981413
0 0.08213166144200627 0.49070631970260226 0.016300940438871474 0.10780669144981413
0 0.17601880877742948 0.15427509293680297 0.017868338557993732 0.08921933085501858
0 0.15203761755485892 0.15427509293680297 0.01567398119122257 0.08178438661710037
0 0.1042319749216301 0.16263940520446096 0.016614420062695926 0.1171003717472119
0 0.07962382445141065 0.17286245353159851 0.013793103448275862 0.10408921933085502
0 0.05579937304075235 0.17472118959107807 0.02006269592476489 0.12267657992565056
0 0.03432601880877743 0.17843866171003717 0.017868338557993732 0.08550185873605948
0 0.37915360501567397 0.7964684014869888 0.02727272727272727 0.13197026022304834
