0 0.943279109589041 0.1794871794871795 0.019263698630136987 0.0673076923076923
0 0.901541095890411 0.1794871794871795 0.025684931506849314 0.08333333333333333
0 0.869220890410959 0.18830128205128205 0.020976027397260275 0.06891025641025642
0 0.8330479452054794 0.19471153846153846 0.02482876712328767 0.08493589743589744
0 0.8028681506849316 0.19150641025641027 0.018407534246575343 0.06891025641025642
0 0.7690496575342466 0.20673076923076922 0.022688356164383562 0.0673076923076923
0 0.7358732876712328 0.20032051282051283 0.019691780821917807 0.08653846153846154
0 0.697345890410959 0.2155448717948718 0.0136986301369863 0.06891025641025642
0 0.670804794520548 0.20432692307692307 0.023972602739726026 0.09775641025641026
0 0.6410530821917808 0.2203525641025641 0.020976027397260275 0.06891025641025642
0 0.596318493150685 0.2155448717948718 0.018835616438356163 0.052884615384615384
0 0.5684931506849316 0.23157051282051283 0.02482876712328767 0.06891025641025642
0 0.535958904109589 0.23397435897435898 0.016267123287671232 0.0641025641025641
0 0.504708904109589 0.2419871794871795 0.023116438356164382 0.07051282051282051
0 0.4693921232876712 0.2387820512820513 0.020976027397260275 0.08012820512820513
0 0.429152397260274 0.24599358974358973 0.0175513698630137 0.08173076923076923
0 0.9304366438356164 0.4719551282051282 0.02183219178082192 0.09775641025641026
0 0.9019691780821918 0.4831730769230769 0.02482876712328767 0.07852564102564102
0 0.8675085616438356 0.4863782051282051 0.020976027397260275 0.05608974358974359
0 0.8381849315068494 0.4935897435897436 0.029965753424657533 0.11858974358974358
0 0.7988013698630136 0.5016025641025641 0.02482876712328767 0.13141025641025642
0 0.7675513698630136 0.49759615384615385 0.02482876712328767 0.11378205128205128
0 0.733304794520548 0.5032051282051282 0.02226027397260274 0.08012820512820513
0 0.7011986301369864 0.5072115384615384 0.02482876712328767 0.0625
0 0.6727311643835616 0.5056089743589743 0.020976027397260275 0.07852564102564102
0 0.635916095890411 0.5192307692307693 0.026113013698630137 0.07371794871794872
0 0.5654965753424658 0.5288461538461539 0.018835616438356163 0.0673076923076923
0 0.533818493150685 0.5336538461538461 0.02054794520547945 0.057692307692307696
0 0.5002140410958904 0.53125 0.02183219178082192 0.07532051282051282
0 0.4610445205479452 0.5392628205128205 0.018835616438356163 0.08173076923076923
0 0.4304366438356164 0.5528846153846154 0.015839041095890412 0.07371794871794872
0 0.9379280821917808 0.7540064102564102 0.017123287671232876 0.06570512820512821
0 0.9034674657534246 0.7596153846153846 0.02011986301369863 0.05448717948717949
0 0.872431506849315 0.7636217948717948 0.017123287671232876 0.0625
0 0.8452482876712328 0.7628205128205128 0.025256849315068493 0.07692307692307693
0 0.807791095890411 0.7724358974358975 0.02054794520547945 0.10256410256410256
0 0.7707619863013698 0.7900641025641025 0.016695205479452056 0.060897435897435896
0 0.7392979452054794 0.7868589743589743 0.017123287671232876 0.07692307692307693
0 0.712542808219178 0.7916666666666666 0.02011986301369863 0.07051282051282051
0 0.6759417808219178 0.7996794871794872 0.017123287671232876 0.0641025641025641
0 0.6389126712328768 0.7940705128205128 0.0175513698630137 0.0625
0 0.6085188356164384 0.7972756410256411 0.016695205479452056 0.05929487179487179
0 0.5684931506849316 0.8036858974358975 0.02054794520547945 0.07211538461538461
0 0.5404537671232876 0.8076923076923077 0.015839041095890412 0.04807692307692308
0 0.4997859589041096 0.8197115384615384 0.02183219178082192 0.05929487179487179
0 0.4706763698630137 0.811698717948718 0.016695205479452056 0.052884615384615384
0 0.4377140410958904 0.8285256410256411 0.014982876712328766 0.05448717948717949
0 0.3970462328767123 0.24919871794871795 0.015839041095890412 0.06570512820512821
0 0.3413955479452055 0.2548076923076923 0.0175513698630137 0.07692307692307693
0 0.2996575342465753 0.25961538461538464 0.019691780821917807 0.08333333333333333
0 0.2643407534246575 0.27323717948717946 0.0175513698630137 0.07532051282051282
0 0.23159246575342465 0.2724358974358974 0.021404109589041095 0.07051282051282051
0 0.1990582191780822 0.28125 0.021404109589041095 0.07532051282051282
0 0.16716609589041095 0.28525641025641024 0.025256849315068493 0.08333333333333333
0 0.1346318493150685 0.28525641025641024 0.02183219178082192 0.0641025641025641
0 0.0956763698630137 0.2900641025641026 0.025256849315068493 0.09294871794871795
0 0.0605736301369863 0.28926282051282054 0.027825342465753425 0.09455128205128205
0 0.031678082191780824 0.2980769230769231 0.031678082191780824 0.09615384615384616
0 0.402611301369863 0.5512820512820513 0.020976027397260275 0.07371794871794872
0 0.3683647260273973 0.5552884615384616 0.03125 0.09455128205128205
0 0.3330479452054795 0.5496794871794872 0.025684931506849314 0.09294871794871795
0 0.2949486301369863 0.5584935897435898 0.0273972602739726 0.05608974358974359
0 0.2611301369863014 0.5697115384615384 0.015410958904109588 0.08173076923076923
0 0.23116438356164384 0.5600961538461539 0.02054794520547945 0.07532051282051282
0 0.1954195205479452 0.5745192307692307 0.020976027397260275 0.08173076923076923
0 0.16309931506849315 0.5777243589743589 0.02226027397260274 0.06891025641025642
0 0.12970890410958905 0.5809294871794872 0.019691780821917807 0.04326923076923077
0 0.0958904109589041 0.5777243589743589 0.02226027397260274 0.07211538461538461
0 0.0646404109589041 0.5881410256410257 0.02054794520547945 0.08012820512820513
0 0.03210616438356165 0.5881410256410257 0.01797945205479452 0.08333333333333333
0 0.3959760273972603 0.8341346153846154 0.018835616438356163 0.05929487179487179
0 0.3709332191780822 0.8325320512820513 0.022688356164383562 0.07211538461538461
0 0.339041095890411 0.8349358974358975 0.02226027397260274 0.060897435897435896
0 0.3067208904109589 0.8381410256410257 0.02183219178082192 0.08653846153846154
0 0.270333904109589 0.8405448717948718 0.016695205479452056 0.07211538461538461
0 0.2322345890410959 0.8421474358974359 0.016695205479452056 0.0625
0 0.19991438356164384 0.8533653846153846 0.02482876712328767 0.06891025641025642
0 0.1637414383561644 0.8573717948717948 0.0175513698630137 0.07051282051282051
0 0.13334760273972604 0.8461538461538461 0.015839041095890412 0.07051282051282051
0 0.09910102739726027 0.8629807692307693 0.02011986301369863 0.06891025641025642
0 0.06742294520547945 0.8685897435897436 0.014982876712328766 0.07692307692307693
0 0.0370291095890411 0.875801282051282 0.023544520547945206 0.09775641025641026
