0 0.9342866870956759 0.11541970802919709 0.01906707524685053 0.055656934306569344
0 0.9172625127681308 0.11541970802919709 0.017024174327545116 0.055656934306569344
0 0.8881511746680286 0.13686131386861314 0.02553626149131767 0.07481751824817519
0 0.8595505617977528 0.15237226277372262 0.028941096356826693 0.06386861313868614
0 0.8311201906707525 0.16149635036496351 0.01974804221995233 0.06386861313868614
0 0.8088185223016684 0.17472627737226276 0.0296220633299285 0.09762773722627738
0 0.7819203268641471 0.18476277372262773 0.022812393598910453 0.06113138686131387
0 0.7597889002383384 0.20392335766423358 0.024855294518215866 0.07208029197080291
0 0.7344228804902962 0.21624087591240876 0.021790943139257744 0.07481751824817519
0 0.7076949267960504 0.229014598540146 0.02349336057201226 0.06386861313868614
0 0.6792645556690501 0.23448905109489052 0.029281579843377595 0.07481751824817519
0 0.9579502894109636 0.2755474452554745 0.013278855975485188 0.023722627737226276
0 0.9317330609465441 0.2842153284671533 0.016683690840994213 0.04105839416058394
0 0.9113040517534899 0.2937956204379562 0.02076949267960504 0.04744525547445255
0 0.886789240721825 0.3074817518248175 0.02826012938372489 0.08394160583941605
0 0.8571671773918965 0.3266423357664234 0.022131426625808647 0.060218978102189784
0 0.8329928498467825 0.33713503649635035 0.024855294518215866 0.06295620437956205
0 0.8077970718420157 0.35036496350364965 0.030983997276132106 0.08029197080291971
0 0.7827715355805244 0.3613138686131387 0.023152877085461356 0.06204379562043796
0 0.7594484167517875 0.3772810218978102 0.02553626149131767 0.06478102189781022
0 0.7328907048008172 0.39416058394160586 0.021450459652706845 0.060218978102189784
0 0.7073544433094995 0.4000912408759124 0.022131426625808647 0.06113138686131387
0 0.6840313244807626 0.4156021897810219 0.027238678924072182 0.07572992700729927
0 0.6562819203268642 0.4283759124087591 0.02553626149131767 0.05748175182481752
0 0.630915900578822 0.4397810218978102 0.02383384405856316 0.06386861313868614
0 0.9727613210759278 0.4402372262773723 0.017705141300646918 0.048357664233576646
0 0.95097037793667 0.4511861313868613 0.024514811031664963 0.04105839416058394
0 0.9184542049710589 0.4653284671532847 0.030303030303030304 0.058394160583941604
0 0.8941096356826694 0.47855839416058393 0.02247191011235955 0.05930656934306569
0 0.8699353081375554 0.49406934306569344 0.020429009193054137 0.06478102189781022
0 0.8426966292134831 0.5072992700729927 0.01906707524685053 0.051094890510948905
0 0.8180115764385427 0.5141423357664233 0.02349336057201226 0.06295620437956205
0 0.7914538644875724 0.5278284671532847 0.018726591760299626 0.05748175182481752
0 0.7713653387810692 0.5360401459854015 0.022812393598910453 0.06478102189781022
0 0.7141641130405175 0.5693430656934306 0.02076949267960504 0.051094890510948905
0 0.6911814776983316 0.583941605839416 0.017705141300646918 0.05291970802919708
0 0.6666666666666666 0.5926094890510949 0.017024174327545116 0.05018248175182482
0 0.6447054817841334 0.6049270072992701 0.016002723867892407 0.021897810218978103
0 0.6339802519577801 0.270529197080292 0.01974804221995233 0.05018248175182482
0 0.611678583588696 0.2833029197080292 0.02417432754511406 0.0666058394160584
0 0.5840994211780729 0.29288321167883213 0.024855294518215866 0.06569343065693431
0 0.555839291794348 0.3033759124087591 0.022131426625808647 0.06295620437956205
0 0.5338781069118148 0.3170620437956204 0.020429009193054137 0.05748175182481752
0 0.5088525706503234 0.3289233576642336 0.021450459652706845 0.06843065693430657
0 0.4851889683350358 0.34443430656934304 0.028600612870275793 0.06478102189781022
0 0.4533537623425264 0.35994525547445255 0.01804562478719782 0.05748175182481752
0 0.4293496765406878 0.37363138686131386 0.029281579843377595 0.0739051094890511
0 0.40381341504937013 0.38047445255474455 0.021109976166155942 0.06204379562043796
0 0.38032005447735784 0.3987226277372263 0.02383384405856316 0.05474452554744526
0 0.6081035069799114 0.4534671532846715 0.027238678924072182 0.06569343065693431
0 0.5778004766768812 0.47125912408759124 0.0149812734082397 0.04105839416058394
0 0.550561797752809 0.4844890510948905 0.018386108273748723 0.051094890510948905
0 0.5299625468164794 0.4949817518248175 0.02553626149131767 0.07025547445255474
0 0.503404834865509 0.5109489051094891 0.022812393598910453 0.060218978102189784
0 0.4795709908069459 0.5196167883211679 0.02417432754511406 0.0666058394160584
0 0.4530132788559755 0.5342153284671532 0.022131426625808647 0.05748175182481752
0 0.424923391215526 0.5428832116788321 0.021790943139257744 0.06934306569343066
0 0.40074906367041196 0.5620437956204379 0.021790943139257744 0.04562043795620438
0 0.3729996595165134 0.5711678832116789 0.027579162410623085 0.04744525547445255
0 0.6183180115764385 0.6190693430656934 0.017705141300646918 0.046532846715328466
0 0.5932924753149472 0.6373175182481752 0.022812393598910453 0.046532846715328466
0 0.5696288729996595 0.6473540145985401 0.018386108273748723 0.05200729927007299
0 0.540006809669731 0.656934306569343 0.024514811031664963 0.06386861313868614
0 0.5127681307456589 0.6719890510948905 0.024514811031664963 0.0666058394160584
0 0.49012597889002385 0.6852189781021898 0.015321756894790603 0.05291970802919708
0 0.4630575417092271 0.7043795620437956 0.021790943139257744 0.06751824817518248
0 0.43598910452843037 0.7162408759124088 0.02417432754511406 0.06751824817518248
0 0.4097718760640109 0.7267335766423357 0.018726591760299626 0.04470802919708029
0 0.3871297242083759 0.7427007299270073 0.021109976166155942 0.043795620437956206
0 0.3542730677562138 0.41332116788321166 0.02076949267960504 0.041970802919708027
0 0.3505277494041539 0.5866788321167883 0.015321756894790603 0.04927007299270073
0 0.3604017705141301 0.7495437956204379 0.020088525706503234 0.04470802919708029
0 0.3338440585631597 0.7636861313868614 0.016683690840994213 0.05291970802919708
0 0.31375553285665647 0.7773722627737226 0.015321756894790603 0.041970802919708027
0 0.3255022131426626 0.6008211678832117 0.025876744977868574 0.07937956204379562
0 0.2989445011916922 0.6126824817518248 0.021790943139257744 0.048357664233576646
0 0.2774940415389854 0.6204379562043796 0.026557711950970377 0.058394160583941604
0 0.24991487912836227 0.6373175182481752 0.017024174327545116 0.046532846715328466
0 0.2223357167177392 0.6541970802919708 0.017705141300646918 0.029197080291970802
0 0.19594824651004425 0.6633211678832117 0.017364657814096015 0.051094890510948905
0 0.16598569969356486 0.6811131386861314 0.02689819543752128 0.07572992700729927
0 0.1421518556350017 0.6906934306569343 0.016002723867892407 0.041970802919708027
0 0.11576438542730677 0.7043795620437956 0.018386108273748723 0.05291970802919708
0 0.09329247531494722 0.718065693430657 0.02519577800476677 0.06569343065693431
0 0.06469186244467143 0.7340328467153284 0.012938372488934287 0.03923357664233577
0 0.32533197139938713 0.42244525547445255 0.026217228464419477 0.06751824817518248
0 0.301498127340824 0.43613138686131386 0.022131426625808647 0.06204379562043796
0 0.27357848144365 0.44936131386861317 0.02689819543752128 0.0812043795620438
0 0.24651004426285325 0.4635036496350365 0.025876744977868574 0.07664233576642336
0 0.22182499148791285 0.47536496350364965 0.02076949267960504 0.04562043795620438
0 0.19816138917262513 0.4844890510948905 0.018386108273748723 0.04562043795620438
0 0.17007150153217568 0.49954379562043794 0.022812393598910453 0.053832116788321165
0 0.14368403132448077 0.5109489051094891 0.01974804221995233 0.06204379562043796
0 0.11644535240040858 0.5287408759124088 0.015662240381341504 0.04470802919708029
0 0.09227102485529452 0.5469890510948905 0.015662240381341504 0.053832116788321165
0 0.06605379639087504 0.5556569343065694 0.023152877085461356 0.05291970802919708
0 0.2853251617296561 0.7924270072992701 0.0149812734082397 0.04470802919708029
0 0.2591079332652366 0.8038321167883211 0.018386108273748723 0.043795620437956206
0 0.2299965951651345 0.8211678832116789 0.020088525706503234 0.041970802919708027
0 0.20582226762002043 0.8343978102189781 0.015321756894790603 0.05200729927007299
0 0.18113721484508002 0.8503649635036497 0.01906707524685053 0.051094890510948905
0 0.15321756894790603 0.8613138686131386 0.012257405515832482 0.040145985401459854
0 0.12768130745658834 0.8727189781021898 0.011576438542730678 0.035583941605839414
0 0.09856996935648621 0.8895985401459854 0.024855294518215866 0.05474452554744526
0 0.0752468505277494 0.9005474452554745 0.015662240381341504 0.04562043795620438
0 0.05498808307797072 0.9114963503649635 0.017364657814096015 0.03467153284671533
0 0.04119850187265917 0.7449817518248175 0.020429009193054137 0.04288321167883212
0 0.0446033367381682 0.5606751824817519 0.02247191011235955 0.05018248175182482
