0 0.9491833030852994 0.23111510791366907 0.03901996370235935 0.16007194244604317
0 0.911070780399274 0.24910071942446044 0.0499092558983666 0.1960431654676259
0 0.8759074410163339 0.23381294964028776 0.04945553539019964 0.16546762589928057
0 0.8387023593466425 0.22841726618705036 0.04673321234119782 0.17625899280575538
0 0.8067150635208712 0.2302158273381295 0.04809437386569873 0.15467625899280577
0 0.7740471869328494 0.21762589928057555 0.0426497277676951 0.1906474820143885
0 0.7375226860254084 0.2239208633093525 0.050362976406533574 0.13489208633093525
0 0.7012250453720508 0.2185251798561151 0.03584392014519056 0.13489208633093525
0 0.6751361161524501 0.210431654676259 0.04083484573502722 0.18705035971223022
0 0.6392921960072595 0.21672661870503598 0.0426497277676951 0.16366906474820145
0 0.5991379310344828 0.2077338129496403 0.02676950998185118 0.10251798561151079
0 0.9373865698729582 0.552158273381295 0.038112522686025406 0.15827338129496402
0 0.9038112522686026 0.5449640287769785 0.0426497277676951 0.18345323741007194
0 0.8691016333938294 0.5584532374100719 0.03765880217785844 0.13848920863309352
0 0.8387023593466425 0.5368705035971223 0.05127041742286751 0.2068345323741007
0 0.800589836660617 0.5476618705035972 0.04038112522686026 0.17086330935251798
0 0.7647459165154264 0.552158273381295 0.03765880217785844 0.1618705035971223
0 0.7318511796733213 0.5386690647482014 0.03901996370235935 0.1672661870503597
0 0.6991833030852994 0.5368705035971223 0.032667876588021776 0.1564748201438849
0 0.6694646098003629 0.5422661870503597 0.03312159709618875 0.12410071942446044
0 0.6304446460980037 0.5503597122302158 0.044918330308529944 0.15467625899280577
0 0.9369328493647913 0.8651079136690647 0.043557168784029036 0.17266187050359713
0 0.9004083484573503 0.8588129496402878 0.03130671506352087 0.1420863309352518
0 0.867059891107078 0.8516187050359713 0.038112522686025406 0.12050359712230216
0 0.8409709618874773 0.8453237410071942 0.04038112522686026 0.1618705035971223
0 0.800589836660617 0.8426258992805755 0.04673321234119782 0.1564748201438849
0 0.7661070780399274 0.8435251798561151 0.03130671506352087 0.16546762589928057
0 0.734573502722323 0.8471223021582733 0.03539019963702359 0.15467625899280577
0 0.7053085299455535 0.8561151079136691 0.03856624319419238 0.16546762589928057
0 0.6678765880217786 0.8345323741007195 0.043557168784029036 0.15467625899280577
0 0.6313520871143375 0.8462230215827338 0.0249546279491833 0.10611510791366907
0 0.5975499092558983 0.8309352517985612 0.0426497277676951 0.12949640287769784
0 0.5607985480943739 0.8363309352517986 0.036297640653357534 0.20503597122302158
0 0.5322141560798548 0.8318345323741008 0.02631578947368421 0.10611510791366907
0 0.5603448275862069 0.5359712230215827 0.03176043557168784 0.15467625899280577
0 0.5671506352087115 0.20323741007194246 0.043557168784029036 0.16546762589928057
0 0.5367513611615246 0.210431654676259 0.034482758620689655 0.1510791366906475
0 0.5022686025408348 0.19964028776978418 0.038112522686025406 0.16546762589928057
0 0.4650635208711434 0.20053956834532374 0.03720508166969147 0.16007194244604317
0 0.4280852994555354 0.19874100719424462 0.0367513611615245 0.12050359712230216
0 0.39133393829401086 0.20593525179856115 0.03584392014519056 0.11690647482014388
0 0.338929219600726 0.18525179856115107 0.0426497277676951 0.1474820143884892
0 0.29945553539019965 0.19154676258992806 0.0426497277676951 0.16007194244604317
0 0.2631578947368421 0.18974820143884893 0.03720508166969147 0.1564748201438849
0 0.22686025408348456 0.17176258992805754 0.036297640653357534 0.1564748201438849
0 0.19532667876588022 0.18794964028776978 0.03312159709618875 0.14928057553956833
0 0.16401996370235936 0.18345323741007194 0.03584392014519056 0.1618705035971223
0 0.12840290381125227 0.17446043165467626 0.038112522686025406 0.1510791366906475
0 0.5274500907441017 0.5116906474820144 0.044918330308529944 0.12410071942446044
0 0.49069872958257715 0.5179856115107914 0.04128856624319419 0.17266187050359713
0 0.4525862068965517 0.5161870503597122 0.034936479128856626 0.13309352517985612
0 0.42445553539019965 0.5062949640287769 0.04128856624319419 0.17446043165467626
0 0.3915607985480944 0.5197841726618705 0.036297640653357534 0.17266187050359713
0 0.3618421052631579 0.49910071942446044 0.03221415607985481 0.1528776978417266
0 0.32146098003629764 0.5062949640287769 0.052177858439201454 0.18165467625899281
0 0.286070780399274 0.5089928057553957 0.03402903811252268 0.16906474820143885
0 0.2531760435571688 0.5035971223021583 0.029945553539019964 0.11510791366906475
0 0.22005444646098005 0.49280575539568344 0.036297640653357534 0.17266187050359713
0 0.19033575317604357 0.5080935251798561 0.0367513611615245 0.1420863309352518
0 0.15653357531760437 0.48651079136690645 0.041742286751361164 0.17805755395683454
0 0.1265880217785844 0.48381294964028776 0.034482758620689655 0.12949640287769784
0 0.4895644283121597 0.835431654676259 0.043557168784029036 0.1420863309352518
0 0.45803085299455537 0.8273381294964028 0.030399274047186932 0.15827338129496402
0 0.42740471869328495 0.8282374100719424 0.03357531760435572 0.1672661870503597
0 0.38883847549909256 0.810251798561151 0.034482758620689655 0.14928057553956833
0 0.3588929219600726 0.8174460431654677 0.038112522686025406 0.18165467625899281
0 0.32667876588021777 0.8165467625899281 0.038112522686025406 0.15467625899280577
0 0.2962794918330309 0.7994604316546763 0.0426497277676951 0.14568345323741008
0 0.257032667876588 0.795863309352518 0.03856624319419238 0.1420863309352518
0 0.09278584392014519 0.17446043165467626 0.03312159709618875 0.14388489208633093
0 0.06215970961887477 0.17535971223021582 0.03357531760435572 0.1420863309352518
0 0.03176043557168784 0.17266187050359713 0.039927404718693285 0.15467625899280577
0 0.0896098003629764 0.4766187050359712 0.039473684210526314 0.1618705035971223
0 0.059437386569872956 0.48741007194244607 0.039927404718693285 0.1474820143884892
0 0.021098003629764064 0.48741007194244607 0.039473684210526314 0.15467625899280577
0 0.22300362976406535 0.8030575539568345 0.034936479128856626 0.12050359712230216
0 0.18625226860254082 0.7877697841726619 0.04673321234119782 0.20503597122302158
0 0.15471869328493648 0.7994604316546763 0.03357531760435572 0.12050359712230216
0 0.11978221415607986 0.7841726618705036 0.03720508166969147 0.13309352517985612
0 0.08507259528130671 0.7868705035971223 0.034936479128856626 0.1420863309352518
0 0.052858439201451904 0.7904676258992805 0.03130671506352087 0.12769784172661872
0 0.020871143375680582 0.7679856115107914 0.034482758620689655 0.18345323741007194
