0 0.9751743947476406 0.05045454545454545 0.026672137874435783 0.09909090909090909
0 0.9489125974558884 0.06545454545454546 0.030775543701272057 0.0890909090909091
0 0.9185473943372999 0.07863636363636364 0.028313500205170292 0.11181818181818182
0 0.8906442347148132 0.09272727272727273 0.03652031185884284 0.11090909090909092
0 0.83258104226508 0.12272727272727273 0.03939269593762823 0.10727272727272727
0 0.7956503898235535 0.14454545454545453 0.030365203118588428 0.09090909090909091
0 0.7718506360279032 0.15227272727272728 0.03364792778005745 0.09363636363636364
0 0.7369716864997948 0.1759090909090909 0.027903159622486663 0.06636363636363636
0 0.7076323348379154 0.19454545454545455 0.007796471070988921 0.02909090909090909
0 0.6670086171522364 0.22090909090909092 0.043906442347148134 0.10181818181818182
0 0.9626590069757899 0.21681818181818183 0.03282724661469019 0.09363636363636364
0 0.9390644234714813 0.2340909090909091 0.03487894952810833 0.10272727272727272
0 0.8970045137464095 0.25136363636363634 0.053344275748871565 0.11
0 0.8691013541239229 0.26636363636363636 0.030365203118588428 0.10363636363636364
0 0.8385309807139926 0.2818181818181818 0.03487894952810833 0.10909090909090909
0 0.8102174805088224 0.3009090909090909 0.029134181370537547 0.08
0 0.785186704965121 0.3181818181818182 0.029954862535904802 0.10181818181818182
0 0.7587197373820271 0.33 0.03528929011079196 0.10909090909090909
0 0.7312269183422241 0.3468181818181818 0.030365203118588428 0.11363636363636363
0 0.6988100123102174 0.35954545454545456 0.0344686089454247 0.10636363636363637
0 0.6663931062782109 0.385 0.03775133360689372 0.11
0 0.6253590480098482 0.40045454545454545 0.04513746409519902 0.1190909090909091
0 0.9673779236766517 0.37863636363636366 0.039803036520311856 0.09363636363636364
0 0.9341403364792779 0.405 0.026672137874435783 0.09545454545454546
0 0.9080837094788674 0.41363636363636364 0.04185473943373 0.10909090909090909
0 0.8773081657775954 0.42954545454545456 0.04267542059909725 0.11363636363636363
0 0.8440705785802216 0.45181818181818184 0.02708247845711941 0.06545454545454546
0 0.8225276979893311 0.4636363636363636 0.035699630693475586 0.10545454545454545
0 0.7917521542880591 0.48409090909090907 0.028313500205170292 0.07363636363636364
0 0.7622076323348379 0.5027272727272727 0.043085761181780875 0.10909090909090909
0 0.7289700451374641 0.514090909090909 0.043906442347148134 0.1009090909090909
0 0.7008617152236356 0.5318181818181819 0.016413623307345096 0.034545454545454546
0 0.6723430447271235 0.5468181818181819 0.040623717685679114 0.09
0 0.6417726713171933 0.57 0.03364792778005745 0.09090909090909091
0 0.6165367254821502 0.5836363636363636 0.029134181370537547 0.0890909090909091
0 0.5900697578990562 0.595 0.03282724661469019 0.09727272727272727
0 0.5615510874025441 0.6068181818181818 0.035699630693475586 0.09909090909090909
0 0.5227739023389413 0.6268181818181818 0.031185884283955682 0.09181818181818181
0 0.48933114485022566 0.6559090909090909 0.043085761181780875 0.11363636363636363
0 0.45917111202297906 0.6631818181818182 0.030365203118588428 0.09909090909090909
0 0.43619203939269596 0.6718181818181819 0.03939269593762823 0.12545454545454546
0 0.6001231021748051 0.4040909090909091 0.025851456709068528 0.08636363636363636
0 0.5709889208042676 0.43772727272727274 0.04718916700861715 0.11
0 0.5504718916700861 0.44181818181818183 0.035699630693475586 0.10181818181818182
0 0.5194911776774723 0.4627272727272727 0.03775133360689372 0.1
0 0.4844070578580222 0.48454545454545456 0.04554780467788264 0.10909090909090909
0 0.4466557242511284 0.5013636363636363 0.038161674189577346 0.10272727272727272
0 0.4208042675420599 0.5186363636363637 0.041444398851046366 0.11363636363636363
0 0.6267952400492409 0.24454545454545454 0.04554780467788264 0.11090909090909092
0 0.5933524825605252 0.25545454545454543 0.030365203118588428 0.10181818181818182
0 0.5699630693475585 0.2727272727272727 0.0344686089454247 0.09090909090909091
0 0.5375461633155519 0.29 0.03364792778005745 0.0890909090909091
0 0.5028723840787854 0.3059090909090909 0.037340993024210095 0.10454545454545454
0 0.47066064833812066 0.325 0.03857201477226098 0.09909090909090909
0 0.44501436192039395 0.3377272727272727 0.042265080016413624 0.11545454545454545
0 0.38695116947066066 0.37636363636363634 0.03939269593762823 0.10909090909090909
0 0.3559704554780468 0.38545454545454544 0.030775543701272057 0.08363636363636363
0 0.39105457529749693 0.5354545454545454 0.03693065244152647 0.12
0 0.36130488305293396 0.5472727272727272 0.029954862535904802 0.0890909090909091
0 0.3372999589659417 0.5568181818181818 0.0344686089454247 0.10454545454545454
0 0.30939679934345504 0.5772727272727273 0.03775133360689372 0.10181818181818182
0 0.29544521953221176 0.4122727272727273 0.04021337710299549 0.09181818181818181
0 0.40131308986458764 0.7009090909090909 0.04021337710299549 0.1290909090909091
0 0.37525646286417724 0.7190909090909091 0.029954862535904802 0.09272727272727273
0 0.3487894952810833 0.7195454545454546 0.03364792778005745 0.08272727272727273
0 0.31986048420188756 0.7440909090909091 0.038161674189577346 0.10636363636363637
0 0.2814936397209684 0.764090909090909 0.029544521953221173 0.08272727272727273
0 0.2556421830118999 0.7768181818181819 0.03200656544932294 0.07909090909090909
0 0.2788264259335248 0.5986363636363636 0.03487894952810833 0.08272727272727273
0 0.24497332786212556 0.6186363636363637 0.03693065244152647 0.12636363636363637
0 0.21768567911366435 0.634090909090909 0.03487894952810833 0.1009090909090909
0 0.1885514977431268 0.649090909090909 0.029134181370537547 0.1
0 0.16249487074271646 0.6568181818181819 0.04103405826836274 0.08636363636363636
0 0.13356585966352072 0.6731818181818182 0.03652031185884284 0.10818181818181818
0 0.263233483791547 0.43318181818181817 0.029134181370537547 0.07727272727272727
0 0.2394337299958966 0.4486363636363636 0.027492819039803038 0.10272727272727272
0 0.21358227328682808 0.4577272727272727 0.037340993024210095 0.09909090909090909
0 0.18013951579811244 0.4822727272727273 0.0254411161263849 0.07727272727272727
0 0.15633976200246205 0.49636363636363634 0.0344686089454247 0.0890909090909091
0 0.22548215018465326 0.7945454545454546 0.037340993024210095 0.08363636363636363
0 0.1723430447271235 0.8195454545454546 0.04103405826836274 0.09727272727272727
0 0.1345917111202298 0.8431818181818181 0.04185473943373 0.10272727272727272
0 0.10525235945835043 0.8595454545454545 0.040623717685679114 0.09909090909090909
0 0.07529749692244563 0.8790909090909091 0.03487894952810833 0.10545454545454545
0 0.04554780467788264 0.8877272727272727 0.02379975379565039 0.057272727272727274
0 0.09971276159212146 0.6904545454545454 0.03857201477226098 0.1009090909090909
0 0.07160443167829299 0.7031818181818181 0.034058268362741076 0.08272727272727273
0 0.049446040213377104 0.7327272727272728 0.03652031185884284 0.10545454545454545
0 0.11366434140336479 0.5136363636363637 0.04759950759130078 0.10727272727272727
0 0.0839146491588018 0.5354545454545454 0.037340993024210095 0.10727272727272727
0 0.05313910545752975 0.5527272727272727 0.03652031185884284 0.10545454545454545
0 0.021953221173574067 0.5713636363636364 0.03652031185884284 0.08454545454545455
0 0.01600328272466147 0.7454545454545455 0.026261797291752154 0.10727272727272727
0 0.9897414854329093 0.37636363636363634 0.018054985638079606 0.09818181818181818
