0 0.9598119502578101 0.5011655011655012 0.011222323324234153 0.04895104895104895
0 0.9419168941461935 0.4976689976689977 0.013042159538974826 0.039627039627039624
0 0.9181073703366697 0.49009324009324007 0.013345465574764938 0.054778554778554776
0 0.8965726417955717 0.47785547785547783 0.016985138004246284 0.06293706293706294
0 0.8680618744313012 0.4603729603729604 0.008492569002123142 0.030303030303030304
0 0.8219593569912041 0.44347319347319347 0.013345465574764938 0.0641025641025641
0 0.7983014861995754 0.4423076923076923 0.01637852593266606 0.05244755244755245
0 0.9358507734303912 0.696969696969697 0.017288444040036398 0.04195804195804196
0 0.9084015771913861 0.6917249417249417 0.014558689717925387 0.05011655011655012
0 0.8880800727934486 0.6789044289044289 0.015165301789505611 0.047785547785547784
0 0.8656354261449802 0.6748251748251748 0.015165301789505611 0.055944055944055944
0 0.8412192902638762 0.6538461538461539 0.022141340612678192 0.06060606060606061
0 0.9490445859872612 0.916083916083916 0.013345465574764938 0.04195804195804196
0 0.9340309372156506 0.9125874125874126 0.014255383682135275 0.053613053613053616
0 0.8980891719745223 0.8933566433566433 0.01637852593266606 0.054778554778554776
0 0.8753412192902639 0.8898601398601399 0.020018198362147407 0.054778554778554776
0 0.8553230209281165 0.8863636363636364 0.02062481043372763 0.0780885780885781
0 0.816196542311192 0.6503496503496503 0.017591750075826508 0.053613053613053616
0 0.7983014861995754 0.6381118881118881 0.01091901728844404 0.03613053613053613
0 0.7722171671216257 0.6392773892773893 0.01637852593266606 0.06876456876456877
0 0.7494692144373672 0.6212121212121212 0.015165301789505611 0.0675990675990676
0 0.7898089171974523 0.8513986013986014 0.011525629360024265 0.047785547785547784
0 0.7616014558689718 0.8362470862470862 0.015165301789505611 0.06876456876456877
0 0.740521686381559 0.8304195804195804 0.016075219896875947 0.06177156177156177
0 0.7153472854109797 0.8135198135198135 0.015468607825295723 0.05827505827505827
0 0.6906278434940856 0.8094405594405595 0.013345465574764938 0.054778554778554776
0 0.6731877464361541 0.8111888111888111 0.015468607825295723 0.05827505827505827
0 0.6425538368213527 0.7878787878787878 0.02032150439793752 0.08391608391608392
0 0.7020018198362148 0.6072261072261073 0.014861995753715499 0.055944055944055944
0 0.6795571731877464 0.5932400932400932 0.011828935395814377 0.039627039627039624
0 0.6546860782529572 0.5804195804195804 0.010615711252653927 0.04195804195804196
0 0.7685774946921444 0.42715617715617715 0.014558689717925387 0.07109557109557109
0 0.7471944191689415 0.40792540792540793 0.01364877161055505 0.08391608391608392
0 0.7259629966636336 0.40675990675990675 0.01364877161055505 0.055944055944055944
0 0.7062481043372764 0.3916083916083916 0.015468607825295723 0.07226107226107226
0 0.6821352744919624 0.38752913752913754 0.013345465574764938 0.054778554778554776
0 0.6592356687898089 0.3776223776223776 0.01668183196845617 0.06993006993006994
0 0.6334546557476494 0.3543123543123543 0.021534728541097968 0.05827505827505827
0 0.6084319077949651 0.3572261072261072 0.011525629360024265 0.04079254079254079
0 0.627085228996057 0.567016317016317 0.014861995753715499 0.0641025641025641
0 0.6070670306339097 0.5617715617715617 0.016075219896875947 0.06526806526806526
0 0.583864118895966 0.5547785547785548 0.013952077646345162 0.05128205128205128
0 0.6173794358507735 0.7768065268065268 0.017288444040036398 0.054778554778554776
0 0.5931149529875644 0.7692307692307693 0.01364877161055505 0.055944055944055944
0 0.572945101607522 0.7558275058275058 0.015165301789505611 0.04079254079254079
0 0.5494388838337882 0.7517482517482518 0.011222323324234153 0.04195804195804196
0 0.5315438277221717 0.7441724941724942 0.011828935395814377 0.038461538461538464
0 0.5024264482863209 0.7313519813519813 0.014255383682135275 0.05944055944055944
0 0.47588717015468607 0.722027972027972 0.011525629360024265 0.047785547785547784
0 0.5608128601759175 0.5413752913752914 0.012738853503184714 0.03613053613053613
0 0.5374582954200788 0.5355477855477856 0.014558689717925387 0.05710955710955711
0 0.5128905065210798 0.5209790209790209 0.014558689717925387 0.046620046620046623
0 0.48422808613891416 0.5099067599067599 0.010615711252653927 0.05011655011655012
0 0.459356991204125 0.7097902097902098 0.01364877161055505 0.046620046620046623
0 0.46709129511677283 0.5005827505827506 0.007279344858962694 0.026806526806526808
0 0.43994540491355777 0.49184149184149184 0.01668183196845617 0.05827505827505827
0 0.41901728844404 0.48717948717948717 0.00940248710949348 0.039627039627039624
0 0.43342432514407037 0.7033799533799534 0.015771913861085837 0.047785547785547784
0 0.5846223839854413 0.34382284382284384 0.013042159538974826 0.0675990675990676
0 0.5600545950864422 0.3275058275058275 0.010009099181073703 0.055944055944055944
0 0.5397330906885047 0.32634032634032634 0.0124355474673946 0.05827505827505827
0 0.5150136487716106 0.317016317016317 0.015771913861085837 0.053613053613053616
0 0.4905975128905065 0.29836829836829837 0.015468607825295723 0.06993006993006994
0 0.464816499848347 0.2913752913752914 0.00940248710949348 0.04895104895104895
0 0.4454049135577798 0.28496503496503495 0.0124355474673946 0.06643356643356643
0 0.4205338186229906 0.28263403263403264 0.0124355474673946 0.05944055944055944
0 0.3965726417955717 0.2744755244755245 0.016075219896875947 0.0641025641025641
0 0.3697300576281468 0.25466200466200467 0.016985138004246284 0.06876456876456877
0 0.327115559599636 0.24417249417249418 0.006976038823172581 0.04312354312354312
0 0.3064907491659084 0.23193473193473194 0.008795875037913254 0.05827505827505827
0 0.27661510464058237 0.21794871794871795 0.019411586290567183 0.04895104895104895
0 0.3958143767060964 0.46794871794871795 0.018198362147406732 0.07342657342657342
0 0.3680618744313012 0.47027972027972026 0.01910828025477707 0.07109557109557109
0 0.34743706399757357 0.45104895104895104 0.014861995753715499 0.04195804195804196
0 0.3275705186533212 0.44405594405594406 0.011525629360024265 0.039627039627039624
0 0.4088565362450713 0.6923076923076923 0.022444646648468305 0.0979020979020979
0 0.3797391568092205 0.6783216783216783 0.015165301789505611 0.04895104895104895
0 0.3632089778586594 0.6824009324009324 0.017288444040036398 0.07575757575757576
0 0.3386411889596603 0.6637529137529138 0.010009099181073703 0.03146853146853147
0 0.3151349711859266 0.6555944055944056 0.015771913861085837 0.054778554778554776
0 0.26706096451319383 0.6357808857808858 0.01910828025477707 0.05710955710955711
0 0.2245981195025781 0.6206293706293706 0.00940248710949348 0.047785547785547784
0 0.1948741279951471 0.6083916083916084 0.013042159538974826 0.04195804195804196
0 0.16924476797088261 0.5955710955710956 0.015771913861085837 0.046620046620046623
0 0.25326053988474373 0.41083916083916083 0.009705793145283591 0.054778554778554776
0 0.2308158932362754 0.40034965034965037 0.01091901728844404 0.05011655011655012
0 0.2045799211404307 0.38694638694638694 0.014861995753715499 0.046620046620046623
0 0.2570518653321201 0.20163170163170163 0.011222323324234153 0.04895104895104895
0 0.2321807703973309 0.19696969696969696 0.014861995753715499 0.04195804195804196
0 0.20761298149833182 0.18473193473193472 0.014255383682135275 0.054778554778554776
0 0.1842584167424932 0.1789044289044289 0.014861995753715499 0.05244755244755245
0 0.18061874431301184 0.3921911421911422 0.006369426751592357 0.045454545454545456
0 0.1554443433424325 0.3793706293706294 0.01668183196845617 0.0641025641025641
0 0.16014558689717925 0.1660839160839161 0.013952077646345162 0.05944055944055944
0 0.13572945101607523 0.15384615384615385 0.018501668183196845 0.06293706293706294
0 0.08932362754018805 0.1381118881118881 0.014255383682135275 0.0641025641025641
0 0.06718228692750985 0.14044289044289043 0.013042159538974826 0.07109557109557109
0 0.13133151349711858 0.3712121212121212 0.012738853503184714 0.06876456876456877
0 0.10555050045495905 0.3578088578088578 0.015771913861085837 0.05827505827505827
0 0.06157112526539278 0.3339160839160839 0.013952077646345162 0.054778554778554776
0 0.14331210191082802 0.5874125874125874 0.014255383682135275 0.06526806526806526
0 0.12344555656657567 0.5722610722610723 0.01091901728844404 0.03496503496503497
0 0.0981195025781013 0.5652680652680653 0.014255383682135275 0.05128205128205128
0 0.07734303912647862 0.5629370629370629 0.014558689717925387 0.05827505827505827
0 0.04549590536851683 0.548951048951049 0.015165301789505611 0.046620046620046623
