0 0.2512022630834512 0.4900990099009901 0.015841584158415842 0.04950495049504951
0 0.2657708628005658 0.4910891089108911 0.014427157001414427 0.09504950495049505
0 0.2471004243281471 0.6465346534653466 0.02178217821782178 0.1405940594059406
0 0.2500707213578501 0.6712871287128713 0.013012729844413012 0.18217821782178217
0 0.267043847241867 0.6415841584158416 0.019236209335219235 0.1900990099009901
0 0.26506364922206505 0.21485148514851485 0.029985855728429985 0.10891089108910891
0 0.2835926449787836 0.21782178217821782 0.02743988684582744 0.1782178217821782
0 0.2966053748231966 0.22178217821782178 0.010466760961810467 0.201980198019802
0 0.28585572842998586 0.7138613861386138 0.021216407355021217 0.1603960396039604
0 0.30424328147100427 0.6811881188118812 0.025176803394625177 0.11485148514851486
0 0.30495049504950494 0.4752475247524752 0.012446958981612447 0.09504950495049505
0 0.3198019801980198 0.5198019801980198 0.008203677510608205 0.11683168316831684
0 0.32164073550212163 0.21287128712871287 0.02263083451202263 0.11683168316831684
0 0.3338048090523338 0.21287128712871287 0.020933521923620933 0.2
0 0.32998585572843 0.7099009900990099 0.022913719943422915 0.12475247524752475
0 0.35304101838755303 0.6821782178217822 0.016973125884016973 0.16435643564356436
0 0.35487977369165485 0.25742574257425743 0.018953323903818955 0.13861386138613863
0 0.37142857142857144 0.25346534653465347 0.028854314002828854 0.09900990099009901
0 0.3783592644978784 0.5445544554455446 0.011598302687411598 0.12673267326732673
0 0.36661951909476664 0.7059405940594059 0.011881188118811881 0.21584158415841584
0 0.3758132956152758 0.7029702970297029 0.008203677510608205 0.19801980198019803
0 0.39434229137199434 0.504950495049505 0.01640735502121641 0.07524752475247524
0 0.39476661951909475 0.22475247524752476 0.028005657708628007 0.2
0 0.41315417256011316 0.5108910891089109 0.012164073550212163 0.12673267326732673
0 0.4183875530410184 0.6762376237623763 0.022065063649222064 0.1603960396039604
0 0.414002828854314 0.23564356435643563 0.03026874115983027 0.14653465346534653
0 0.4363507779349364 0.5237623762376238 0.008203677510608205 0.17623762376237623
0 0.441018387553041 0.7 0.013578500707213578 0.2079207920792079
0 0.43323903818953324 0.24356435643564356 0.020084865629420086 0.1306930693069307
0 0.47015558698727017 0.7148514851485148 0.01867043847241867 0.18613861386138614
0 0.4659123055162659 0.5306930693069307 0.019801980198019802 0.09108910891089109
0 0.4975954738330976 0.7217821782178218 0.01640735502121641 0.13267326732673268
0 0.5142857142857142 0.7435643564356436 0.024328147100424326 0.10495049504950495
0 0.5045261669024045 0.5396039603960396 0.014427157001414427 0.061386138613861385
0 0.5305516265912306 0.5544554455445545 0.013861386138613862 0.14653465346534653
0 0.5104667609618104 0.296039603960396 0.013861386138613862 0.26732673267326734
0 0.5289957567185289 0.24356435643564356 0.02942008486562942 0.14257425742574256
0 0.5465346534653466 0.5732673267326732 0.010183875530410185 0.12475247524752475
0 0.557001414427157 0.7524752475247525 0.02036775106082037 0.07920792079207921
0 0.5732673267326732 0.7099009900990099 0.02347949080622348 0.09306930693069307
0 0.574964639321075 0.5356435643564357 0.016124469589816125 0.12475247524752475
0 0.5547383309759547 0.2613861386138614 0.01640735502121641 0.18613861386138614
0 0.5752475247524752 0.28217821782178215 0.014427157001414427 0.19603960396039605
0 0.5898161244695899 0.25346534653465347 0.024893917963224894 0.21386138613861386
0 0.6016973125884016 0.5227722772277228 0.01471004243281471 0.09108910891089109
0 0.614992927864215 0.7326732673267327 0.009618104667609617 0.1504950495049505
0 0.6128712871287129 0.24158415841584158 0.02574257425742574 0.1900990099009901
0 0.6272984441301273 0.28415841584158413 0.02743988684582744 0.1405940594059406
0 0.6497878359264498 0.22277227722772278 0.02036775106082037 0.1485148514851485
0 0.6657708628005657 0.26633663366336635 0.02461103253182461 0.16831683168316833
0 0.6553041018387553 0.5495049504950495 0.013861386138613862 0.1485148514851485
0 0.6376237623762376 0.7534653465346535 0.01640735502121641 0.13267326732673268
0 0.6516265912305517 0.7574257425742574 0.014427157001414427 0.10891089108910891
0 0.6834512022630834 0.2871287128712871 0.016973125884016973 0.2495049504950495
0 0.7089108910891089 0.298019801980198 0.011315417256011316 0.24356435643564356
0 0.6731258840169732 0.5663366336633663 0.018387553041018388 0.08712871287128712
0 0.6734087694483734 0.7514851485148515 0.014992927864214993 0.13663366336633664
0 0.690947666195191 0.7425742574257426 0.020084865629420086 0.10297029702970296
0 0.688967468175389 0.5623762376237624 0.015558698727015558 0.1188118811881188
0 0.7151343705799151 0.5534653465346535 0.013578500707213578 0.14455445544554454
0 0.7230551626591231 0.2811881188118812 0.022065063649222064 0.11485148514851486
0 0.7448373408769449 0.5475247524752476 0.019236209335219235 0.09306930693069307
0 0.7248939179632249 0.7524752475247525 0.010466760961810467 0.18613861386138614
0 0.7465346534653465 0.7584158415841584 0.02263083451202263 0.1504950495049505
0 0.7434229137199434 0.3069306930693069 0.019801980198019802 0.14653465346534653
0 0.7543140028288543 0.29405940594059404 0.021216407355021217 0.1405940594059406
0 0.7834512022630834 0.3188118811881188 0.013861386138613862 0.24158415841584158
0 0.7810466760961811 0.7603960396039604 0.016973125884016973 0.18217821782178217
0 0.7977369165487977 0.5782178217821782 0.013012729844413012 0.09504950495049505
0 0.7992927864214993 0.7623762376237624 0.01951909476661952 0.10693069306930693
0 0.8209335219236209 0.3207920792079208 0.028288543140028287 0.22574257425742575
0 0.8415841584158416 0.32574257425742575 0.023196605374823195 0.11683168316831684
0 0.8519094766619519 0.32772277227722774 0.01272984441301273 0.2633663366336634
0 0.826025459688826 0.7792079207920792 0.015275813295615276 0.1603960396039604
0 0.8141442715700141 0.5742574257425742 0.010183875530410185 0.13861386138613863
0 0.845968882602546 0.800990099009901 0.01782178217821782 0.12871287128712872
0 0.865912305516266 0.7871287128712872 0.019801980198019802 0.06930693069306931
0 0.8647807637906648 0.5772277227722772 0.009618104667609617 0.11683168316831684
0 0.8702970297029703 0.33564356435643566 0.007072135785007072 0.19603960396039605
0 0.8967468175388967 0.3346534653465347 0.020933521923620933 0.13465346534653466
0 0.9104667609618105 0.35346534653465345 0.028005657708628007 0.11683168316831684
0 0.8871287128712871 0.5831683168316831 0.01867043847241867 0.06930693069306931
0 0.8803394625176804 0.7514851485148515 0.011315417256011316 0.13267326732673268
0 0.8930693069306931 0.7930693069306931 0.02942008486562942 0.1405940594059406
0 0.9070721357850071 0.600990099009901 0.016124469589816125 0.08514851485148515
0 0.9263083451202263 0.595049504950495 0.018387553041018388 0.061386138613861385
0 0.9178217821782179 0.7940594059405941 0.016124469589816125 0.10693069306930693
0 0.9418670438472418 0.593069306930693 0.014427157001414427 0.07326732673267326
0 0.938048090523338 0.7792079207920792 0.01640735502121641 0.0891089108910891
0 0.9463932107496464 0.3306930693069307 0.012164073550212163 0.1702970297029703
0 0.9683168316831683 0.3326732673267327 0.028288543140028287 0.14257425742574256
0 0.9913719943422914 0.37524752475247525 0.014427157001414427 0.1405940594059406
0 0.9606789250353607 0.6049504950495049 0.013012729844413012 0.061386138613861385
0 0.9585572842998585 0.7821782178217822 0.02065063649222065 0.11089108910891089
0 0.9804809052333805 0.7673267326732673 0.026591230551626592 0.12871287128712872
0 0.3997171145685997 0.7237623762376237 0.007920792079207921 0.13663366336633664
0 0.4937765205091938 0.2584158415841584 0.014992927864214993 0.14455445544554454
0 0.48203677510608206 0.28217821782178215 0.011881188118811881 0.15247524752475247
0 0.6172560113154173 0.5693069306930693 0.009052333804809052 0.02178217821782178
