0 0.9424037613870114 0.3104089219330855 0.013517484572436086 0.03717472118959108
0 0.9166911548633558 0.3173791821561338 0.017337643255950632 0.047397769516728624
0 0.9228621804290332 0.49674721189591076 0.012048192771084338 0.03810408921933085
0 0.8990596532471349 0.5069702602230484 0.012048192771084338 0.0362453531598513
0 0.8776079929473993 0.516728624535316 0.01968851013811343 0.05204460966542751
0 0.8545401116661769 0.5315985130111525 0.012929767851895386 0.04460966542750929
0 0.8280928592418454 0.5422862453531598 0.014692918013517485 0.04368029739776952
0 0.8042903320599472 0.5525092936802974 0.014692918013517485 0.047397769516728624
0 0.766382603585072 0.39684014869888473 0.015280634734058184 0.05018587360594796
0 0.7912136350279165 0.3777881040892193 0.015574493094328533 0.0362453531598513
0 0.8170731707317073 0.3763940520446097 0.016749926535409933 0.04460966542750929
0 0.8419042021745519 0.366635687732342 0.011166617690273288 0.04553903345724907
0 0.892447840141052 0.33271375464684017 0.014692918013517485 0.05947955390334572
0 0.8996473699676756 0.1579925650557621 0.012635909491625037 0.04460966542750929
0 0.8801057890096974 0.16449814126394052 0.01763150161622098 0.048327137546468404
0 0.8549808992065824 0.17843866171003717 0.012635909491625037 0.03903345724907063
0 0.8300029385836027 0.18773234200743494 0.017337643255950632 0.048327137546468404
0 0.8037026153394065 0.20074349442379183 0.011754334410813987 0.04275092936802974
0 0.7826917425800765 0.20910780669144982 0.010872759330002939 0.03903345724907063
0 0.7333235380546577 0.23094795539033458 0.013223626212165737 0.0362453531598513
0 0.7134880987364091 0.24628252788104088 0.011166617690273288 0.03345724907063197
0 0.6845430502497796 0.2569702602230483 0.01792535997649133 0.05111524163568773
0 0.6629444607699089 0.2704460966542751 0.009403467528651191 0.031598513011152414
0 0.6961504554804584 0.42146840148698883 0.006464883925947693 0.02509293680297398
0 0.7095210108727593 0.5985130111524164 0.012048192771084338 0.046468401486988845
0 0.6372318542462533 0.2788104089219331 0.01616220981486923 0.05018587360594796
0 0.6157801939465177 0.2871747211895911 0.013223626212165737 0.046468401486988845
0 0.5878636497208346 0.30297397769516726 0.012635909491625037 0.03717472118959108
0 0.6508962679988246 0.4433085501858736 0.011166617690273288 0.03717472118959108
0 0.6813106082868058 0.6101301115241635 0.00910960916838084 0.02695167286245353
0 0.6600058771672054 0.6180297397769516 0.014692918013517485 0.02973977695167286
0 0.6397296503085512 0.6273234200743495 0.015280634734058184 0.046468401486988845
0 0.6265060240963856 0.45260223048327136 0.01821921833676168 0.05018587360594796
0 0.6035850719952983 0.4674721189591078 0.011754334410813987 0.04275092936802974
0 0.5900675874228621 0.6514869888475836 0.009403467528651191 0.031598513011152414
0 0.5696444313840728 0.6644981412639405 0.010285042609462239 0.027881040892193308
0 0.5437848956802821 0.6784386617100372 0.008521892447840141 0.03345724907063197
0 0.520129297678519 0.6877323420074349 0.012342051131354687 0.05204460966542751
0 0.5036732295033793 0.6965613382899628 0.014105201292976785 0.04368029739776952
0 0.47046723479282987 0.7016728624535316 0.01763150161622098 0.05018587360594796
0 0.44828092859241847 0.7211895910780669 0.010872759330002939 0.031598513011152414
0 0.5815456949750221 0.48234200743494426 0.013517484572436086 0.040892193308550186
0 0.5562738759917719 0.48838289962825276 0.014105201292976785 0.04553903345724907
0 0.5111666176902733 0.5157992565055762 0.012635909491625037 0.031598513011152414
0 0.4891272406699971 0.5269516728624535 0.00969732588892154 0.02973977695167286
0 0.45768439612106965 0.5371747211895911 0.011460476050543638 0.03717472118959108
0 0.5642080517190714 0.31784386617100374 0.010578900969732588 0.040892193308550186
0 0.5418748163385249 0.32806691449814124 0.011166617690273288 0.031598513011152414
0 0.49662062885689096 0.3466542750929368 0.013517484572436086 0.03717472118959108
0 0.4725242433147223 0.36338289962825276 0.015280634734058184 0.055762081784386616
0 0.44886864531295917 0.3680297397769517 0.01616220981486923 0.048327137546468404
0 0.41904202174551863 0.7388475836431226 0.01763150161622098 0.05018587360594796
0 0.398325007346459 0.7453531598513011 0.015574493094328533 0.05018587360594796
0 0.43961210696444314 0.5539033457249071 0.013517484572436086 0.04460966542750929
0 0.4158095797825448 0.5599442379182156 0.016456068175139584 0.04368029739776952
0 0.39112547751983545 0.5724907063197026 0.01821921833676168 0.05762081784386617
0 0.36600058771672056 0.5841078066914498 0.01792535997649133 0.0604089219330855
0 0.33999412283279457 0.6003717472118959 0.014105201292976785 0.048327137546468404
0 0.31736702909197767 0.6026951672862454 0.01821921833676168 0.04553903345724907
0 0.42829856009403466 0.37825278810408924 0.012635909491625037 0.03531598513011153
0 0.4019982368498384 0.39358736059479554 0.014692918013517485 0.04925650557620818
0 0.3799588598295621 0.4093866171003718 0.01998236849838378 0.05111524163568773
0 0.35263003232441964 0.41821561338289964 0.015280634734058184 0.03903345724907063
0 0.32618277990008815 0.43447955390334575 0.015280634734058184 0.04368029739776952
0 0.3026741110784602 0.43866171003717475 0.012929767851895386 0.03345724907063197
0 0.284014105201293 0.4544609665427509 0.0073464590067587425 0.026022304832713755
0 0.258007640317367 0.4716542750929368 0.014692918013517485 0.039962825278810406
0 0.22818101674992652 0.48977695167286245 0.010285042609462239 0.03345724907063197
0 0.2920952101087276 0.6222118959107806 0.017043784895680283 0.04925650557620818
0 0.27034969144872173 0.6301115241635687 0.015280634734058184 0.05204460966542751
0 0.3264766382603585 0.779275092936803 0.014692918013517485 0.04553903345724907
0 0.35013223626212164 0.7755576208178439 0.006171025565677344 0.023234200743494422
0 0.3001763150161622 0.7941449814126395 0.020863943579194827 0.047397769516728624
0 0.2785777255362915 0.8011152416356877 0.014105201292976785 0.05390334572490706
0 0.2544813399941228 0.8155204460966543 0.012342051131354687 0.028810408921933085
0 0.23156038789303557 0.8350371747211895 0.011754334410813987 0.02695167286245353
0 0.21877754922127535 0.6524163568773235 0.017337643255950632 0.05204460966542751
0 0.19203643843667353 0.6756505576208178 0.01616220981486923 0.04275092936802974
0 0.17837202468410226 0.5065055762081785 0.015868351454598882 0.04460966542750929
0 0.15559800176315017 0.5171933085501859 0.00969732588892154 0.028810408921933085
0 0.13532177490449604 0.5297397769516728 0.014399059653247136 0.05018587360594796
0 0.16808698207464 0.6858736059479554 0.011166617690273288 0.04275092936802974
0 0.1501616220981487 0.6868029739776952 0.016456068175139584 0.05390334572490706
0 0.1600058771672054 0.8596654275092936 0.017337643255950632 0.05018587360594796
0 0.13164854540111667 0.8763940520446096 0.015280634734058184 0.055762081784386616
0 0.11063767264178666 0.8907992565055762 0.013223626212165737 0.04368029739776952
0 0.08448427857772553 0.8996282527881041 0.013811342932706435 0.040892193308550186
0 0.060240963855421686 0.9093866171003717 0.011754334410813987 0.03810408921933085
0 0.12283279459300617 0.7077137546468402 0.01821921833676168 0.04368029739776952
0 0.09594475462826918 0.7225836431226765 0.01616220981486923 0.062267657992565055
0 0.0712606523655598 0.7304832713754646 0.010872759330002939 0.03345724907063197
0 0.05612694681163679 0.7346654275092936 0.011166617690273288 0.03066914498141264
0 0.10843373493975904 0.54182156133829 0.014692918013517485 0.04275092936802974
0 0.08198648251542756 0.5594795539033457 0.012929767851895386 0.03717472118959108
0 0.06347340581839553 0.5669144981412639 0.011166617690273288 0.04275092936802974
