0 0.904042647712128 0.26533996683250416 0.02310084406930253 0.08623548922056384
0 0.8800533096401599 0.26119402985074625 0.011550422034651266 0.0812603648424544
0 0.8591737005775211 0.24212271973466004 0.014215904042647711 0.04311774461028192
0 0.8380719680142159 0.22470978441127695 0.006663705019991115 0.04145936981757877
0 0.8163038649489116 0.2263681592039801 0.01288316303864949 0.06467661691542288
0 0.8016437139049312 0.23548922056384744 0.01821412705464238 0.029850746268656716
0 0.7800977343402932 0.2562189054726368 0.01332741003998223 0.0845771144278607
0 0.7629942247889827 0.23797678275290216 0.014660151043980453 0.07131011608623548
0 0.7454464682363394 0.24792703150912107 0.012438916037316748 0.0978441127694859
0 0.7199022656597068 0.2570480928689884 0.01288316303864949 0.06633499170812604
0 0.7027987561083963 0.25290215588723053 0.014215904042647711 0.1011608623548922
0 0.6832518880497557 0.2462686567164179 0.024877832074633496 0.04477611940298507
0 0.6677032430031097 0.25207296849087896 0.014215904042647711 0.04643449419568822
0 0.6252776543758329 0.24543946932006633 0.01821412705464238 0.04643449419568822
0 0.6426032874278098 0.2504145936981758 0.015548645046645935 0.03980099502487562
0 0.5604175921812528 0.2728026533996683 0.009329187027987561 0.07462686567164178
0 0.5370946246112839 0.25870646766169153 0.024877832074633496 0.05638474295190713
0 0.5213238560639716 0.263681592039801 0.011106175033318524 0.10281923714759536
0 0.49933362949800086 0.2512437810945274 0.014215904042647711 0.11774461028192372
0 0.4782318969346957 0.2595356550580431 0.024433585073300755 0.0912106135986733
0 0.45890715237672147 0.2570480928689884 0.02576632607729898 0.06633499170812604
0 0.4358063083074189 0.2744610281923715 0.009773434029320302 0.05804311774461028
0 0.4180364282541093 0.23051409618573798 0.02221235006663705 0.06301824212271974
0 0.3991559306974678 0.25870646766169153 0.01288316303864949 0.03648424543946932
0 0.37583296312749886 0.25538971807628524 0.020435362061306087 0.06965174129353234
0 0.3562860950688583 0.26533996683250416 0.014215904042647711 0.08623548922056384
0 0.3411816970235451 0.2752902155887231 0.018658374055975122 0.08291873963515754
0 0.3191914704575744 0.24543946932006633 0.014660151043980453 0.10613598673300166
0 0.29209240337627723 0.2645107794361526 0.019102621057307864 0.087893864013267
0 0.2725455353176366 0.2462686567164179 0.013771657041314972 0.04477611940298507
0 0.2363394047090182 0.24046434494195687 0.015992892047978675 0.10281923714759536
0 0.21212794313638383 0.25207296849087896 0.015548645046645935 0.10281923714759536
0 0.19391381608174144 0.26533996683250416 0.019991115059973346 0.07296849087893864
0 0.16748111950244335 0.2703150912106136 0.024877832074633496 0.05306799336650083
0 0.15259884495779655 0.25787728026533996 0.014660151043980453 0.07462686567164178
0 0.1332741003998223 0.2645107794361526 0.012438916037316748 0.0978441127694859
0 0.11083962683251888 0.2603648424543947 0.028876055086628164 0.03648424543946932
0 0.0904042647712128 0.2595356550580431 0.02265659706796979 0.04477611940298507
0 0.07818747223456242 0.2827529021558872 0.009773434029320302 0.0978441127694859
0 0.938249666814749 0.7197346600331676 0.029320302087960905 0.05638474295190713
0 0.9120390937361172 0.7396351575456053 0.01332741003998223 0.09618573797678276
0 0.896268325188805 0.724709784411277 0.010217681030653044 0.09950248756218906
0 0.8745002221235006 0.7479270315091211 0.010217681030653044 0.10945273631840796
0 0.8645046645935139 0.7238805970149254 0.027543314082629944 0.05804311774461028
0 0.8487338960462016 0.7437810945273632 0.007552199022656597 0.0779436152570481
0 0.8345179920035539 0.7346600331674958 0.021768103065304308 0.06965174129353234
0 0.8143047534429143 0.7164179104477612 0.01776988005330964 0.08955223880597014
0 0.7945357618836073 0.7180762852404643 0.014660151043980453 0.08623548922056384
0 0.7749888938249667 0.74212271973466 0.009329187027987561 0.07131011608623548
0 0.7545535317636606 0.7396351575456053 0.015548645046645935 0.08291873963515754
0 0.733229675699689 0.7479270315091211 0.01821412705464238 0.05638474295190713
0 0.7130164371390493 0.7437810945273632 0.016881386050644157 0.0912106135986733
0 0.6945801865837405 0.7338308457711443 0.011106175033318524 0.1111111111111111
0 0.6701466015104398 0.7454394693200663 0.023545091070635273 0.087893864013267
0 0.6568191914704575 0.7412935323383084 0.029764549089293647 0.04311774461028192
0 0.6319413593958241 0.7321724709784412 0.01288316303864949 0.11774461028192372
0 0.6139493558418481 0.7238805970149254 0.012438916037316748 0.0912106135986733
0 0.5755219902265659 0.7354892205638475 0.01821412705464238 0.03814262023217247
0 0.5508662816525989 0.7205638474295191 0.023989338071968014 0.06799336650082918
0 0.531763660595291 0.7288557213930348 0.010661928031985785 0.1111111111111111
0 0.5155486450466459 0.7512437810945274 0.011106175033318524 0.09950248756218906
0 0.49222567747667706 0.7587064676616916 0.020435362061306087 0.087893864013267
0 0.4722345624167037 0.74212271973466 0.020435362061306087 0.05804311774461028
0 0.4509107063527321 0.7454394693200663 0.014215904042647711 0.06135986733001658
0 0.43136383829409153 0.7222222222222222 0.015104398045313194 0.06799336650082918
0 0.41559306974677923 0.7305140961857379 0.015548645046645935 0.0845771144278607
0 0.3898267436694802 0.7553897180762852 0.008440693025322079 0.0845771144278607
0 0.37027987561083964 0.7645107794361525 0.014660151043980453 0.10613598673300166
0 0.3509551310528654 0.7611940298507462 0.018658374055975122 0.07960199004975124
0 0.3316303864948912 0.7529021558872305 0.014660151043980453 0.07628524046434494
0 0.3034207019102621 0.7321724709784412 0.020435362061306087 0.04145936981757877
0 0.31474900044424703 0.7611940298507462 0.016437139049311416 0.05306799336650083
0 0.29031541537094624 0.75787728026534 0.013771657041314972 0.07296849087893864
0 0.26988005330964016 0.7628524046434494 0.02621057307863172 0.08291873963515754
0 0.2514438027543314 0.7669983416252073 0.014215904042647711 0.1077943615257048
0 0.22723234118169702 0.7495854063018242 0.014660151043980453 0.12271973466003316
0 0.2025766326077299 0.7454394693200663 0.02576632607729898 0.06467661691542288
0 0.185250999555753 0.746268656716418 0.012438916037316748 0.11608623548922056
0 0.1679253665037761 0.763681592039801 0.027543314082629944 0.07462686567164178
0 0.14349178143047533 0.7512437810945274 0.011550422034651266 0.10613598673300166
0 0.12661039537983118 0.7587064676616916 0.023989338071968014 0.07462686567164178
0 0.1068414038205242 0.7620232172470979 0.014660151043980453 0.0945273631840796
