0 0.3010204081632653 0.7718491260349586 0.06377551020408163 0.08463661453541858
0 0.8300382653061225 0.7856485740570377 0.07079081632653061 0.08831646734130635
0 0.06441326530612244 0.6228150873965042 0.06887755102040816 0.09015639374425023
0 0.296875 0.45538178472861085 0.04783163265306122 0.07543698252069918
0 0.5860969387755102 0.11683532658693652 0.07270408163265306 0.08463661453541858
0 0.9572704081632653 0.7874885004599816 0.05612244897959184 0.08647654093836246
0 0.22863520408163265 0.7750689972401104 0.07716836734693877 0.11683532658693652
0 0.09502551020408163 0.4567617295308188 0.06377551020408163 0.061637534498620056
0 0.8660714285714286 0.6182152713891444 0.061224489795918366 0.10487580496780129
0 0.359375 0.44802207911683534 0.05548469387755102 0.10303587856485741
0 0.08705357142857142 0.781508739650414 0.05038265306122449 0.06899724011039558
0 0.7994260204081632 0.6195952161913524 0.06441326530612244 0.078196872125115
0 0.18431122448979592 0.2778288868445262 0.07908163265306123 0.10119595216191353
0 0.24968112244897958 0.6177552897884084 0.035076530612244895 0.07267709291628335
0 0.8944515306122449 0.7884084636614536 0.07079081632653061 0.07911683532658693
0 0.4534438775510204 0.11131554737810488 0.05994897959183673 0.08831646734130635
0 0.8533163265306123 0.12327506899724011 0.06887755102040816 0.10855565777368906
0 0.42538265306122447 0.4567617295308188 0.07015306122448979 0.07083716651333946
0 0.44005102040816324 0.9461821527138914 0.06377551020408163 0.09291628334866606
0 0.17761479591836735 0.11223551057957681 0.06058673469387755 0.08463661453541858
0 0.11670918367346939 0.11545538178472861 0.06505102040816327 0.08371665133394664
0 0.5191326530612245 0.6186752529898804 0.07270408163265306 0.07635694572217111
0 0.6970663265306123 0.45262189512419504 0.07397959183673469 0.1140754369825207
0 0.32589285714285715 0.2782888684452622 0.05229591836734694 0.08003679852805888
0 0.4942602040816326 0.4521619135234591 0.06887755102040816 0.10947562097516099
0 0.5924744897959183 0.62557497700092 0.07908163265306123 0.0827966881324747
0 0.6224489795918368 0.4576816927322907 0.06887755102040816 0.09107635694572216
0 0.6766581632653061 0.6195952161913524 0.0625 0.10027598896044158
0 0.7589285714285714 0.7833486660533578 0.0625 0.09291628334866606
0 0.42442602040816324 0.7870285188592456 0.05931122448979592 0.09107635694572216
0 0.6935586734693877 0.7759889604415824 0.06568877551020408 0.09475620975160993
0 0.16262755102040816 0.4595216191352346 0.0548469387755102 0.08187672493100276
0 0.5663265306122449 0.45170193192272307 0.04974489795918367 0.07175712971481141
0 0.20057397959183673 0.6126954921803128 0.06186224489795918 0.08647654093836246
0 0.5341198979591837 0.12419503219871206 0.05931122448979592 0.09015639374425023
0 0.8195153061224489 0.4632014719411224 0.07015306122448979 0.08555657773689053
0 0.33035714285714285 0.6131554737810487 0.047193877551020405 0.08187672493100276
0 0.7869897959183674 0.11821527138914444 0.0625 0.08923643054277829
0 0.38424744897959184 0.12373505059797608 0.05803571428571429 0.07451701931922723
0 0.7662627551020408 0.4558417663293468 0.06696428571428571 0.08739650413983441
0 0.13552295918367346 0.6011959521619136 0.08099489795918367 0.11315547378104876
0 0.7232142857142857 0.12419503219871206 0.07397959183673469 0.05887764489420423
0 0.9636479591836735 0.45078196872125115 0.05994897959183673 0.09199632014719411
0 0.9575892857142857 0.9484820607175714 0.04528061224489796 0.07727690892364306
0 0.7362882653061225 0.6205151793928243 0.06313775510204081 0.10395584176632934
0 0.29846938775510207 0.937902483900644 0.05994897959183673 0.10579576816927323
0 0.49075255102040816 0.7764489420423183 0.04272959183673469 0.051517939282428704
0 0.05803571428571429 0.2732290708371665 0.07270408163265306 0.09567617295308188
0 0.36128826530612246 0.7920883164673413 0.07206632653061225 0.1140754369825207
0 0.23915816326530612 0.44250229990800366 0.07142857142857142 0.09567617295308188
0 0.04145408163265306 0.9448022079116836 0.06505102040816327 0.08095676172953081
0 0.12276785714285714 0.28196872125114997 0.06823979591836735 0.09107635694572216
0 0.7075892857142857 0.9475620975160993 0.06441326530612244 0.08831646734130635
0 0.16454081632653061 0.7718491260349586 0.04974489795918367 0.09751609935602576
0 0.7254464285714286 0.28196872125114997 0.06058673469387755 0.09659613615455381
0 0.9317602040816326 0.6168353265869365 0.061224489795918366 0.07083716651333946
0 0.04783163265306122 0.11131554737810488 0.07525510204081633 0.10855565777368906
0 0.4030612244897959 0.6209751609935602 0.06377551020408163 0.08647654093836246
0 0.6457270408163265 0.12465501379944802 0.09375 0.0984360625574977
0 0.24107142857142858 0.11315547378104876 0.0663265306122449 0.0827966881324747
0 0.29751275510204084 0.12005519779208831 0.04272959183673469 0.07635694572217111
0 0.33067602040816324 0.11913523459061638 0.04145408163265306 0.061637534498620056
0 0.9196428571428571 0.1264949402023919 0.06505102040816327 0.07083716651333946
0 0.9783163265306123 0.12833486660533577 0.042091836734693876 0.10211591536338546
0 0.3893494897959184 0.2801287948482061 0.06186224489795918 0.09291628334866606
0 0.45663265306122447 0.28058877644894203 0.05357142857142857 0.09567617295308188
0 0.5258290816326531 0.28380864765409386 0.06313775510204081 0.0984360625574977
0 0.59375 0.2874885004599816 0.061224489795918366 0.07451701931922723
0 0.7885841836734694 0.2920883164673413 0.07589285714285714 0.07635694572217111
0 0.8542729591836735 0.297148114075437 0.08227040816326531 0.07727690892364306
0 0.9304846938775511 0.2847286108555658 0.06760204081632654 0.07635694572217111
0 0.9805484693877551 0.2842686292548298 0.032525510204081634 0.05703771849126035
0 0.9008290816326531 0.4563017479300828 0.06058673469387755 0.08831646734130635
0 0.028698979591836735 0.44618215271389144 0.05357142857142857 0.09567617295308188
0 0.27614795918367346 0.6136154553817847 0.036989795918367346 0.07911683532658693
0 0.6336096938775511 0.7773689052437902 0.03125 0.06071757129714812
0 0.5596301020408163 0.797608095676173 0.06823979591836735 0.07543698252069918
0 0.5628188775510204 0.7700091996320148 0.05293367346938776 0.06807727690892364
0 0.03316326530612245 0.7723091076356946 0.0663265306122449 0.09475620975160993
0 0.29432397959183676 0.8114075436982521 0.054209183673469385 0.06807727690892364
0 0.10331632653061225 0.9277828886844526 0.030612244897959183 0.035878564857405704
0 0.8989158163265306 0.9415823367065317 0.035076530612244895 0.046918123275068994
0 0.8380102040816326 0.9351425942962281 0.05102040816326531 0.08555657773689053
0 0.7767857142857143 0.9420423183072677 0.05739795918367347 0.09015639374425023
0 0.6272321428571429 0.9512419503219871 0.06441326530612244 0.09015639374425023
0 0.5618622448979592 0.9590616375344986 0.05102040816326531 0.07083716651333946
0 0.5086096938775511 0.952621895124195 0.07206632653061225 0.08555657773689053
0 0.3705357142857143 0.9448022079116836 0.07653061224489796 0.09199632014719411
0 0.2544642857142857 0.9512419503219871 0.039540816326530615 0.06807727690892364
0 0.21396683673469388 0.954001839926403 0.054209183673469385 0.06623735050597976
0 0.18112244897959184 0.9415823367065317 0.042091836734693876 0.08739650413983441
0 0.14795918367346939 0.9310027598896045 0.04974489795918367 0.09383624655013799
0 0.49043367346938777 0.13983440662373506 0.0625 0.08463661453541858
