0 0.02845311247662303 0.25731197771587744 0.03232701041944964 0.09818941504178273
0 0.05543681538872562 0.2538300835654596 0.030724018167245525 0.08983286908077995
0 0.08709591236975688 0.24233983286908078 0.03152551429334758 0.07381615598885793
0 0.11287737109270639 0.23746518105849582 0.01790008014961261 0.057103064066852366
0 0.14386855463531925 0.24547353760445684 0.03339567192091905 0.09261838440111421
0 0.1772642265562383 0.22527855153203344 0.03499866417312316 0.09540389972144847
0 0.205850921720545 0.22353760445682452 0.01790008014961261 0.05153203342618384
0 0.22815923056371895 0.2155292479108635 0.030991183542612877 0.06754874651810584
0 0.2614213197969543 0.2134401114206128 0.029655356665776116 0.08844011142061281
0 0.29147742452578146 0.19951253481894152 0.026716537536735238 0.08286908077994429
0 0.322201442693027 0.19881615598885793 0.03633449104995993 0.10793871866295264
0 0.34758215335292547 0.1915041782729805 0.028853860539674057 0.06824512534818941
0 0.3710927063852525 0.18419220055710306 0.025113545284531125 0.08286908077994429
0 0.4114346780657227 0.1737465181058496 0.02457921453379642 0.08008356545961003
0 0.3955383382313652 0.18071030640668523 0.025915041410633183 0.06894150417827298
0 0.43614747528720277 0.17688022284122562 0.030724018167245525 0.10584958217270195
0 0.466604328079081 0.1653899721448468 0.040876302431204915 0.10236768802228412
0 0.4946566924926529 0.1615598885793872 0.024846379909163774 0.06963788300835655
0 0.5224418915308576 0.1653899721448468 0.030724018167245525 0.05222841225626741
0 0.5526315789473685 0.15006963788300837 0.026449372161367887 0.08565459610027855
0 0.5762757146673791 0.1472841225626741 0.029388191290408764 0.08983286908077995
0 0.6128773710927063 0.13753481894150418 0.04541811381244991 0.10654596100278552
0 0.10726689820999198 0.36908077994428967 0.028586695164306706 0.08495821727019498
0 0.13104461661768635 0.375 0.028586695164306706 0.06754874651810584
0 0.1593641464066257 0.35759052924791085 0.028586695164306706 0.09540389972144847
0 0.19730162970878973 0.3467966573816156 0.03286134117018434 0.0807799442896936
0 0.21947635586428 0.3450557103064067 0.022709056906224954 0.06615598885793872
0 0.242986908896607 0.3422701949860724 0.03446433342238846 0.07729805013927576
0 0.2858669516430671 0.33530640668523676 0.044349452310980496 0.1149025069637883
0 0.3243387656959658 0.3363509749303621 0.018167245524979964 0.04735376044568245
0 0.3952711728559979 0.32207520891364905 0.029655356665776116 0.06197771587743733
0 0.4354795618487844 0.3081476323119777 0.04167779855730697 0.100974930362117
0 0.4752872027785199 0.31162952646239556 0.03152551429334758 0.07729805013927576
0 0.5207053165909699 0.2970055710306407 0.03633449104995993 0.10515320334261838
0 0.6036601656425328 0.26915041782729804 0.038738979428266096 0.09401114206128133
0 0.028052364413572 0.532033426183844 0.026716537536735238 0.06824512534818941
0 0.057841303767031796 0.5201949860724234 0.03980764092973551 0.10167130919220056
0 0.09003473149879776 0.5135793871866295 0.02564787603526583 0.06894150417827298
0 0.11688485172321667 0.516016713091922 0.03125834891798023 0.0807799442896936
0 0.14680737376436015 0.5045264623955432 0.014694095645204382 0.0383008356545961
0 0.1768634784931873 0.5052228412256268 0.03205984504408229 0.08426183844011143
0 0.20691958322201442 0.4961699164345404 0.012022441891530858 0.035515320334261836
0 0.2361741918247395 0.47597493036211697 0.030456852791878174 0.0786908077994429
0 0.2612877371092706 0.4752785515320334 0.022976222281592306 0.05362116991643454
0 0.2893401015228426 0.4794568245125348 0.03686882180069463 0.09818941504178273
0 0.3197969543147208 0.47318941504178275 0.030991183542612877 0.09401114206128133
0 0.34825006679134385 0.4662256267409471 0.028586695164306706 0.06615598885793872
0 0.378306171520171 0.4536908077994429 0.039540475554368154 0.10933147632311978
0 0.434010152284264 0.44428969359331477 0.03820464867753139 0.11838440111420613
0 0.4662035800160299 0.4449860724233983 0.030991183542612877 0.08495821727019498
0 0.4946566924926529 0.43245125348189417 0.03286134117018434 0.09192200557103064
0 0.5261822067860006 0.43175487465181056 0.03446433342238846 0.08913649025069638
0 0.5551696500133583 0.4171309192200557 0.0336628372962864 0.08635097493036212
0 0.5821533529254609 0.41225626740947074 0.03205984504408229 0.0905292479108635
0 0.6110072134651349 0.4133008356545961 0.029388191290408764 0.08983286908077995
0 0.02631578947368421 0.6639972144846796 0.023777718407694364 0.07590529247910864
0 0.05450173657493989 0.6563370473537604 0.033128506545551696 0.09122562674094707
0 0.08228693561314454 0.6462395543175488 0.037403152551429335 0.08774373259052924
0 0.1150146940956452 0.6486768802228412 0.023243387656959658 0.06337047353760446
0 0.14173123163238044 0.6486768802228412 0.021640395404755545 0.04526462395543175
0 0.1684477691691157 0.6316155988857939 0.031792679668714935 0.09610027855153204
0 0.1986374565856265 0.633008356545961 0.02003740315255143 0.05013927576601671
0 0.2277584825006679 0.6263927576601671 0.027518033662837296 0.07729805013927576
0 0.257413839166444 0.6166434540389972 0.030724018167245525 0.09540389972144847
0 0.28479829014159763 0.612116991643454 0.03419716804702111 0.0947075208913649
0 0.31632380443494523 0.6117688022284122 0.022976222281592306 0.05501392757660167
0 0.3406358535933743 0.6058495821727019 0.033128506545551696 0.0905292479108635
0 0.3713598717606198 0.5974930362116991 0.03205984504408229 0.0947075208913649
0 0.3991450707988245 0.5814763231197771 0.024044883783061716 0.06963788300835655
0 0.4286668447769169 0.575208913649025 0.03446433342238846 0.08495821727019498
0 0.46326476088698904 0.584958217270195 0.03847181405289874 0.11838440111420613
0 0.49251936948971414 0.5661559888579387 0.03553299492385787 0.0947075208913649
0 0.5179000801496126 0.5623259052924791 0.026983702912102593 0.06615598885793872
0 0.5444830349986641 0.5571030640668524 0.03259417579481699 0.0988857938718663
0 0.578813785733369 0.5515320334261838 0.03339567192091905 0.08913649025069638
0 0.6053967405824205 0.5452646239554317 0.027785199038204648 0.08495821727019498
0 0.043414373497194764 0.7963091922005571 0.03820464867753139 0.09261838440111421
0 0.07013091103393 0.7970055710306406 0.025380710659898477 0.060584958217270196
0 0.09511087363077746 0.7907381615598886 0.03793748330216404 0.09401114206128133
0 0.1267699706118087 0.791782729805014 0.02003740315255143 0.052924791086350974
0 0.16083355597114615 0.7750696378830083 0.02457921453379642 0.08913649025069638
0 0.19062249532460593 0.7701949860724234 0.03339567192091905 0.10167130919220056
0 0.21640395404755544 0.7559192200557103 0.029388191290408764 0.08426183844011143
0 0.24659364146406626 0.7562674094707521 0.03473149879775581 0.08635097493036212
0 0.3001602992252204 0.7412952646239555 0.03125834891798023 0.09261838440111421
0 0.3303499866417312 0.7412952646239555 0.030724018167245525 0.08983286908077995
0 0.3630777451242319 0.7273676880222841 0.029388191290408764 0.08286908077994429
0 0.3891263692225488 0.7231894150417827 0.03446433342238846 0.09261838440111421
0 0.44229227892065187 0.7169220055710307 0.04194496393267433 0.12325905292479108
0 0.4780924392198771 0.7141364902506964 0.03553299492385787 0.09401114206128133
0 0.5074806305102859 0.7033426183844012 0.031792679668714935 0.07938718662952646
0 0.5363344910499599 0.7054317548746518 0.03018968741651082 0.09192200557103064
0 0.564787603526583 0.6911559888579387 0.033128506545551696 0.0967966573816156
0 0.5916377237510019 0.6848885793871866 0.029655356665776116 0.07172701949860724
0 0.031391931605663906 0.9282729805013927 0.020571733903286135 0.07938718662952646
0 0.06919583222014426 0.9254874651810585 0.022976222281592306 0.07103064066852367
0 0.10900347314987978 0.916782729805014 0.030456852791878174 0.09261838440111421
0 0.13732300293881913 0.9101671309192201 0.02457921453379642 0.07242339832869081
0 0.168314186481432 0.8976323119777159 0.03900614480363345 0.09610027855153204
0 0.2053165909698103 0.8924094707520891 0.04354795618487844 0.10515320334261838
0 0.23443761688485173 0.8903203342618384 0.021106064654020838 0.05362116991643454
0 0.2590168314186481 0.8788300835654597 0.03018968741651082 0.06406685236768803
0 0.34023510553032327 0.870125348189415 0.03125834891798023 0.08704735376044569
0 0.37790542345711997 0.8687325905292479 0.029655356665776116 0.07172701949860724
0 0.40582420518300827 0.8631615598885793 0.0336628372962864 0.08704735376044569
0 0.4557841303767032 0.8544568245125348 0.04060913705583756 0.10445682451253482
0 0.4927865348650815 0.8366991643454039 0.03125834891798023 0.08844011142061281
0 0.5154955917713064 0.8457520891364902 0.024846379909163774 0.0786908077994429
0 0.542078546620358 0.8217270194986073 0.0336628372962864 0.10027855153203342
0 0.5694629975955117 0.8238161559888579 0.029655356665776116 0.07938718662952646
0 0.5984504408228694 0.8213788300835655 0.030991183542612877 0.08426183844011143
0 0.630376703179268 0.8084958217270195 0.03446433342238846 0.09331476323119778
0 0.6617686347849319 0.8091922005571031 0.03580016029922522 0.11002785515320335
0 0.6981031258348918 0.7966573816155988 0.0336628372962864 0.09610027855153204
0 0.7261554902484638 0.79491643454039 0.03633449104995993 0.0967966573816156
0 0.7497996259684745 0.7970055710306406 0.03446433342238846 0.0967966573816156
0 0.7793213999465669 0.7876044568245125 0.033128506545551696 0.08913649025069638
0 0.806973016297088 0.7743732590529248 0.025915041410633183 0.09331476323119778
0 0.859337429869089 0.7576601671309192 0.027518033662837296 0.0807799442896936
0 0.9082286935613144 0.7590529247910863 0.03018968741651082 0.08217270194986072
0 0.9631311781993054 0.7517409470752089 0.028853860539674057 0.07590529247910864
0 0.9857066524178466 0.741991643454039 0.025915041410633183 0.06615598885793872
0 0.6242318995458188 0.674791086350975 0.020571733903286135 0.055710306406685235
0 0.6489446967672989 0.6740947075208914 0.028853860539674057 0.07520891364902507
0 0.6807373764360138 0.677924791086351 0.04007480630510286 0.09261838440111421
0 0.7130643868554636 0.6566852367688022 0.028853860539674057 0.0905292479108635
0 0.7654288004274646 0.6605153203342619 0.03847181405289874 0.10515320334261838
0 0.7930804167779856 0.6518105849582173 0.03767031792679669 0.116991643454039
0 0.8236708522575474 0.6455431754874652 0.03259417579481699 0.0905292479108635
0 0.8521239647341704 0.637883008356546 0.03232701041944964 0.0766016713091922
0 0.8821800694629975 0.6344011142061281 0.030991183542612877 0.08635097493036212
0 0.9114346780657226 0.6243036211699164 0.023777718407694364 0.06197771587743733
0 0.9392198771039273 0.6225626740947076 0.022174726155490248 0.06128133704735376
0 0.9691423991450708 0.5978412256267409 0.02912102591504141 0.08147632311977716
0 0.6354528453112477 0.5362116991643454 0.03767031792679669 0.10167130919220056
0 0.6691156826075341 0.5327298050139275 0.03018968741651082 0.08495821727019498
0 0.6942292278920652 0.5362116991643454 0.023777718407694364 0.06406685236768803
0 0.7194763558642799 0.5299442896935933 0.027250868287469945 0.07103064066852367
0 0.77144002137323 0.5184540389972145 0.03713598717606198 0.10793871866295264
0 0.8067058509217205 0.4986072423398329 0.040876302431204915 0.10445682451253482
0 0.8604060913705583 0.5073119777158774 0.03713598717606198 0.08008356545961003
0 0.8970077477958857 0.49025069637883006 0.03446433342238846 0.0905292479108635
0 0.9250601122094576 0.48363509749303624 0.03286134117018434 0.09261838440111421
0 0.9528453112476623 0.4756267409470752 0.027518033662837296 0.06963788300835655
0 0.9794282660967139 0.4717966573816156 0.01923590702644937 0.05222841225626741
0 0.6466737910766764 0.4011142061281337 0.018434410900347316 0.03203342618384401
0 0.6434678065722682 0.4300139275766017 0.015228426395939087 0.04108635097493036
0 0.6285065455516965 0.42026462395543174 0.020571733903286135 0.06337047353760446
0 0.6715201709858403 0.39519498607242337 0.036067325674592574 0.10515320334261838
0 0.700908362276249 0.395891364902507 0.03232701041944964 0.0967966573816156
0 0.7310980496927598 0.38579387186629527 0.022174726155490248 0.07242339832869081
0 0.7519369489714133 0.3826601671309192 0.040876302431204915 0.1107242339832869
0 0.7833288805770772 0.3777855153203343 0.030456852791878174 0.10654596100278552
0 0.8175260486240983 0.37987465181058494 0.027785199038204648 0.0786908077994429
0 0.8426395939086294 0.366991643454039 0.02351055303232701 0.055710306406685235
0 0.9032861341170184 0.3474930362116992 0.03900614480363345 0.11420612813370473
0 0.9318728292813251 0.35097493036211697 0.02351055303232701 0.07103064066852367
0 0.9609938551963666 0.3387883008356546 0.028853860539674057 0.08426183844011143
0 0.6326476088698905 0.27019498607242337 0.030456852791878174 0.10306406685236769
0 0.7023777718407694 0.24930362116991645 0.03686882180069463 0.08495821727019498
0 0.818461127437884 0.2298050139275766 0.03018968741651082 0.09331476323119778
0 0.8759016831418648 0.22110027855153203 0.020571733903286135 0.05222841225626741
0 0.8912636922254876 0.2116991643454039 0.024044883783061716 0.07381615598885793
0 0.9369489714133048 0.20543175487465182 0.028853860539674057 0.07242339832869081
0 0.9746192893401016 0.19289693593314763 0.02137323002938819 0.06685236768802229
0 0.644402885386054 0.12813370473537605 0.026716537536735238 0.10027855153203342
0 0.6667111942292279 0.12848189415041783 0.029655356665776116 0.100974930362117
0 0.6979695431472082 0.12395543175487465 0.03446433342238846 0.10863509749303621
0 0.7281592305637189 0.12012534818941505 0.03446433342238846 0.100974930362117
0 0.7511354528453112 0.11107242339832869 0.036067325674592574 0.100974930362117
0 0.7785199038204649 0.10619777158774374 0.029388191290408764 0.11211699164345404
0 0.804434945231098 0.10584958217270195 0.03419716804702111 0.09749303621169916
0 0.8438418380977826 0.09714484679665739 0.027518033662837296 0.07172701949860724
0 0.8697568795084157 0.07799442896935933 0.028586695164306706 0.08217270194986072
0 0.9296019235907026 0.07625348189415042 0.024846379909163774 0.09540389972144847
0 0.9588565321934277 0.0665041782729805 0.033128506545551696 0.0967966573816156
0 0.9014159764894469 0.07973537604456825 0.03152551429334758 0.0786908077994429
0 0.7372428533262089 0.6545961002785515 0.014159764894469677 0.04596100278551532
