0 0.3433048433048433 0.8219858156028369 0.037037037037037035 0.0425531914893617
0 0.4735042735042735 0.7205673758865249 0.038746438746438745 0.06099290780141844
0 0.3680911680911681 0.275177304964539 0.05698005698005698 0.059574468085106386
0 0.19373219373219372 0.23546099290780143 0.05356125356125356 0.06382978723404255
0 0.22905982905982905 0.7946808510638298 0.05128205128205128 0.08156028368794327
0 0.33589743589743587 0.5418439716312057 0.05299145299145299 0.062411347517730496
0 0.14273504273504273 0.0851063829787234 0.04957264957264957 0.05531914893617021
0 0.20170940170940171 0.10141843971631205 0.06267806267806268 0.08652482269503546
0 0.42108262108262107 0.7046099290780142 0.05014245014245014 0.058865248226950356
0 0.5196581196581197 0.5872340425531914 0.045584045584045586 0.06950354609929078
0 0.7213675213675214 0.7702127659574468 0.041025641025641026 0.059574468085106386
0 0.37635327635327637 0.41418439716312055 0.05071225071225071 0.06808510638297872
0 0.7866096866096867 0.36347517730496454 0.040455840455840456 0.06028368794326241
0 0.10341880341880341 0.6351063829787233 0.037037037037037035 0.07588652482269503
0 0.13646723646723646 0.6347517730496454 0.043874643874643876 0.06099290780141844
0 0.49373219373219374 0.3017730496453901 0.042735042735042736 0.04893617021276596
0 0.21196581196581196 0.5195035460992907 0.041025641025641026 0.06028368794326241
0 0.1943019943019943 0.3702127659574468 0.05811965811965812 0.07801418439716312
0 0.28717948717948716 0.8070921985815603 0.05242165242165242 0.04964539007092199
0 0.6749287749287749 0.3393617021276596 0.05071225071225071 0.06312056737588652
0 0.7099715099715099 0.9024822695035462 0.041025641025641026 0.05319148936170213
0 0.7501424501424502 0.9131205673758865 0.05413105413105413 0.06595744680851064
0 0.6991452991452991 0.6276595744680851 0.05242165242165242 0.07234042553191489
0 0.5481481481481482 0.31134751773049646 0.046723646723646726 0.06808510638297872
0 0.4042735042735043 0.8397163120567376 0.042735042735042736 0.04113475177304964
0 0.5658119658119658 0.5985815602836879 0.05128205128205128 0.06099290780141844
0 0.2452991452991453 0.24432624113475176 0.040455840455840456 0.06312056737588652
0 0.07977207977207977 0.34361702127659577 0.036467236467236465 0.0574468085106383
0 0.5028490028490028 0.1652482269503546 0.05413105413105413 0.05673758865248227
0 0.4267806267806268 0.2875886524822695 0.049002849002849 0.07872340425531915
0 0.3210826210826211 0.13297872340425532 0.06666666666666667 0.08581560283687943
0 0.5233618233618234 0.8641843971631206 0.042735042735042736 0.0574468085106383
0 0.17635327635327636 0.65 0.05071225071225071 0.04326241134751773
0 0.8638176638176638 0.524822695035461 0.044444444444444446 0.06666666666666667
0 0.1641025641025641 0.7854609929078015 0.05356125356125356 0.06879432624113475
0 0.31652421652421653 0.4031914893617021 0.043874643874643876 0.06879432624113475
0 0.5655270655270656 0.1794326241134752 0.045014245014245016 0.05673758865248227
0 0.5042735042735043 0.44113475177304967 0.045584045584045586 0.07375886524822695
0 0.6233618233618233 0.4698581560283688 0.05584045584045584 0.08014184397163121
0 0.6413105413105413 0.8918439716312057 0.043874643874643876 0.04609929078014184
0 0.46638176638176637 0.849290780141844 0.04957264957264957 0.0574468085106383
0 0.6142450142450142 0.33191489361702126 0.044444444444444446 0.059574468085106386
0 0.5638176638176638 0.45567375886524825 0.04843304843304843 0.07163120567375887
0 0.14216524216524218 0.36134751773049645 0.05185185185185185 0.07163120567375887
0 0.040170940170940174 0.7602836879432624 0.040455840455840456 0.06099290780141844
0 0.13105413105413105 0.21914893617021278 0.05242165242165242 0.05390070921985816
0 0.7723646723646723 0.7858156028368795 0.05413105413105413 0.06382978723404255
0 0.30683760683760686 0.25886524822695034 0.042735042735042736 0.06382978723404255
0 0.05242165242165242 0.6216312056737588 0.0547008547008547 0.08156028368794327
0 0.5857549857549857 0.8804964539007092 0.04786324786324787 0.0574468085106383
0 0.11025641025641025 0.7638297872340426 0.05413105413105413 0.08226950354609928
0 0.9282051282051282 0.26666666666666666 0.045584045584045586 0.05106382978723404
0 0.8034188034188035 0.2347517730496454 0.05014245014245014 0.05390070921985816
0 0.256980056980057 0.3851063829787234 0.05014245014245014 0.07801418439716312
0 0.8572649572649572 0.3797872340425532 0.046153846153846156 0.05177304964539007
0 0.9196581196581196 0.399290780141844 0.043304843304843306 0.05673758865248227
0 0.10028490028490028 0.48829787234042554 0.05128205128205128 0.058865248226950356
0 0.8227920227920228 0.9276595744680851 0.039886039886039885 0.05673758865248227
0 0.24102564102564103 0.6663120567375886 0.046723646723646726 0.06595744680851064
0 0.35498575498575496 0.6900709219858157 0.04786324786324787 0.06524822695035461
0 0.6373219373219373 0.6095744680851064 0.05754985754985755 0.06453900709219858
0 0.46638176638176637 0.5705673758865248 0.05413105413105413 0.06453900709219858
0 0.8712250712250712 0.24645390070921985 0.04786324786324787 0.08156028368794327
0 0.3977207977207977 0.5567375886524822 0.05356125356125356 0.07092198581560284
0 0.5974358974358974 0.7457446808510638 0.04957264957264957 0.05602836879432624
0 0.2601139601139601 0.10709219858156029 0.05299145299145299 0.06382978723404255
0 0.38233618233618233 0.13829787234042554 0.06381766381766382 0.07375886524822695
0 0.4413105413105413 0.15460992907801419 0.062108262108262105 0.08936170212765958
0 0.6264957264957265 0.19432624113475178 0.043874643874643876 0.062411347517730496
0 0.6849002849002849 0.2028368794326241 0.06153846153846154 0.06950354609929078
0 0.743019943019943 0.22056737588652484 0.046723646723646726 0.06382978723404255
0 0.7301994301994302 0.350709219858156 0.05754985754985755 0.06879432624113475
0 0.44045584045584046 0.424822695035461 0.041025641025641026 0.06099290780141844
0 0.6823361823361823 0.4804964539007092 0.05982905982905983 0.06170212765957447
0 0.7461538461538462 0.4939716312056738 0.0472934472934473 0.07588652482269503
0 0.8054131054131054 0.5109929078014185 0.05527065527065527 0.0574468085106383
0 0.2709401709401709 0.5287234042553192 0.06438746438746439 0.0574468085106383
0 0.7552706552706553 0.6340425531914894 0.05868945868945869 0.07375886524822695
0 0.8148148148148148 0.650709219858156 0.049002849002849 0.06170212765957447
0 0.8800569800569801 0.6581560283687943 0.04957264957264957 0.07375886524822695
0 0.8971509971509971 0.6758865248226951 0.0301994301994302 0.059574468085106386
0 0.535042735042735 0.725531914893617 0.04786324786324787 0.06099290780141844
