0 0.08385093167701864 0.4028103044496487 0.014492753623188406 0.05152224824355972
0 0.08298826777087646 0.7822014051522248 0.014147688060731538 0.10304449648711944
0 0.10248447204968944 0.7903981264637002 0.026224982746721876 0.06323185011709602
0 0.12198067632850242 0.7640515222482436 0.021739130434782608 0.09016393442622951
0 0.1414768806073154 0.7757611241217799 0.025534851621808144 0.09016393442622951
0 0.16131815044858522 0.7535128805620609 0.009316770186335404 0.10187353629976581
0 0.1828847481021394 0.7675644028103045 0.027605244996549344 0.05737704918032787
0 0.19668737060041408 0.775175644028103 0.01725327812284334 0.09836065573770492
0 0.21997929606625258 0.7605386416861827 0.021048999309868876 0.07377049180327869
0 0.10179434092477571 0.4069086651053864 0.01932367149758454 0.02927400468384075
0 0.12163561076604555 0.3981264637002342 0.009316770186335404 0.08430913348946135
0 0.14285714285714285 0.38875878220140514 0.01518288474810214 0.03044496487119438
0 0.16028295376121462 0.3793911007025761 0.02035886818495514 0.03278688524590164
0 0.18046928916494134 0.3788056206088993 0.008281573498964804 0.06440281030444965
0 0.20203588681849552 0.3758782201405152 0.027260179434092476 0.06323185011709602
0 0.24309868875086266 0.34894613583138173 0.025189786059351276 0.0585480093676815
0 0.23982056590752243 0.7540983606557377 0.00966183574879227 0.04918032786885246
0 0.28191856452726016 0.3553864168618267 0.011732229123533472 0.09484777517564402
0 0.29623878536922016 0.3548009367681499 0.017598343685300208 0.0234192037470726
0 0.2632850241545894 0.7330210772833724 0.028295376121463076 0.04449648711943794
0 0.27864044168391994 0.7505854800936768 0.02035886818495514 0.07728337236533958
0 0.3021048999309869 0.7435597189695551 0.015527950310559006 0.09836065573770492
0 0.31608005521049 0.7312646370023419 0.013802622498274672 0.09718969555035128
0 0.3169427191166322 0.3583138173302108 0.012077294685990338 0.07494145199063232
0 0.3417874396135266 0.34133489461358313 0.017598343685300208 0.02927400468384075
0 0.3386818495514148 0.7090163934426229 0.016908212560386472 0.07845433255269321
0 0.35628019323671495 0.7289227166276346 0.030020703933747412 0.059718969555035126
0 0.37612146307798483 0.7002341920374707 0.026915113871635612 0.0702576112412178
0 0.4007936507936508 0.7154566744730679 0.028640441683919944 0.04918032786885246
0 0.4204623878536922 0.699648711943794 0.027260179434092476 0.06908665105386416
0 0.4344375431331953 0.7101873536299765 0.024844720496894408 0.07142857142857142
0 0.3778467908902691 0.3442622950819672 0.011042097998619738 0.05620608899297424
0 0.3583505866114562 0.34660421545667447 0.007246376811594203 0.08665105386416862
0 0.39872325741890957 0.3296252927400468 0.025879917184265012 0.03161592505854801
0 0.41338854382332646 0.32903981264637 0.010351966873706004 0.07728337236533958
0 0.4603174603174603 0.686768149882904 0.022774327122153208 0.05737704918032787
0 0.47860593512767424 0.6809133489461359 0.013802622498274672 0.09953161592505855
0 0.45703933747412007 0.30269320843091335 0.005866114561766736 0.09016393442622951
0 0.4803312629399586 0.2968384074941452 0.020703933747412008 0.03864168618266979
0 0.49775707384403034 0.3003512880562061 0.021048999309868876 0.05503512880562061
0 0.5169082125603864 0.29918032786885246 0.004830917874396135 0.07377049180327869
0 0.5305383022774327 0.3009367681498829 0.016908212560386472 0.0585480093676815
0 0.5541752933057281 0.29215456674473067 0.026224982746721876 0.07142857142857142
0 0.5005175983436853 0.6844262295081968 0.007246376811594203 0.07845433255269321
0 0.5144927536231884 0.6861826697892272 0.013112491373360938 0.07962529274004684
0 0.5332988267770876 0.6592505854800936 0.007936507936507936 0.08665105386416862
0 0.5697032436162871 0.6826697892271663 0.023464458247066944 0.0702576112412178
0 0.5790200138026225 0.664519906323185 0.03243616287094548 0.03395784543325527
0 0.599896480331263 0.6621779859484778 0.02933057280883368 0.05269320843091335
0 0.61783988957902 0.6785714285714286 0.026570048309178744 0.07845433255269321
0 0.6009316770186336 0.275175644028103 0.005866114561766736 0.08196721311475409
0 0.6174948240165632 0.272248243559719 0.019668737060041408 0.05737704918032787
0 0.6414768806073153 0.27634660421545665 0.01725327812284334 0.07494145199063232
0 0.6973775017253279 0.25234192037470726 0.012422360248447204 0.10187353629976581
0 0.72135955831608 0.25 0.015527950310559006 0.09250585480093677
0 0.7372325741890959 0.24121779859484777 0.019668737060041408 0.04449648711943794
0 0.6435472739820566 0.6510538641686182 0.012422360248447204 0.07728337236533958
0 0.6649413388543823 0.6475409836065574 0.026915113871635612 0.08196721311475409
0 0.6834023464458248 0.6405152224824356 0.021739130434782608 0.09133489461358314
0 0.7032436162870945 0.6340749414519906 0.00759144237405107 0.11592505854800937
0 0.7251552795031055 0.6270491803278688 0.027950310559006212 0.040983606557377046
0 0.744824016563147 0.6411007025761124 0.005866114561766736 0.07611241217798595
0 0.7593167701863354 0.2101873536299766 0.018978605935127676 0.06440281030444965
0 0.7824361628709455 0.2382903981264637 0.011387163561076604 0.07845433255269321
0 0.8022774327122153 0.2224824355971897 0.01725327812284334 0.07259953161592506
0 0.8236714975845411 0.22775175644028103 0.014492753623188406 0.09016393442622951
0 0.8640441683919945 0.22189695550351288 0.01932367149758454 0.026932084309133488
0 0.8895790200138026 0.22131147540983606 0.023464458247066944 0.06557377049180328
0 0.7648378191856453 0.6159250585480094 0.011387163561076604 0.09133489461358314
0 0.7858868184955141 0.617096018735363 0.019668737060041408 0.11475409836065574
0 0.8083160800552105 0.6153395784543325 0.01621808143547274 0.07377049180327869
0 0.8473084886128365 0.6118266978922716 0.014147688060731538 0.11358313817330211
0 0.8659420289855072 0.6071428571428571 0.023119392684610076 0.08548009367681499
0 0.8926846100759144 0.6059718969555035 0.010351966873706004 0.10421545667447307
0 0.9085576259489303 0.19789227166276346 0.006211180124223602 0.10772833723653395
0 0.9232229123533471 0.19672131147540983 0.01828847481021394 0.07962529274004684
0 0.9368530020703933 0.19730679156908665 0.022774327122153208 0.04566744730679157
0 0.9051069703243616 0.6124121779859485 0.027605244996549344 0.04918032786885246
0 0.932712215320911 0.5831381733021077 0.035196687370600416 0.06557377049180328
0 0.9508281573498965 0.5714285714285714 0.027950310559006212 0.07494145199063232
0 0.439095928226363 0.319672131147541 0.006556245686680469 0.01639344262295082
0 0.23740510697032435 0.7429742388758782 0.011732229123533472 0.07611241217798595
