0 0.8905747947161728 0.20012239902080783 0.01035344519814352 0.09424724602203183
0 0.870581935023206 0.1909424724602203 0.016779721528025704 0.09547123623011015
0 0.8454123527311674 0.21297429620563035 0.01570867547304534 0.08567931456548347
0 0.8273830774723313 0.22093023255813954 0.01535166012138522 0.09424724602203183
0 0.8027490182077829 0.22215422276621788 0.022491967154587646 0.06487148102815178
0 0.785076758300607 0.2160342717258262 0.016422706176365584 0.10893512851897184
0 0.7584791146019279 0.23011015911872704 0.008925383791503035 0.08078335373317014
0 0.7334880399857194 0.1988984088127295 0.01606569082470546 0.06976744186046512
0 0.7163513031060336 0.2178702570379437 0.017493752231345947 0.06609547123623011
0 0.6983220278471974 0.23255813953488372 0.014280614066404856 0.07588739290085679
0 0.6802927525883613 0.2613219094247246 0.011781506604784006 0.07711138310893513
0 0.6710103534451981 0.22643818849449204 0.02320599785790789 0.06854345165238677
0 0.6540521242413424 0.2423500611995104 0.01285255265976437 0.08567931456548347
0 0.6376294180649767 0.22888616891064872 0.022134951802927526 0.08078335373317014
0 0.6129953588004284 0.23011015911872704 0.024991074616208496 0.09057527539779682
0 0.5862192074259193 0.2197062423500612 0.02284898250624777 0.08935128518971848
0 0.5689039628704035 0.23929008567931456 0.02820421278114959 0.05997552019583843
0 0.5492681185290967 0.24724602203182375 0.008925383791503035 0.08567931456548347
0 0.5369510888968225 0.25091799265605874 0.023563013209568013 0.08078335373317014
0 0.5032131381649411 0.2582619339045288 0.023920028561228133 0.10526315789473684
0 0.4876829703677258 0.23378212974296206 0.018564798286326314 0.07343941248470012
0 0.46162084969653694 0.22460220318237453 0.03070332024277044 0.037943696450428395
0 0.4337736522670475 0.24785801713586292 0.019992859692966797 0.10159118727050184
0 0.4005712245626562 0.23439412484700123 0.01285255265976437 0.11872705018359853
0 0.37986433416636917 0.24785801713586292 0.023563013209568013 0.09179926560587515
0 0.3563013209568011 0.23745410036719705 0.019278828989646554 0.044063647490820076
0 0.3373795073188147 0.24112607099143207 0.018564798286326314 0.10771113831089352
0 0.2900749732238486 0.26744186046511625 0.019635844341306677 0.0966952264381885
0 0.2716886826133524 0.26805385556915545 0.014994644769725098 0.11505507955936352
0 0.2483041770796144 0.2613219094247246 0.023920028561228133 0.09424724602203183
0 0.22777579435915746 0.25642594859241125 0.014280614066404856 0.11872705018359853
0 0.208853980721171 0.2637698898408813 0.02070689039628704 0.042839657282741736
0 0.18047126026419136 0.28702570379436965 0.02034987504462692 0.08690330477356181
0 0.15405212424134238 0.2784577723378213 0.023920028561228133 0.05997552019583843
0 0.13548732595501606 0.2527539779681763 0.01035344519814352 0.10159118727050184
0 0.123527311674402 0.2821297429620563 0.024991074616208496 0.06731946144430845
0 0.09371652981078187 0.2833537331701346 0.023920028561228133 0.07466340269277846
0 0.07158157800785434 0.2894736842105263 0.014637629418064976 0.09914320685434516
0 0.04694751874330596 0.277233782129743 0.013209568011424491 0.11383108935128519
0 0.026419136022848982 0.26499388004895963 0.01285255265976437 0.10159118727050184
0 0.010888968225633702 0.2717258261933905 0.011067475901463763 0.06609547123623011
0 0.30007140307033203 0.25703794369645044 0.013923598714744734 0.03182374541003672
0 0.9121742234916101 0.6927784577723378 0.034273473759371655 0.02937576499388005
0 0.8729025348089968 0.6909424724602203 0.009282399143163157 0.0966952264381885
0 0.8550517672259907 0.719094247246022 0.019278828989646554 0.06976744186046512
0 0.8370224919671546 0.6878824969400245 0.011781506604784006 0.09791921664626684
0 0.8139950017850768 0.6988984088127295 0.008568368439842914 0.08078335373317014
0 0.7907890039271689 0.6958384332925337 0.007140307033202428 0.03549571603427173
0 0.7738307747233131 0.700734394124847 0.01606569082470546 0.07711138310893513
0 0.7524098536237058 0.7068543451652387 0.02034987504462692 0.05507955936352509
0 0.7238486254908961 0.7135862913096696 0.016779721528025704 0.09791921664626684
0 0.7034987504462692 0.7203182374541004 0.013923598714744734 0.09424724602203183
0 0.6553016779721528 0.7288861689106487 0.031060335594430562 0.05752753977968176
0 0.6370938950374866 0.719094247246022 0.01535166012138522 0.05997552019583843
0 0.6217422349161014 0.7123623011015912 0.01820778293466619 0.03427172582619339
0 0.6065690824705462 0.7178702570379437 0.014994644769725098 0.030599755201958383
0 0.6015708675473045 0.7135862913096696 0.017136736879685827 0.08078335373317014
0 0.5548018564798286 0.7166462668298653 0.017136736879685827 0.025703794369645042
0 0.5769368082827562 0.7209302325581395 0.023563013209568013 0.03427172582619339
0 0.5349875044626919 0.7294981640146879 0.018921813637986434 0.0832313341493268
0 0.5112459835772938 0.7319461444308446 0.018564798286326314 0.07588739290085679
0 0.4942877543734381 0.7209302325581395 0.02034987504462692 0.03671970624235006
0 0.4703677258122099 0.719094247246022 0.011781506604784006 0.08200734394124846
0 0.4485897893609425 0.7392900856793145 0.017493752231345947 0.08078335373317014
0 0.4277043912888254 0.7392900856793145 0.02070689039628704 0.07833537331701346
0 0.4093181006783292 0.7307221542227662 0.017493752231345947 0.07588739290085679
0 0.3898607640128526 0.7417380660954712 0.014280614066404856 0.0832313341493268
0 0.364691181720814 0.7221542227662179 0.011067475901463763 0.056303549571603426
0 0.34202070689039626 0.7239902080783354 0.018564798286326314 0.09914320685434516
0 0.3179221706533381 0.7441860465116279 0.017493752231345947 0.0832313341493268
0 0.2934666190646198 0.7417380660954712 0.021420921099607283 0.06854345165238677
0 0.2788289896465548 0.7423500611995104 0.019278828989646554 0.04039167686658507
0 0.25865762227775796 0.7656058751529988 0.01820778293466619 0.08690330477356181
0 0.23812923955730098 0.7649938800489596 0.01570867547304534 0.08078335373317014
0 0.20492681185290967 0.7552019583843329 0.024991074616208496 0.056303549571603426
0 0.191181720813995 0.7680538555691554 0.029632274187790075 0.04528763769889841
0 0.17386647625847912 0.7637698898408812 0.013566583363084613 0.11260709914320685
0 0.14726883255980008 0.7539779681762546 0.027490182077829346 0.03916768665850673
0 0.1329882184933952 0.7386780905752754 0.026062120671188863 0.06487148102815178
0 0.09710817565155301 0.7478580171358629 0.014994644769725098 0.1003671970624235
0 0.0808639771510175 0.762545899632803 0.029632274187790075 0.044063647490820076
0 0.06283470189218136 0.7631578947368421 0.01785076758300607 0.0966952264381885
0 0.04391288825419493 0.7827417380660955 0.021420921099607283 0.09424724602203183
0 0.01802927525883613 0.7717258261933905 0.01535166012138522 0.08445532435740515
0 0.7715101749375223 0.18727050183598531 0.02784719742948947 0.03916768665850673
0 0.9012852552659765 0.17258261933904528 0.008211353088182792 0.06609547123623011
0 0.7984648339878615 0.7062423500611995 0.013209568011424491 0.014687882496940025
