0 0.0217607560308381 0.22229684351914036 0.009699079830887839 0.017461383478844864
0 0.049987565282268095 0.21558092679650773 0.017905993533946778 0.03089321692411014
0 0.19858244217856255 0.19207521826729348 0.019149465307137528 0.052384150436534584
0 0.22183536433722956 0.18871725990597715 0.013926883859736384 0.041638683680322364
0 0.24707784133300173 0.1850235057085292 0.014175578214374533 0.039623908663532575
0 0.27903506590400395 0.1732706514439221 0.015419049987565282 0.03895231699126931
0 0.3065157920915195 0.17494963062458024 0.012683412086545635 0.0315648085963734
0 0.33735389206665006 0.1712558764271323 0.00920169112161154 0.03492276695768973
0 0.36906242228301417 0.16554734721289455 0.013429495150460085 0.05439892545332438
0 0.029345933847301667 0.35997313633310946 0.015916438696841582 0.03223640026863667
0 0.08617259388211887 0.348556077904634 0.01715991047003233 0.03089321692411014
0 0.11638895797065407 0.3455339153794493 0.014921661278288983 0.035594358629952985
0 0.14299925391693608 0.33848220282068503 0.012932106441183784 0.04432505036937542
0 0.17197214623228052 0.33445265278710545 0.014672966923650834 0.042981867024848894
0 0.19858244217856255 0.33445265278710545 0.009699079830887839 0.04432505036937542
0 0.23203183287739368 0.32907991940899933 0.009947774185525988 0.026863666890530557
0 0.25901517035563293 0.31900604432505036 0.010693857249440438 0.0335795836131632
0 0.28637154936582937 0.31799865681665546 0.016165133051479732 0.051712558764271326
0 0.3169609549863218 0.3119543317662861 0.010196468540164138 0.027535258562793822
0 0.34605819447898534 0.30288784419073206 0.013678189505098234 0.040295500335795834
0 0.375404128326287 0.3005372733378106 0.013180800795821936 0.02887844190732035
0 0.43011688634667994 0.29650772330423103 0.021636408853519026 0.0409670920080591
0 0.4589654314847053 0.29046339825386164 0.022133797562795324 0.04365345869711216
0 0.39492663516538173 0.15715245130960376 0.01691121611539418 0.03895231699126931
0 0.4332255657796568 0.14976494291470785 0.014921661278288983 0.040295500335795834
0 0.45175329520019897 0.15278710543989255 0.021139020144242727 0.04633982538616521
0 0.049241482218353644 0.4983210208193418 0.014424272569012683 0.03492276695768973
0 0.07759263864710271 0.4983210208193418 0.015419049987565282 0.03492276695768973
0 0.10818204426759513 0.48992612491605103 0.013429495150460085 0.04499664204163868
0 0.1938572494404377 0.4788448623237072 0.013180800795821936 0.03223640026863667
0 0.2249440437702064 0.47548690396239085 0.015170355632927133 0.028206850235057087
0 0.27940810743596123 0.4654130288784419 0.014175578214374533 0.0335795836131632
0 0.3092514299925392 0.45735392881128273 0.014175578214374533 0.03492276695768973
0 0.33946779408107436 0.4529885829415715 0.009947774185525988 0.04231027535258563
0 0.367072867445909 0.44795164539959703 0.014921661278288983 0.040295500335795834
0 0.3966674956478488 0.445265278710544 0.013926883859736384 0.03626595030221625
0 0.42352648594876896 0.43284083277367363 0.012932106441183784 0.04499664204163868
0 0.4822183536433723 0.42612491605104097 0.01840338224322308 0.03290799194089993
0 0.015792091519522506 0.6440564137004701 0.00820691370305894 0.05104096709200806
0 0.04327281770703805 0.6427132303559436 0.013926883859736384 0.041638683680322364
0 0.06814225317085303 0.6359973136333109 0.015419049987565282 0.03760913364674278
0 0.10047251927381248 0.6319677635997314 0.013429495150460085 0.03626595030221625
0 0.1541904998756528 0.623237071860309 0.015419049987565282 0.029550033579583614
0 0.1878885849291221 0.6192075218267293 0.015170355632927133 0.03223640026863667
0 0.21549365829395672 0.6165211551376762 0.010196468540164138 0.03089321692411014
0 0.24571002238249193 0.609469442578912 0.021885103208157175 0.039623908663532575
0 0.2704551106689878 0.6047683008730692 0.010693857249440438 0.024848891873740765
0 0.3012932106441184 0.5970449966420417 0.014175578214374533 0.03223640026863667
0 0.32914697836359114 0.5957018132975151 0.013678189505098234 0.042981867024848894
0 0.3614772444665506 0.5883143049026192 0.015170355632927133 0.041638683680322364
0 0.3872171101715991 0.5866353257219611 0.019895548371051976 0.039623908663532575
0 0.03170853021636409 0.7844190732034922 0.014672966923650834 0.03626595030221625
0 0.05943795075851778 0.7770315648085964 0.014424272569012683 0.040295500335795834
0 0.08741606565530963 0.7716588314304903 0.016165133051479732 0.04566823371390195
0 0.11912459587167372 0.7733378106111484 0.019895548371051976 0.050369375419744795
0 0.2028102462074111 0.7562122229684352 0.013678189505098234 0.03492276695768973
0 0.25006217358865956 0.7508394895903291 0.016165133051479732 0.03626595030221625
0 0.2582690872917185 0.7629281396910679 0.019149465307137528 0.03626595030221625
0 0.2893558816214872 0.7454667562122229 0.012186023377269336 0.03223640026863667
0 0.3470529718975379 0.7340496977837475 0.014672966923650834 0.029550033579583614
0 0.3996518279035066 0.7159167226326394 0.011937329022631187 0.02552048354600403
0 0.4042526734643124 0.7330423102753526 0.01765729917930863 0.038280725319006045
0 0.43347426013429496 0.7152451309603761 0.012434717731907486 0.03895231699126931
0 0.46219845809500126 0.7152451309603761 0.015170355632927133 0.03492276695768973
0 0.46804277542899775 0.8498992612491605 0.01890077095249938 0.039623908663532575
0 0.32554091022133796 0.8723975822699799 0.015916438696841582 0.03626595030221625
0 0.04140761004725193 0.9204163868368033 0.019149465307137528 0.07051712558764271
0 0.06801790599353395 0.9167226326393553 0.024123352399900523 0.048354600402955
0 0.0988560059686645 0.9140362659503022 0.01865207659786123 0.03626595030221625
0 0.12621238497886098 0.909670920080591 0.015667744342203433 0.050369375419744795
0 0.1489679184282517 0.9053055742108798 0.015916438696841582 0.03223640026863667
0 0.18067644864461577 0.8982538616521155 0.014175578214374533 0.0409670920080591
0 0.21002238249191743 0.8938885157824042 0.015170355632927133 0.041638683680322364
0 0.26983337478239244 0.8854936198791135 0.013926883859736384 0.02887844190732035
0 0.38348669485202685 0.8683680322364002 0.0074608306391444916 0.021490933512424447
0 0.5272320318328774 0.8391537944929482 0.01691121611539418 0.0409670920080591
0 0.5533449390698831 0.8411685695097381 0.00845560805769709 0.02350570852921424
0 0.7006963441929868 0.8082605775688382 0.01715991047003233 0.05574210879785091
0 0.7306640139268838 0.8146406984553392 0.019895548371051976 0.041638683680322364
0 0.7835115642874907 0.7985224983210208 0.021636408853519026 0.04701141705842848
0 0.8145983586172594 0.7975151108126259 0.015170355632927133 0.036937541974479515
0 0.8451877642377518 0.7897918065815984 0.015667744342203433 0.0335795836131632
0 0.8778910718726685 0.7854264607118872 0.013926883859736384 0.050369375419744795
0 0.9017657299179309 0.7830758898589657 0.01641382740611788 0.042981867024848894
0 0.9332255657796568 0.7800537273337811 0.024620741109176822 0.05439892545332438
0 0.4904252673464312 0.7098723975822699 0.020392937080328275 0.042981867024848894
0 0.5478736632678438 0.7018132975151108 0.019895548371051976 0.04432505036937542
0 0.6083063914449142 0.6890530557421088 0.014424272569012683 0.04566823371390195
0 0.637901019646854 0.6813297515110812 0.020392937080328275 0.04499664204163868
0 0.6616513305147973 0.6789791806581599 0.019646854016413827 0.03492276695768973
0 0.6912459587167371 0.6759570181329752 0.01666252176075603 0.04499664204163868
0 0.7197214623228053 0.6705842847548691 0.017905993533946778 0.0315648085963734
0 0.7540412832628699 0.6645399597044996 0.01641382740611788 0.039623908663532575
0 0.8055210146729669 0.6531229012760241 0.019895548371051976 0.04231027535258563
0 0.8332504352151207 0.652451309603761 0.020144242725690126 0.04365345869711216
0 0.8969161900024869 0.6453995970449966 0.023625963690624224 0.048354600402955
0 0.9536185028599851 0.6309603760913365 0.015170355632927133 0.039623908663532575
0 0.9828400895299677 0.6252518468770987 0.014424272569012683 0.042981867024848894
0 0.5026112907237006 0.5668233713901948 0.013429495150460085 0.029550033579583614
0 0.533076349166874 0.5587642713230356 0.020144242725690126 0.0577568838146407
0 0.5595622979358369 0.5587642713230356 0.023874658045262374 0.040295500335795834
0 0.6170106938572495 0.5473472128945601 0.009947774185525988 0.0241773002014775
0 0.6459835861725939 0.5413028878441908 0.011191245958716737 0.02552048354600403
0 0.6714747575230042 0.535594358629953 0.010942551604078588 0.03022162525184688
0 0.6998259139517533 0.535594358629953 0.014424272569012683 0.04231027535258563
0 0.7346431236010943 0.5282068502350571 0.019398159661775678 0.039623908663532575
0 0.7611290723700572 0.5235057085292142 0.01865207659786123 0.038280725319006045
0 0.7881124098482964 0.5184687709872398 0.01840338224322308 0.03089321692411014
0 0.8168366078090027 0.5124244459368704 0.015170355632927133 0.02552048354600403
0 0.5114399403133549 0.42411014103425115 0.019149465307137528 0.036937541974479515
0 0.569634419298682 0.4083277367360645 0.00820691370305894 0.02552048354600403
0 0.5997264362098981 0.4100067159167226 0.011688634667993036 0.03290799194089993
0 0.6238497886097986 0.40698455339153794 0.012683412086545635 0.03626595030221625
0 0.6538174583436956 0.3938885157824043 0.015419049987565282 0.03022162525184688
0 0.6832877393683163 0.3945601074546676 0.016165133051479732 0.03425117528542646
0 0.7157423526485949 0.3888515782404298 0.020392937080328275 0.040295500335795834
0 0.7432230788361104 0.3834788448623237 0.015667744342203433 0.03760913364674278
0 0.828898284008953 0.3697112155809268 0.017905993533946778 0.03425117528542646
0 0.8867197214623228 0.36265950302216254 0.011688634667993036 0.048354600402955
0 0.9155682666003482 0.3579583613163197 0.01865207659786123 0.03626595030221625
0 0.9442924645610544 0.35124244459368703 0.015916438696841582 0.05910006715916723
0 0.49241482218353644 0.2850906648757555 0.015419049987565282 0.0315648085963734
0 0.5197712011937329 0.2790463398253862 0.01641382740611788 0.027535258562793822
0 0.5460084556080577 0.27266621893888515 0.011191245958716737 0.026863666890530557
0 0.5783387217110172 0.2696440564137005 0.014672966923650834 0.049026192075218265
0 0.6055707535438946 0.2615849563465413 0.019895548371051976 0.04633982538616521
0 0.6371549365829395 0.2595701813297515 0.011439940313354886 0.04768300873069174
0 0.6619000248694354 0.2602417730020148 0.012186023377269336 0.02350570852921424
0 0.690997264362099 0.24177300201477503 0.01765729917930863 0.052384150436534584
0 0.7202188510320816 0.24378777703156482 0.01641382740611788 0.04432505036937542
0 0.7498134792340214 0.2397582269979852 0.014424272569012683 0.052384150436534584
0 0.7799054961452375 0.23169912693082606 0.01890077095249938 0.041638683680322364
0 0.8642128823675702 0.222632639355272 0.017905993533946778 0.038280725319006045
0 0.925142999253917 0.2102081934184016 0.012434717731907486 0.028206850235057087
0 0.9517532952001989 0.20752182672934855 0.017905993533946778 0.042981867024848894
0 0.9802287988062671 0.20349227669576897 0.013180800795821936 0.041638683680322364
0 0.5062173588659538 0.14036265950302215 0.01815468788858493 0.05104096709200806
0 0.5392937080328276 0.13297515110812627 0.021636408853519026 0.056413700470114174
0 0.5953742850037305 0.12558764271323036 0.015419049987565282 0.04566823371390195
0 0.6253419547376274 0.12088650100738751 0.020641631434966425 0.052384150436534584
0 0.6540661526983338 0.11215580926796508 0.015419049987565282 0.055070517125587644
0 0.6842825167868689 0.11014103425117529 0.013678189505098234 0.026863666890530557
0 0.7137527978114897 0.1061114842175957 0.021387714498880876 0.0631296171927468
0 0.7689629445411589 0.09603760913364674 0.019398159661775678 0.028206850235057087
0 0.8301417557821438 0.0913364674278039 0.019398159661775678 0.041638683680322364
0 0.8557572743098731 0.08394895903290799 0.01691121611539418 0.05910006715916723
0 0.9129569758766476 0.06950973807924782 0.017905993533946778 0.038280725319006045
0 0.9454115891569261 0.06581598388179986 0.015170355632927133 0.055070517125587644
0 0.9758766476000995 0.061114842175957015 0.009947774185525988 0.028206850235057087
0 0.7993036558070132 0.0987239758226998 0.004973887092762994 0.020147750167897917
0 0.8888336234767471 0.08596373404969779 0.006466053220591892 0.017461383478844864
0 0.8948022879880627 0.21994627266621894 0.004973887092762994 0.011417058428475487
0 0.833872171101716 0.2256548018804567 0.00945038547624969 0.016118200134318333
0 0.8127331509574732 0.229012760241773 0.0074608306391444916 0.022834116856950974
0 0.6126585426510818 0.26326393552719946 0.010196468540164138 0.03626595030221625
0 0.7980601840338224 0.3717259905977166 0.005968664511315593 0.010073875083948958
0 0.8577468291469784 0.3656816655473472 0.006963441929868192 0.02887844190732035
