0 0.8923421980134573 0.30821147356580425 0.017942966997757128 0.07424071991001124
0 0.8819288689522589 0.28852643419572555 0.016340916372957384 0.023622047244094488
0 0.8574174943928228 0.29190101237345334 0.01986542774751682 0.08886389201349831
0 0.8410765780198655 0.3059617547806524 0.016020506247997435 0.06974128233970754
0 0.8239346363345081 0.29358830146231724 0.018263377122717077 0.02924634420697413
0 0.8168856135853892 0.2980877390326209 0.0067286126241589235 0.0922384701912261
0 0.8053508490868312 0.2840269966254218 0.015700096123037487 0.0281214848143982
0 0.7404677987824415 0.2924634420697413 0.014738865748157642 0.02699662542182227
0 0.7601730214674783 0.281214848143982 0.007369432874078821 0.049493813273340834
0 0.7523229734059597 0.27334083239595053 0.014098045498237744 0.03374578177727784
0 0.7858058314642743 0.2879640044994376 0.026594040371675745 0.05399325084364454
0 0.7784363985901954 0.30202474690663667 0.007369432874078821 0.06636670416197975
0 0.7161166292854855 0.28852643419572555 0.011534764498558154 0.08211473565804274
0 0.7041012495994874 0.29471316085489313 0.023389939122076257 0.08323959505061868
0 0.6850368471643704 0.3025871766029246 0.016661326497917333 0.03824521934758155
0 0.6608458827298943 0.27671541057367827 0.019545017622556872 0.03824521934758155
0 0.6270426145466197 0.2755905511811024 0.021787888497276513 0.08998875140607424
0 0.6486702979814162 0.29358830146231724 0.025953220121755848 0.09448818897637795
0 0.6347324575456584 0.2958380202474691 0.016020506247997435 0.0719910011248594
0 0.6063761614867029 0.27334083239595053 0.01505927587311759 0.0719910011248594
0 0.5847484780519064 0.3014623172103487 0.023710349247036206 0.06074240719910011
0 0.5576738224927907 0.281214848143982 0.013136815123357898 0.0764904386951631
0 0.5461390579942326 0.2750281214848144 0.029157321371355335 0.0843644544431946
0 0.5224287087471964 0.2795275590551181 0.029157321371355335 0.0843644544431946
0 0.5068888176866388 0.27896512935883017 0.02242870874719641 0.0562429696287964
0 0.4851009291893624 0.265466816647919 0.024991989746876 0.049493813273340834
0 0.46523550144184556 0.24803149606299213 0.008971483498878564 0.1203599550056243
0 0.45273950656840756 0.2637795275590551 0.011534764498558154 0.09336332958380203
0 0.43768023069529 0.26659167604049494 0.023710349247036206 0.10348706411698538
0 0.39346363345081703 0.24578177727784026 0.01730214674783723 0.03937007874015748
0 0.3992310157000961 0.26209223847019125 0.010893944248638257 0.08998875140607424
0 0.40980454982377446 0.2542182227221597 0.016020506247997435 0.08548931383577053
0 0.3732777955783403 0.24915635545556805 0.019224607497596923 0.08661417322834646
0 0.3567766741429029 0.25815523059617546 0.02531239987183595 0.07086614173228346
0 0.3297020185837872 0.2637795275590551 0.021787888497276513 0.06636670416197975
0 0.31320089714834987 0.26940382452193473 0.025953220121755848 0.05736782902137233
0 0.29846203140019223 0.24465691788526434 0.015700096123037487 0.10686164229471316
0 0.2763537327779558 0.2435320584926884 0.011855174623518103 0.08661417322834646
0 0.2582505607177187 0.22553430821147358 0.016020506247997435 0.0686164229471316
0 0.2350208266581224 0.2390326209223847 0.024671579621916052 0.04161979752530934
0 0.22284524190964433 0.23622047244094488 0.016981736622877282 0.11473565804274466
0 0.19721243191284846 0.22890888638920134 0.01762255687279718 0.10011248593925759
0 0.17254085229093238 0.24859392575928008 0.00993271387375841 0.047244094488188976
0 0.16164690804229415 0.22103487064116986 0.008010253123998718 0.09786276715410573
0 0.1400192246074976 0.2249718785151856 0.013457225248317847 0.08323959505061868
0 0.11775072092278116 0.23959505061867267 0.01505927587311759 0.0922384701912261
0 0.10797821211150273 0.22890888638920134 0.014738865748157642 0.11136107986501688
0 0.9091637295738545 0.735658042744657 0.012495994873438 0.09448818897637795
0 0.8881768663889779 0.7418447694038245 0.014738865748157642 0.1046119235095613
0 0.8646267222044216 0.7637795275590551 0.025953220121755848 0.08323959505061868
0 0.8473245754565845 0.7530933633295838 0.021467478372316565 0.052868391451068614
0 0.8242550464594681 0.7384701912260967 0.012495994873438 0.10236220472440945
0 0.8107978212111503 0.7485939257592801 0.023389939122076257 0.06186726659167604
0 0.7925344440884332 0.7379077615298087 0.015700096123037487 0.020247469066366704
0 0.7715475809035566 0.734533183352081 0.017942966997757128 0.08548931383577053
0 0.7556872797180391 0.7384701912260967 0.02018583787247677 0.03712035995500562
0 0.7335789810958027 0.7514060742407199 0.016981736622877282 0.09673790776152981
0 0.7090676065363666 0.7249718785151856 0.01025312399871836 0.11361079865016872
0 0.6832745914770907 0.749156355455568 0.020826658122396667 0.047244094488188976
0 0.6720602371034925 0.7317210348706412 0.012495994873438 0.0843644544431946
0 0.6518743992310158 0.7390326209223848 0.024030759371996155 0.08323959505061868
0 0.6332906119833387 0.735658042744657 0.025953220121755848 0.06974128233970754
0 0.6094200576738225 0.7232845894263217 0.03140019224607497 0.04274465691788527
0 0.5917975008010253 0.7300337457817773 0.024991989746876 0.06524184476940383
0 0.5676065363665492 0.7249718785151856 0.021467478372316565 0.06186726659167604
0 0.5554309516180711 0.7199100112485939 0.00993271387375841 0.08773903262092239
0 0.5514258250560717 0.7221597300337458 0.029477731496315284 0.04049493813273341
0 0.5346042934956745 0.7249718785151856 0.016981736622877282 0.0843644544431946
0 0.5161807113104774 0.7159730033745781 0.014738865748157642 0.07311586051743532
0 0.4911887215636014 0.7064116985376828 0.014738865748157642 0.0922384701912261
0 0.4705222685036847 0.703037120359955 0.018904197372636974 0.0764904386951631
0 0.45850688881768664 0.7215973003374578 0.013457225248317847 0.08211473565804274
0 0.43912207625760974 0.7249718785151856 0.01762255687279718 0.08886389201349831
0 0.4112463953860942 0.7328458942632171 0.020826658122396667 0.08211473565804274
0 0.41445049663569367 0.7109111361079865 0.022108298622236462 0.11023622047244094
0 0.3880166613264979 0.7170978627671541 0.01986542774751682 0.11136107986501688
0 0.38160845882729894 0.7064116985376828 0.02242870874719641 0.0764904386951631
0 0.3550144184556232 0.7092238470191226 0.01986542774751682 0.09561304836895389
0 0.3410765780198654 0.6957255343082115 0.011855174623518103 0.11811023622047244
0 0.324895866709388 0.6991001124859393 0.02050624799743672 0.07536557930258718
0 0.3035885933995514 0.6833520809898763 0.016981736622877282 0.030371203599550055
0 0.2838833707145146 0.6794150731158605 0.01281640499839795 0.09673790776152981
0 0.26241589234219803 0.688413948256468 0.016020506247997435 0.08323959505061868
0 0.24847805190644023 0.6962879640044994 0.02531239987183595 0.06074240719910011
0 0.22925344440884332 0.6929133858267716 0.016981736622877282 0.06074240719910011
0 0.19977571291252805 0.6895388076490439 0.018263377122717077 0.07874015748031496
0 0.1869593079141301 0.6602924634420697 0.015700096123037487 0.0922384701912261
0 0.1738224927907722 0.6912260967379078 0.018263377122717077 0.07086614173228346
0 0.15139378404357579 0.6799775028121485 0.015700096123037487 0.08211473565804274
0 0.12976610060877924 0.6737907761529809 0.024991989746876 0.04274465691788527
0 0.11422620954822173 0.6647919010123734 0.018904197372636974 0.08548931383577053
0 0.09708426786286446 0.6721034870641169 0.014098045498237744 0.07761529808773904
0 0.1835950016020506 0.23678290213723285 0.017942966997757128 0.030371203599550055
