0 0.07035775127768314 0.3182397959183674 0.015332197614991482 0.09566326530612244
0 0.07393526405451448 0.7716836734693877 0.029982964224872233 0.07908163265306123
0 0.0868824531516184 0.7397959183673469 0.020442930153321975 0.11224489795918367
0 0.08824531516183987 0.3475765306122449 0.010221465076660987 0.11096938775510204
0 0.11073253833049404 0.34375 0.008177172061328791 0.0625
0 0.14974446337308348 0.7264030612244898 0.03236797274275979 0.06760204081632654
0 0.16320272572402045 0.7602040816326531 0.022487223168654175 0.09948979591836735
0 0.13321976149914821 0.3093112244897959 0.027938671209540033 0.07015306122448979
0 0.15178875638841569 0.3252551020408163 0.021465076660988076 0.11224489795918367
0 0.17700170357751277 0.29336734693877553 0.019420783645655876 0.12244897959183673
0 0.19250425894378195 0.29910714285714285 0.019080068143100513 0.11607142857142858
0 0.19863713798977853 0.7544642857142857 0.031345826235093695 0.07015306122448979
0 0.22044293015332198 0.3137755102040816 0.013628620102214651 0.08673469387755102
0 0.2434412265758092 0.3227040816326531 0.028960817717206135 0.09693877551020408
0 0.2635434412265758 0.3207908163265306 0.039182282793867124 0.06760204081632654
0 0.28415672913117546 0.3048469387755102 0.027938671209540033 0.12244897959183673
0 0.2657580919931857 0.7423469387755102 0.017717206132879047 0.11224489795918367
0 0.2921635434412266 0.7391581632653061 0.035093696763202724 0.03188775510204082
0 0.3475298126064736 0.3086734693877551 0.02385008517887564 0.09693877551020408
0 0.36695059625212945 0.7136479591836735 0.02112436115843271 0.09056122448979592
0 0.4018739352640545 0.7059948979591837 0.02010221465076661 0.04974489795918367
0 0.41737649063032367 0.7053571428571429 0.030664395229982964 0.04846938775510204
0 0.4458262350936968 0.7053571428571429 0.020783645655877342 0.07653061224489796
0 0.39131175468483814 0.28125 0.0282793867120954 0.047193877551020405
0 0.41141396933560476 0.27869897959183676 0.010562180579216355 0.1211734693877551
0 0.43764906303236795 0.2653061224489796 0.026235093696763204 0.07397959183673469
0 0.4572402044293015 0.2767857142857143 0.020442930153321975 0.0663265306122449
0 0.48330494037478705 0.29081632653061223 0.010562180579216355 0.1326530612244898
0 0.4979557069846678 0.2653061224489796 0.01805792163543441 0.10459183673469388
0 0.5194207836456559 0.27614795918367346 0.015332197614991482 0.1364795918367347
0 0.5471890971039183 0.24744897959183673 0.034071550255536626 0.1326530612244898
0 0.5683134582623509 0.2614795918367347 0.008177172061328791 0.10204081632653061
0 0.4645655877342419 0.701530612244898 0.02282793867120954 0.10204081632653061
0 0.4831345826235094 0.6964285714285714 0.023168654173764906 0.06377551020408163
0 0.5289608177172062 0.6887755102040817 0.008517887563884156 0.14285714285714285
0 0.5505962521294719 0.7059948979591837 0.02453151618398637 0.08035714285714286
0 0.5696763202725724 0.7053571428571429 0.032708688245315164 0.07653061224489796
0 0.5899488926746167 0.6645408163265306 0.01737649063032368 0.11224489795918367
0 0.5914821124361158 0.24744897959183673 0.027938671209540033 0.058673469387755105
0 0.6105621805792164 0.2729591836734694 0.011584327086882453 0.11734693877551021
0 0.6330494037478706 0.26466836734693877 0.0293015332197615 0.08801020408163265
0 0.6480408858603066 0.2602040816326531 0.02112436115843271 0.13520408163265307
0 0.6671209540034072 0.22831632653061223 0.011584327086882453 0.10459183673469388
0 0.6921635434412265 0.22448979591836735 0.016695059625212946 0.07142857142857142
0 0.7141396933560477 0.2493622448979592 0.017717206132879047 0.10586734693877552
0 0.6093696763202726 0.6843112244897959 0.015332197614991482 0.11352040816326531
0 0.6347529812606474 0.6977040816326531 0.023168654173764906 0.04336734693877551
0 0.6562180579216355 0.6798469387755102 0.02385008517887564 0.07142857142857142
0 0.6771720613287905 0.6772959183673469 0.022146507666098807 0.12755102040816327
0 0.7015332197614992 0.6747448979591837 0.019080068143100513 0.125
0 0.7175468483816013 0.65625 0.017717206132879047 0.10841836734693877
0 0.7456558773424191 0.6690051020408163 0.018739352640545145 0.08290816326530612
0 0.7686541737649063 0.6626275510204082 0.014310051107325384 0.10841836734693877
0 0.7868824531516184 0.6568877551020408 0.018739352640545145 0.07653061224489796
0 0.8141396933560477 0.6900510204081632 0.020783645655877342 0.09693877551020408
0 0.8323679727427598 0.6479591836734694 0.02180579216354344 0.07397959183673469
0 0.7396933560477001 0.22576530612244897 0.014991482112436116 0.125
0 0.7657580919931857 0.2315051020408163 0.02555366269165247 0.047193877551020405
0 0.7858603066439523 0.21045918367346939 0.026235093696763204 0.08163265306122448
0 0.8008517887563884 0.23278061224489796 0.018739352640545145 0.06505102040816327
0 0.8304940374787053 0.23533163265306123 0.026916524701873935 0.0625
0 0.8678023850085179 0.21045918367346939 0.026575809199318567 0.08673469387755102
0 0.8597955706984668 0.6320153061224489 0.02010221465076661 0.09056122448979592
0 0.8706984667802385 0.6594387755102041 0.013969335604770016 0.10714285714285714
0 0.8976149914821124 0.6409438775510204 0.018739352640545145 0.10586734693877552
0 0.9182282793867121 0.6479591836734694 0.016354344122657582 0.12244897959183673
0 0.9407155025553663 0.6313775510204082 0.010221465076660987 0.15306122448979592
0 0.9589437819420784 0.6243622448979592 0.018739352640545145 0.13137755102040816
0 0.8872231686541737 0.21428571428571427 0.028620102214650767 0.1096938775510204
0 0.9105621805792163 0.2072704081632653 0.028960817717206135 0.026785714285714284
0 0.934923339011925 0.22704081632653061 0.019080068143100513 0.058673469387755105
0 0.9611584327086883 0.20408163265306123 0.034071550255536626 0.03826530612244898
