0 0.43972419928825623 0.3354769560557342 0.022686832740213523 0.04072883172561629
0 0.4128113879003559 0.34994640943194 0.021352313167259787 0.04394426580921758
0 0.39079181494661924 0.364951768488746 0.017348754448398576 0.05037513397642015
0 0.34942170818505336 0.38478027867095393 0.02090747330960854 0.06216505894962487
0 0.32829181494661924 0.3879957127545552 0.019572953736654804 0.04287245444801715
0 0.3029359430604982 0.4046087888531618 0.01601423487544484 0.04394426580921758
0 0.26601423487544484 0.4105037513397642 0.021352313167259787 0.05144694533762058
0 0.23598754448398576 0.4378349410503751 0.02090747330960854 0.04823151125401929
0 0.19550711743772242 0.4555198285101822 0.03425266903914591 0.05787781350482315
0 0.14835409252669038 0.4812433011789925 0.025355871886120998 0.06002143622722401
0 0.11788256227758007 0.4957127545551983 0.021352313167259787 0.04608788853161844
0 0.0849644128113879 0.5133976420150054 0.026690391459074734 0.06645230439442658
0 0.05716192170818506 0.5230439442658092 0.023576512455516015 0.06430868167202572
0 0.02869217081850534 0.5337620578778135 0.01912811387900356 0.055734190782422297
0 0.4786476868327402 0.4957127545551983 0.023131672597864767 0.04180064308681672
0 0.43994661921708184 0.5096463022508039 0.028469750889679714 0.05037513397642015
0 0.41036476868327404 0.5342979635584137 0.029804270462633453 0.04608788853161844
0 0.385008896797153 0.5471596998928189 0.014679715302491103 0.04823151125401929
0 0.3583185053380783 0.5616291532690246 0.03069395017793594 0.06216505894962487
0 0.3211743772241993 0.5766345123258306 0.029359430604982206 0.04930332261521972
0 0.2984875444839858 0.5868167202572347 0.02224199288256228 0.05680600214362272
0 0.26912811387900354 0.6071811361200429 0.025800711743772242 0.05680600214362272
0 0.23643238434163702 0.6205787781350482 0.029804270462633453 0.06645230439442658
0 0.20662811387900357 0.6296891747052519 0.01912811387900356 0.05251875669882101
0 0.17059608540925267 0.6441586280814576 0.024466192170818506 0.055734190782422297
0 0.14079181494661921 0.6570203644158628 0.01912811387900356 0.04715969989281887
0 0.11076512455516015 0.6747052518756699 0.02224199288256228 0.04608788853161844
0 0.08874555160142349 0.6859592711682744 0.017348754448398576 0.05144694533762058
0 0.052935943060498224 0.7090032154340836 0.026690391459074734 0.06538049303322616
0 0.0273576512455516 0.7229367631296891 0.016459074733096084 0.031082529474812434
0 0.49377224199288255 0.6741693461950696 0.020462633451957295 0.04072883172561629
0 0.46174377224199287 0.6918542336548767 0.023131672597864767 0.03965702036441586
0 0.4334964412811388 0.7031082529474812 0.014679715302491103 0.03429796355841372
0 0.3798932384341637 0.7331189710610932 0.025800711743772242 0.04715969989281887
0 0.3145017793594306 0.7684887459807074 0.023131672597864767 0.04930332261521972
0 0.2918149466192171 0.7717041800643086 0.018683274021352312 0.04930332261521972
0 0.25889679715302494 0.7984994640943194 0.019572953736654804 0.05144694533762058
0 0.2257562277580071 0.8006430868167203 0.026245551601423486 0.05144694533762058
0 0.19350533807829182 0.8220793140407289 0.016903914590747332 0.04715969989281887
0 0.17126334519572953 0.837620578778135 0.016903914590747332 0.04394426580921758
0 0.13545373665480426 0.8515541264737406 0.02001779359430605 0.04608788853161844
0 0.046708185053380785 0.8912111468381565 0.017793594306049824 0.04394426580921758
0 0.02157473309608541 0.9110396570203644 0.016459074733096084 0.04930332261521972
0 0.47397686832740216 0.319935691318328 0.026245551601423486 0.05251875669882101
0 0.5082295373665481 0.2995712754555198 0.027135231316725978 0.06109324758842444
0 0.5362544483985765 0.2942122186495177 0.024466192170818506 0.04608788853161844
0 0.5576067615658363 0.26366559485530544 0.01912811387900356 0.04715969989281887
0 0.5987544483985765 0.2577706323687031 0.018683274021352312 0.04823151125401929
0 0.8970195729537367 0.11629153269024652 0.022686832740213523 0.04394426580921758
0 0.8647686832740213 0.1302250803858521 0.02402135231316726 0.05037513397642015
0 0.8371886120996441 0.14255091103965703 0.023131672597864767 0.05787781350482315
0 0.8064946619217082 0.15916398713826366 0.023131672597864767 0.04394426580921758
0 0.7804715302491103 0.16988210075026794 0.025355871886120998 0.04608788853161844
0 0.7573398576512456 0.18220793140407288 0.02090747330960854 0.05144694533762058
0 0.7226423487544484 0.1982851018220793 0.02802491103202847 0.06430868167202572
0 0.6859430604982206 0.21811361200428725 0.025800711743772242 0.04180064308681672
0 0.6565836298932385 0.2379421221864952 0.017793594306049824 0.04287245444801715
0 0.6258896797153025 0.2465166130760986 0.021352313167259787 0.04715969989281887
0 0.8952402135231317 0.29314040728831725 0.025355871886120998 0.05037513397642015
0 0.8681049822064056 0.31564844587352625 0.026245551601423486 0.06109324758842444
0 0.8356316725978647 0.3220793140407288 0.025355871886120998 0.05037513397642015
0 0.7982651245551602 0.34941050375133975 0.02090747330960854 0.03858520900321544
0 0.7702402135231317 0.3553054662379421 0.02090747330960854 0.04180064308681672
0 0.7428825622775801 0.3665594855305466 0.023131672597864767 0.04501607717041801
0 0.7077402135231317 0.38853161843515543 0.018683274021352312 0.04608788853161844
0 0.6868327402135231 0.39817792068595925 0.02491103202846975 0.0632368703108253
0 0.6570284697508897 0.41639871382636656 0.020462633451957295 0.03536977491961415
0 0.6376779359430605 0.4180064308681672 0.02090747330960854 0.05787781350482315
0 0.5989768683274022 0.4340836012861736 0.025355871886120998 0.05359056806002144
0 0.5727313167259787 0.4555198285101822 0.025355871886120998 0.05787781350482315
0 0.5313612099644128 0.47106109324758844 0.017348754448398576 0.03965702036441586
0 0.49955516014234874 0.4892818863879957 0.020462633451957295 0.04823151125401929
0 0.8798932384341637 0.4833869239013934 0.019572953736654804 0.04930332261521972
0 0.8592081850533808 0.4967845659163987 0.02090747330960854 0.05037513397642015
0 0.8220640569395018 0.5214362272240086 0.025800711743772242 0.06538049303322616
0 0.7938167259786477 0.5326902465166131 0.02001779359430605 0.04715969989281887
0 0.7755782918149466 0.5364415862808146 0.015569395017793594 0.04608788853161844
0 0.7348754448398577 0.560021436227224 0.013345195729537367 0.02679528403001072
0 0.7077402135231317 0.5739549839228296 0.02402135231316726 0.03965702036441586
0 0.6648131672597865 0.5953912111468381 0.02001779359430605 0.03751339764201501
0 0.645017793594306 0.6061093247588425 0.018683274021352312 0.04394426580921758
0 0.6203291814946619 0.6189710610932476 0.018238434163701068 0.031082529474812434
0 0.5883007117437722 0.6264737406216506 0.02001779359430605 0.05251875669882101
0 0.5622775800711743 0.6404072883172561 0.015124555160142349 0.03536977491961415
0 0.9786476868327402 0.44265809217577706 0.018683274021352312 0.04501607717041801
0 0.94105871886121 0.45819935691318325 0.01912811387900356 0.03965702036441586
0 0.9208185053380783 0.46730975348338694 0.02491103202846975 0.06002143622722401
0 0.9833185053380783 0.2497320471596999 0.025355871886120998 0.04930332261521972
0 0.9552935943060499 0.26312968917470525 0.02179715302491103 0.05680600214362272
0 0.9326067615658363 0.2808145766345123 0.02179715302491103 0.05359056806002144
0 0.9844306049822064 0.06966773847802786 0.019572953736654804 0.06002143622722401
0 0.9530693950177936 0.08628081457663452 0.024466192170818506 0.04180064308681672
0 0.931049822064057 0.09431939978563773 0.019572953736654804 0.06002143622722401
