0 0.9878577623590633 0.0946969696969697 0.022549869904596703 0.05952380952380952
0 0.9635732870771899 0.11147186147186147 0.022549869904596703 0.04329004329004329
0 0.926062445793582 0.12932900432900432 0.0186470078057242 0.05952380952380952
0 0.8993928881179531 0.14123376623376624 0.0199479618386817 0.06601731601731602
0 0.8512575888985255 0.15746753246753248 0.022549869904596703 0.05735930735930736
0 0.8293581960104076 0.16017316017316016 0.0186470078057242 0.07142857142857142
0 0.8078924544666088 0.18506493506493507 0.022549869904596703 0.05194805194805195
0 0.7836079791847355 0.19534632034632035 0.012142237640936688 0.04220779220779221
0 0.7372072853425846 0.21861471861471862 0.023417172593235037 0.045454545454545456
0 0.7131396357328708 0.2224025974025974 0.022116218560277536 0.046536796536796536
0 0.6866869037294016 0.23593073593073594 0.023850823937554208 0.047619047619047616
0 0.6582827406764961 0.24512987012987014 0.019080659150043366 0.04220779220779221
0 0.6246747614917606 0.2591991341991342 0.024718126626192542 0.048701298701298704
0 0.6001734605377277 0.2765151515151515 0.020815264527320035 0.05303030303030303
0 0.5600607111882047 0.29545454545454547 0.02645273200346921 0.06493506493506493
0 0.9887250650477016 0.2878787878787879 0.02168256721595837 0.06926406926406926
0 0.9575021682567216 0.29707792207792205 0.020815264527320035 0.03787878787878788
0 0.9197745013009541 0.31277056277056275 0.024284475281873375 0.05627705627705628
0 0.8944058976582827 0.32575757575757575 0.025585429314830876 0.049783549783549784
0 0.8636166522116219 0.3436147186147186 0.023850823937554208 0.05952380952380952
0 0.9707285342584562 0.4816017316017316 0.02645273200346921 0.047619047619047616
0 0.9460104076322636 0.5 0.021248915871639202 0.03896103896103896
0 0.9102341717259324 0.5135281385281385 0.020815264527320035 0.046536796536796536
0 0.8742411101474414 0.5265151515151515 0.017346053772766695 0.05519480519480519
0 0.8542931483087598 0.5313852813852814 0.01821335646140503 0.04329004329004329
0 0.7909800520381614 0.5681818181818182 0.02515177797051171 0.07142857142857142
0 0.7625758889852559 0.3933982683982684 0.020381613183000868 0.04220779220779221
0 0.7417606244579358 0.4025974025974026 0.016912402428447527 0.04112554112554113
0 0.7085862966175195 0.4096320346320346 0.02168256721595837 0.048701298701298704
0 0.6767129228100607 0.42207792207792205 0.023850823937554208 0.05411255411255411
0 0.6478751084128361 0.43722943722943725 0.023417172593235037 0.05411255411255411
0 0.6233738074588031 0.4512987012987013 0.013443191673894189 0.025974025974025976
0 0.6979618386816999 0.6098484848484849 0.019514310494362534 0.04220779220779221
0 0.6426712922810061 0.6390692640692641 0.020815264527320035 0.03787878787878788
0 0.611448395490026 0.6461038961038961 0.020815264527320035 0.047619047619047616
0 0.5780572419774501 0.4724025974025974 0.014744145706851692 0.04220779220779221
0 0.5522549869904597 0.4843073593073593 0.023850823937554208 0.06601731601731602
0 0.5288378143972247 0.4945887445887446 0.021248915871639202 0.049783549783549784
0 0.5062879444926279 0.3225108225108225 0.024718126626192542 0.07575757575757576
0 0.4770164787510841 0.3365800865800866 0.02515177797051171 0.05627705627705628
0 0.4451431049436253 0.3495670995670996 0.01777970511708586 0.03463203463203463
0 0.4095836947094536 0.3582251082251082 0.019514310494362534 0.04329004329004329
0 0.497398091934085 0.5146103896103896 0.013876843018213356 0.046536796536796536
0 0.4655247181266262 0.5281385281385281 0.023850823937554208 0.06277056277056277
0 0.43668690372940155 0.5357142857142857 0.013876843018213356 0.04112554112554113
0 0.4006938421509107 0.5557359307359307 0.032090199479618386 0.06818181818181818
0 0.5702515177797051 0.6645021645021645 0.01821335646140503 0.03896103896103896
0 0.5487857762359063 0.685064935064935 0.021248915871639202 0.049783549783549784
0 0.5175628794449263 0.6942640692640693 0.02645273200346921 0.06385281385281386
0 0.48633998265394623 0.7067099567099567 0.0186470078057242 0.03463203463203463
0 0.46183868169991327 0.7132034632034632 0.027753686036426712 0.049783549783549784
0 0.3800954032957502 0.37932900432900435 0.016045099739809193 0.04220779220779221
0 0.35862966175195143 0.3869047619047619 0.019080659150043366 0.048701298701298704
0 0.32133564614050303 0.4036796536796537 0.029488291413703384 0.06277056277056277
0 0.2918473547267997 0.41774891774891776 0.020815264527320035 0.03896103896103896
0 0.2593235039028621 0.4366883116883117 0.0199479618386817 0.050865800865800864
0 0.23720728534258456 0.44101731601731603 0.022549869904596703 0.05952380952380952
0 0.20576756287944492 0.4675324675324675 0.019514310494362534 0.032467532467532464
0 0.1663052905464007 0.47673160173160173 0.019514310494362534 0.050865800865800864
0 0.14245446660884648 0.487012987012987 0.025585429314830876 0.049783549783549784
0 0.12012142237640937 0.5037878787878788 0.022549869904596703 0.03354978354978355
0 0.07805724197745013 0.5243506493506493 0.02168256721595837 0.048701298701298704
0 0.053772766695576756 0.5367965367965368 0.020815264527320035 0.049783549783549784
0 0.37185602775368604 0.5670995670995671 0.023850823937554208 0.05194805194805195
0 0.34757155247181265 0.5784632034632035 0.02298352124891587 0.06601731601731602
0 0.31873373807458805 0.5974025974025974 0.02168256721595837 0.06277056277056277
0 0.2883781439722463 0.6076839826839827 0.023417172593235037 0.05519480519480519
0 0.26409366869037293 0.6309523809523809 0.022549869904596703 0.045454545454545456
0 0.23091934084995663 0.6369047619047619 0.02298352124891587 0.05519480519480519
0 0.1966608846487424 0.6590909090909091 0.022116218560277536 0.04112554112554113
0 0.16717259323503902 0.6672077922077922 0.014310494362532523 0.04220779220779221
0 0.13183000867302688 0.6753246753246753 0.0199479618386817 0.05194805194805195
0 0.11339982653946228 0.6877705627705628 0.016045099739809193 0.04220779220779221
0 0.0756721595836947 0.7180735930735931 0.016045099739809193 0.044372294372294376
0 0.045099739809193407 0.7261904761904762 0.02515177797051171 0.04112554112554113
0 0.0186470078057242 0.7359307359307359 0.0199479618386817 0.03896103896103896
0 0.419774501300954 0.7445887445887446 0.01821335646140503 0.03463203463203463
0 0.39722463139635733 0.7456709956709957 0.026019080659150044 0.05844155844155844
0 0.3686036426712923 0.7575757575757576 0.017346053772766695 0.06060606060606061
0 0.30550737207285344 0.7976190476190477 0.020381613183000868 0.04112554112554113
0 0.2688638334778838 0.8084415584415584 0.026019080659150044 0.047619047619047616
0 0.24479618386816998 0.8208874458874459 0.024718126626192542 0.05952380952380952
0 0.22007805724197746 0.83495670995671 0.025585429314830876 0.050865800865800864
0 0.18278404163052905 0.8484848484848485 0.021248915871639202 0.06060606060606061
0 0.14614050303555942 0.8679653679653679 0.02515177797051171 0.05411255411255411
0 0.1251084128360798 0.8841991341991342 0.010841283607979185 0.023809523809523808
0 0.09366869037294015 0.8944805194805194 0.017346053772766695 0.050865800865800864
0 0.06569817866435386 0.9036796536796536 0.016912402428447527 0.03463203463203463
0 0.038594969644405897 0.9177489177489178 0.015611448395490026 0.04329004329004329
0 0.33456201214223763 0.775974025974026 0.014310494362532523 0.01948051948051948
