0 0.09193776520509193 0.7458172458172458 0.027581329561527583 0.08622908622908623
0 0.10537482319660538 0.768983268983269 0.021923620933521924 0.06563706563706563
0 0.13384016973125884 0.7676962676962676 0.015205091937765204 0.11454311454311454
0 0.17804101838755304 0.7464607464607464 0.009547383309759547 0.11068211068211069
0 0.20297029702970298 0.7445302445302445 0.02333804809052334 0.09652509652509653
0 0.2416902404526167 0.7245817245817245 0.01874115983026874 0.08751608751608751
0 0.07761669024045262 0.34427284427284427 0.013790664780763792 0.09652509652509653
0 0.128005657708628 0.34555984555984554 0.0297029702970297 0.05019305019305019
0 0.1547029702970297 0.3462033462033462 0.012376237623762377 0.12355212355212356
0 0.17326732673267325 0.3236808236808237 0.03323903818953324 0.0682110682110682
0 0.1974893917963225 0.31402831402831405 0.017326732673267328 0.08751608751608751
0 0.21393210749646394 0.3133848133848134 0.01768033946251768 0.0990990990990991
0 0.2606082036775106 0.333976833976834 0.024752475247524754 0.05791505791505792
0 0.28023338048090524 0.7406692406692407 0.02157001414427157 0.0888030888030888
0 0.3131188118811881 0.7194337194337195 0.01874115983026874 0.11068211068211069
0 0.28394625176803395 0.3133848133848134 0.02050919377652051 0.05791505791505792
0 0.3099363507779349 0.3005148005148005 0.019448373408769447 0.13256113256113256
0 0.3237270155586987 0.32175032175032175 0.03288543140028288 0.06177606177606178
0 0.35007072135785006 0.3063063063063063 0.021216407355021217 0.09523809523809523
0 0.3725247524752475 0.296010296010296 0.030763790664780764 0.08751608751608751
0 0.39091230551626593 0.3088803088803089 0.027227722772277228 0.09523809523809523
0 0.43334512022630833 0.2619047619047619 0.0342998585572843 0.0990990990990991
0 0.3302687411598303 0.7252252252252253 0.02050919377652051 0.05276705276705277
0 0.35431400282885434 0.7078507078507078 0.01485148514851485 0.10553410553410554
0 0.3735855728429986 0.7097812097812097 0.022277227722772276 0.07335907335907337
0 0.3935643564356436 0.7065637065637066 0.031117397454031116 0.06177606177606178
0 0.42273691654879775 0.6904761904761905 0.020155586987270154 0.13513513513513514
0 0.4405940594059406 0.6833976833976834 0.013437057991513438 0.10296010296010295
0 0.4634016973125884 0.27413127413127414 0.01661951909476662 0.11068211068211069
0 0.477015558698727 0.2625482625482625 0.019801980198019802 0.05148005148005148
0 0.4961103253182461 0.2709137709137709 0.019801980198019802 0.04504504504504504
0 0.5099009900990099 0.27863577863577865 0.028288543140028287 0.04247104247104247
0 0.5213932107496464 0.25675675675675674 0.015912305516265914 0.11454311454311454
0 0.5426096181046676 0.25997425997426 0.02652050919377652 0.0489060489060489
0 0.567008486562942 0.2857142857142857 0.028642149929278642 0.06177606177606178
0 0.5880480905233381 0.231016731016731 0.027581329561527583 0.07850707850707851
0 0.46304809052333806 0.6904761904761905 0.03288543140028288 0.05276705276705277
0 0.48408769448373407 0.6988416988416989 0.01485148514851485 0.09523809523809523
0 0.5058345120226309 0.6653796653796654 0.030056577086280057 0.036036036036036036
0 0.5291725601131542 0.6666666666666666 0.010254596888260255 0.0978120978120978
0 0.5447312588401697 0.6692406692406693 0.020155586987270154 0.043758043758043756
0 0.5673620933521923 0.6615186615186616 0.025813295615275813 0.08236808236808237
0 0.60997171145686 0.6756756756756757 0.009900990099009901 0.1287001287001287
0 0.629066478076379 0.6557271557271557 0.011315417256011316 0.12483912483912483
0 0.6474540311173974 0.6621621621621622 0.01768033946251768 0.0888030888030888
0 0.673974540311174 0.6537966537966537 0.0297029702970297 0.03861003861003861
0 0.7202970297029703 0.6344916344916345 0.02616690240452617 0.05148005148005148
0 0.7309052333804809 0.6537966537966537 0.009193776520509194 0.09266409266409266
0 0.6225247524752475 0.23680823680823682 0.015912305516265914 0.08494208494208494
0 0.6446251768033946 0.24903474903474904 0.01485148514851485 0.11454311454311454
0 0.6737977369165488 0.2676962676962677 0.01166902404526167 0.06435006435006435
0 0.6902404526166902 0.2413127413127413 0.021216407355021217 0.04504504504504504
0 0.7072135785007072 0.25933075933075933 0.011315417256011316 0.1377091377091377
0 0.7333804809052333 0.20077220077220076 0.021216407355021217 0.043758043758043756
0 0.7514144271570015 0.23037323037323038 0.019094766619519095 0.11840411840411841
0 0.7751060820367751 0.21621621621621623 0.021216407355021217 0.07979407979407979
0 0.7706859971711457 0.6016731016731016 0.014497878359264497 0.05276705276705277
0 0.803041018387553 0.6241956241956242 0.021923620933521924 0.10296010296010295
0 0.7980905233380481 0.2175032175032175 0.01272984441301273 0.06435006435006435
0 0.817008486562942 0.2059202059202059 0.028642149929278642 0.06692406692406692
0 0.8385785007072136 0.21557271557271557 0.013083451202263084 0.11969111969111969
0 0.8551980198019802 0.20913770913770913 0.02086280056577086 0.0888030888030888
0 0.8778288543140028 0.2232947232947233 0.027934936350777935 0.11711711711711711
0 0.8951555869872702 0.18597168597168598 0.02652050919377652 0.08108108108108109
0 0.9156647807637907 0.20463320463320464 0.024398868458274398 0.059202059202059204
0 0.9391796322489392 0.2059202059202059 0.019094766619519095 0.08236808236808237
0 0.9556223479490806 0.17567567567567569 0.01661951909476662 0.10424710424710425
0 0.9727722772277227 0.5978120978120978 0.01485148514851485 0.04247104247104247
0 0.9414780763790664 0.5875160875160875 0.012376237623762377 0.16344916344916344
0 0.9177864214992928 0.5907335907335908 0.01166902404526167 0.06692406692406692
0 0.8859618104667609 0.5862290862290862 0.027934936350777935 0.05276705276705277
0 0.8647454031117398 0.5939510939510939 0.022277227722772276 0.08365508365508366
0 0.838932107496464 0.6312741312741312 0.025106082036775106 0.0682110682110682
0 0.8182461103253182 0.6222651222651223 0.01272984441301273 0.12483912483912483
