0 0.8870181142591732 0.23154362416107382 0.012772875058058523 0.043319097010372176
0 0.8800510915002322 0.09640024405125076 0.019275429633070135 0.07199511897498474
0 0.21133302368787737 0.5051860890787065 0.012076172782164421 0.019524100061012812
0 0.7866929865304226 0.5176937156802929 0.01695308871342313 0.05064063453325198
0 0.5975383186251741 0.1525320317266626 0.019507663725034836 0.04514948139109213
0 0.11692986530422667 0.788895668090299 0.015095215977705528 0.04514948139109213
0 0.9323037621922898 0.6290420988407566 0.01137947050627032 0.04514948139109213
0 0.8593822573153739 0.2348993288590604 0.017882025081281932 0.05613178767541183
0 0.6121690664189503 0.15771812080536912 0.019507663725034836 0.043319097010372176
0 0.7172549930329772 0.12385600976205004 0.013237343241987923 0.04392922513727883
0 0.11867162099396192 0.2571690054911531 0.012076172782164421 0.02989627821842587
0 0.8427775197398978 0.6400244051250763 0.009289363678588018 0.03050640634533252
0 0.09126799814212726 0.6552776082977425 0.014862981885740827 0.04392922513727883
0 0.7448908499767766 0.11592434411226357 0.015095215977705528 0.040268456375838924
0 0.40490013934045516 0.5988407565588774 0.01602415234556433 0.044539353264185476
0 0.3794705062703205 0.7443563148261135 0.017185322805387832 0.04514948139109213
0 0.6546679052484905 0.27394752898108604 0.011611704598235021 0.023184868822452714
0 0.7311890385508593 0.664124466137889 0.012308406874129122 0.02989627821842587
0 0.31305155596841616 0.7559487492373398 0.02740362285183465 0.04636973764490543
0 0.9011843938690199 0.4938987187309335 0.02624245239201115 0.04942037827943868
0 0.18172317696237808 0.2480170835875534 0.01741755689735253 0.05308114704087859
0 0.8513701811425918 0.6400244051250763 0.013469577333952624 0.048810250152532035
0 0.566651184393869 0.2892007321537523 0.0074314909428704135 0.018303843807199512
0 0.3274500696702276 0.7574740695546065 0.01764979098931723 0.05430140329469189
0 0.6288899210404088 0.6961561928004881 0.020436600092893636 0.05735204392922514
0 0.9644681839294008 0.6171446003660769 0.012540640966093822 0.042098840756558877
0 0.7101718532280539 0.6656497864551556 0.01764979098931723 0.03294691885295912
0 0.10067347886669763 0.7962172056131788 0.02206223873664654 0.052471018913971934
0 0.7405945192754296 0.6583282489322758 0.012076172782164421 0.037827943868212324
0 0.9725963771481654 0.6217205613178768 0.011611704598235021 0.034167175106772425
0 0.4689967487227125 0.8492983526540574 0.017882025081281932 0.04514948139109213
0 0.7573153738968881 0.12446613788895668 0.016256386437529028 0.04148871262965223
0 0.9381096144914073 0.3523489932885906 0.007663725034835114 0.023794996949359364
0 0.6207617278216442 0.8178767541183648 0.02090106827682304 0.04575960951799878
0 0.04911751045053414 0.8096400244051251 0.014630747793776126 0.037827943868212324
0 0.6485137018114259 0.6827333740085418 0.019275429633070135 0.04392922513727883
0 0.4181374825824431 0.19280048810250153 0.018810961449140733 0.06589383770591824
0 0.9277751973989782 0.49115314215985356 0.020436600092893636 0.06101281269066504
0 0.8526474686483976 0.3785845027455766 0.009986065954482117 0.027455765710799267
0 0.8304691128657687 0.6464307504575961 0.012540640966093822 0.03355704697986577
0 0.7855318160705992 0.6510067114093959 0.01137947050627032 0.04148871262965223
0 0.38353460287970276 0.4740695546064674 0.013701811425917325 0.036607687614399025
0 0.3360427310729215 0.3413666870042709 0.011611704598235021 0.018913971934106162
0 0.10148629818857409 0.3904820012202563 0.016256386437529028 0.05613178767541183
0 0.6413144449605203 0.8154362416107382 0.01741755689735253 0.05308114704087859
0 0.834881560613098 0.2370347773032337 0.01579191825359963 0.05430140329469189
0 0.4400836042731073 0.8624161073825504 0.018114259173246633 0.04697986577181208
0 0.39444960520204364 0.3303843807199512 0.018810961449140733 0.042098840756558877
0 0.03239665582907571 0.6787675411836486 0.014630747793776126 0.022574740695546065
0 0.40118439386902 0.7385600976205003 0.015095215977705528 0.03721781574130567
0 0.7829772410589875 0.7846247712019524 0.01695308871342313 0.051250762660158634
0 0.41337668369716674 0.46308724832214765 0.014862981885740827 0.039048200122025624
0 0.1625638643752903 0.37827943868212327 0.018578727357176035 0.05491153142159853
0 0.49338132837900606 0.5808419768151312 0.015095215977705528 0.034167175106772425
0 0.18323269856014862 0.5073215375228798 0.01114723641430562 0.03599755948749237
0 0.910822108685555 0.6293471629042099 0.009753831862517418 0.026235509456985967
0 0.5557361820715281 0.834960341671751 0.014862981885740827 0.03843807199511898
0 0.47189967487227125 0.4505796217205613 0.014862981885740827 0.03965832824893228
0 0.3006270320483047 0.48505186089078706 0.014630747793776126 0.03294691885295912
0 0.4210404087320019 0.32611348383160466 0.014862981885740827 0.04575960951799878
0 0.26927542963307016 0.7684563758389261 0.02206223873664654 0.03965832824893228
0 0.7602183000464469 0.6607687614399024 0.021597770552717138 0.04270896888346553
0 0.9742220157919182 0.07596095179987797 0.019043195541105434 0.04942037827943868
0 0.8686716209939619 0.5018303843807199 0.013237343241987923 0.03355704697986577
0 0.36182071528100324 0.7471018913971934 0.014862981885740827 0.042098840756558877
0 0.410822108685555 0.863941427699817 0.020436600092893636 0.04148871262965223
0 0.44565722248026013 0.18212324588163514 0.016256386437529028 0.05308114704087859
0 0.27252670692057596 0.49694935936546675 0.012308406874129122 0.02989627821842587
0 0.9830469112865768 0.7443563148261135 0.01114723641430562 0.021964612568639415
0 0.9003715745471436 0.7596095179987797 0.02693915466790525 0.05735204392922514
0 0.1334184858337204 0.3813300793166565 0.020204366000928935 0.04758999389871873
0 0.3801672085462146 0.6040268456375839 0.013469577333952624 0.03050640634533252
0 0.3223409196470042 0.6177547284929835 0.019972131908964234 0.04087858450274558
0 0.5306549001393405 0.43929225137278827 0.015327450069670227 0.04148871262965223
0 0.7142359498374361 0.25625381330079317 0.01602415234556433 0.050030506406345335
0 0.44647004180213656 0.726052471018914 0.01648862052949373 0.04636973764490543
0 0.23699489084997677 0.6366687004270897 0.009057129586623316 0.025015253203172667
0 0.25 0.35570469798657717 0.01137947050627032 0.03294691885295912
0 0.7623084068741292 0.388346552776083 0.019275429633070135 0.042098840756558877
0 0.35090571295866235 0.7471018913971934 0.014862981885740827 0.03599755948749237
0 0.8780771017185323 0.36150091519219035 0.02183000464468184 0.044539353264185476
0 0.696934509986066 0.8023184868822453 0.011611704598235021 0.03172666259914582
0 0.5109150023223409 0.30414887126296525 0.01764979098931723 0.04820012202562538
0 0.5207849512308407 0.5698596705308114 0.009521597770552717 0.02928615009151922
0 0.43985137018114256 0.45912141549725444 0.016256386437529028 0.03965832824893228
0 0.4606363214119833 0.586333129957291 0.015559684161634928 0.037827943868212324
0 0.018927078495123085 0.40512507626601585 0.017882025081281932 0.052471018913971934
0 0.946934509986066 0.21079926784624772 0.011843938690199722 0.03843807199511898
0 0.192638179284719 0.3724832214765101 0.01602415234556433 0.044539353264185476
0 0.2922666047375755 0.62385600976205 0.009521597770552717 0.021354484441732765
0 0.5910357640501626 0.6964612568639414 0.02090106827682304 0.03843807199511898
0 0.03855085926614027 0.5387431360585723 0.014862981885740827 0.03294691885295912
0 0.38098002786809104 0.8721781574130567 0.01091500232234092 0.03477730323367907
0 0.4950069670227589 0.8456375838926175 0.019275429633070135 0.04758999389871873
0 0.9850209010682768 0.47498474679682734 0.011843938690199722 0.02867602196461257
0 0.7888992104040873 0.11836485661989017 0.015327450069670227 0.04514948139109213
0 0.6357408267533674 0.150091519219036 0.015095215977705528 0.02928615009151922
0 0.6380631676730144 0.5439292251372788 0.023455643288434743 0.043319097010372176
0 0.5400603808639108 0.7114093959731543 0.017882025081281932 0.039048200122025624
0 0.5559684161634928 0.43532641854789506 0.013469577333952624 0.03111653447223917
0 0.7414073385973061 0.25350823672971323 0.019275429633070135 0.05186089078706528
0 0.06746400371574547 0.9347162904209884 0.013701811425917325 0.025625381330079317
0 0.5853460287970274 0.5591824283099451 0.012308406874129122 0.03843807199511898
0 0.6472364143056201 0.41549725442342894 0.013005109150023224 0.028065893837705917
0 0.6295866233163029 0.2809640024405125 0.012540640966093822 0.025015253203172667
0 0.43636785880167206 0.5939597315436241 0.018578727357176035 0.044539353264185476
0 0.6971667440780307 0.5335570469798657 0.011611704598235021 0.02867602196461257
0 0.9601718532280539 0.4856619890176937 0.009521597770552717 0.023184868822452714
0 0.8307013469577333 0.09914582062233068 0.01672085462145843 0.04697986577181208
0 0.3575243845796563 0.4740695546064674 0.012772875058058523 0.02928615009151922
0 0.9212726428239666 0.22574740695546064 0.016256386437529028 0.037827943868212324
0 0.7740362285183465 0.24893227577791335 0.018114259173246633 0.050030506406345335
0 0.813980492336275 0.7840146430750458 0.018578727357176035 0.050030506406345335
0 0.804691128657687 0.2471018913971934 0.015327450069670227 0.028065893837705917
0 0.9620297259637715 0.7452715070164735 0.015559684161634928 0.03233679072605247
0 0.49454249883882956 0.17632702867602196 0.01045053413841152 0.037827943868212324
0 0.41616349280074316 0.7315436241610739 0.015327450069670227 0.036607687614399025
0 0.23525313516024152 0.9032946918852959 0.012540640966093822 0.026235509456985967
0 0.24825824431026475 0.7684563758389261 0.010218300046446818 0.027455765710799267
0 0.6710404087320019 0.8062843197071385 0.014630747793776126 0.04575960951799878
0 0.220157919182536 0.36943258084197683 0.019043195541105434 0.04575960951799878
0 0.15037157454714353 0.5195241000610128 0.011843938690199722 0.027455765710799267
0 0.17638179284718997 0.6442953020134228 0.01137947050627032 0.028065893837705917
0 0.6178588016720855 0.42129347162904207 0.015559684161634928 0.03965832824893228
0 0.3517185322805388 0.8743136058572301 0.01602415234556433 0.04270896888346553
0 0.12343241987923827 0.9176327028676022 0.014166279609846726 0.035387431360585725
0 0.513585694379935 0.7083587553386211 0.01602415234556433 0.04270896888346553
0 0.8426614026939154 0.5079316656497864 0.015095215977705528 0.03477730323367907
0 0.9060613098002787 0.09090909090909091 0.012772875058058523 0.03294691885295912
0 0.5516720854621459 0.5695546064673581 0.014166279609846726 0.02867602196461257
0 0.385276358569438 0.19890176937156803 0.015327450069670227 0.036607687614399025
0 0.8111936832326986 0.5137278828553996 0.010682768230376219 0.02928615009151922
0 0.3075940548072457 0.350823672971324 0.017882025081281932 0.04148871262965223
0 0.26323734324198794 0.22849298352654057 0.015095215977705528 0.03721781574130567
0 0.48118903855085926 0.31543624161073824 0.019507663725034836 0.048810250152532035
0 0.7302601021830004 0.3920073215375229 0.018810961449140733 0.044539353264185476
0 0.18172317696237808 0.9081757169005491 0.017882025081281932 0.04575960951799878
0 0.8427775197398978 0.7696766320927395 0.019507663725034836 0.044539353264185476
0 0.5838365071992568 0.8276388041488713 0.012540640966093822 0.03843807199511898
0 0.32594054807245704 0.4820012202562538 0.013237343241987923 0.03294691885295912
0 0.32036692986530424 0.21568029286150092 0.013237343241987923 0.03965832824893228
0 0.04656293543892243 0.40390482001220257 0.012308406874129122 0.03294691885295912
0 0.6863678588016721 0.2672361195851129 0.01695308871342313 0.039048200122025624
0 0.5379702740362285 0.3007931665649786 0.013701811425917325 0.039048200122025624
0 0.36727821644217373 0.33953630262355095 0.009057129586623316 0.03233679072605247
0 0.20215977705527172 0.6348383160463698 0.01741755689735253 0.044539353264185476
0 0.06897352531351603 0.5353874313605858 0.01114723641430562 0.027455765710799267
0 0.7548769159312587 0.788895668090299 0.011843938690199722 0.034167175106772425
0 0.07315373896888064 0.4002440512507627 0.018578727357176035 0.04392922513727883
0 0.24175568973525313 0.2287980475899939 0.013934045517882025 0.037827943868212324
0 0.9288202508128193 0.7559487492373398 0.01695308871342313 0.04758999389871873
0 0.2555736182071528 0.6308724832214765 0.013701811425917325 0.03294691885295912
0 0.6755689735253135 0.677242220866382 0.016256386437529028 0.04636973764490543
0 0.2425685090571296 0.4987797437461867 0.01695308871342313 0.03843807199511898
0 0.9093125870877845 0.36119585112873703 0.013701811425917325 0.03294691885295912
0 0.2808871342313052 0.3523489932885906 0.01137947050627032 0.025015253203172667
0 0.15234556432884347 0.24557657107992678 0.013934045517882025 0.03233679072605247
0 0.5586391082210869 0.163209273947529 0.015095215977705528 0.05064063453325198
0 0.3498606595448212 0.614399023794997 0.014166279609846726 0.035387431360585725
0 0.4513469577333953 0.3184868822452715 0.01741755689735253 0.040268456375838924
0 0.3254760798885276 0.8831604636973764 0.015095215977705528 0.03843807199511898
0 0.7879702740362285 0.3813300793166565 0.018578727357176035 0.050030506406345335
0 0.15339061774268462 0.913666870042709 0.019739897816999537 0.044539353264185476
0 0.8202508128193219 0.3804148871262965 0.013934045517882025 0.03355704697986577
0 0.7006502554575011 0.4017693715680293 0.012076172782164421 0.03477730323367907
0 0.11994890849976776 0.6589383770591825 0.011843938690199722 0.03294691885295912
0 0.060264746864839756 0.6662599145820622 0.013701811425917325 0.036607687614399025
0 0.5977705527171389 0.2849298352654057 0.010682768230376219 0.036607687614399025
0 0.5889456572224803 0.4222086638194021 0.017185322805387832 0.036607687614399025
0 0.6816070599163957 0.13178767541183647 0.014398513701811427 0.04148871262965223
0 0.6691825359962843 0.5436241610738255 0.01602415234556433 0.040268456375838924
0 0.676033441709243 0.40726052471018914 0.012076172782164421 0.02989627821842587
0 0.7241058987459359 0.7949969493593655 0.018578727357176035 0.039048200122025624
0 0.47956339990710634 0.7193410616229409 0.019043195541105434 0.04514948139109213
0 0.12610311193683232 0.5198291641244661 0.014398513701811427 0.04392922513727883
0 0.9649326521133302 0.3441122635753508 0.012076172782164421 0.035387431360585725
0 0.09846725499303298 0.5250152532031727 0.017185322805387832 0.04942037827943868
0 0.752322340919647 0.5247101891397193 0.015095215977705528 0.04148871262965223
0 0.09695773339526242 0.925869432580842 0.013237343241987923 0.03599755948749237
0 0.7245703669298653 0.5259304453935326 0.013469577333952624 0.040268456375838924
0 0.8727357176033441 0.7684563758389261 0.01672085462145843 0.043319097010372176
0 0.9774732930794241 0.20469798657718122 0.013469577333952624 0.03843807199511898
0 0.1471202972596377 0.6497864551555826 0.014166279609846726 0.037827943868212324
0 0.49965164886205293 0.4438682123245882 0.01741755689735253 0.03843807199511898
0 0.9304458894565723 0.0860280658938377 0.012308406874129122 0.04514948139109213
0 0.1144914073385973 0.2419158023184869 0.009753831862517418 0.018913971934106162
0 0.7264282396655829 0.12019524100061013 0.011611704598235021 0.050030506406345335
0 0.8960752438457965 0.23062843197071384 0.012772875058058523 0.039048200122025624
0 0.08476544356711566 0.6693105552165954 0.008824895494658615 0.02928615009151922
0 0.0543427775197399 0.7962172056131788 0.008824895494658615 0.026845637583892617
0 0.05747793776126335 0.8126906650396584 0.01045053413841152 0.02928615009151922
0 0.06595448211797492 0.8029286150091519 0.015327450069670227 0.04392922513727883
0 0.7940083604273107 0.6394142769981697 0.013934045517882025 0.03172666259914582
0 0.7920343706456108 0.660463697376449 0.012308406874129122 0.03111653447223917
0 0.9500696702275894 0.6098230628431971 0.013469577333952624 0.02867602196461257
0 0.9425220622387367 0.6232458816351434 0.009986065954482117 0.03721781574130567
0 0.9505341384115188 0.6287370347773032 0.012540640966093822 0.026235509456985967
0 0.9124477473293079 0.7611348383160463 0.012076172782164421 0.03965832824893228
0 0.5235717603344171 0.8435021354484442 0.006734788666976312 0.03477730323367907
0 0.29737575476079886 0.889261744966443 0.007663725034835114 0.014032946918852958
0 0.04029261495587552 0.9435631482611349 0.01091500232234092 0.03599755948749237
0 0.07756618671620993 0.7953020134228188 0.017185322805387832 0.03599755948749237
0 0.7988852763585694 0.6522269676632093 0.008824895494658615 0.024405125076266018
