0 0.03231867718902668 0.47172949002217296 0.021796317173994738 0.043237250554323724
0 0.053739195791055995 0.45787139689578715 0.01954152574220218 0.03547671840354767
0 0.06952273581360391 0.46008869179600886 0.014280345734686208 0.07760532150776053
0 0.11123637730176625 0.43070953436807097 0.018789928598271326 0.07427937915742794
0 0.15764750093949642 0.4157427937915743 0.034197670048853816 0.03991130820399113
0 0.18902668169860953 0.4007760532150776 0.015783540022547914 0.08536585365853659
0 0.21307779030439683 0.4146341463414634 0.01954152574220218 0.07538802660753881
0 0.23694099962420143 0.39578713968957874 0.03269447576099211 0.057649667405764965
0 0.25948891394212703 0.3874722838137472 0.017662532882375046 0.08758314855875832
0 0.05918827508455468 0.8048780487804879 0.0311912814731304 0.05543237250554324
0 0.08023299511461857 0.7937915742793792 0.02066892145809846 0.09312638580931264
0 0.10221721157459601 0.7827050997782705 0.03532506576475009 0.07317073170731707
0 0.12213453588876362 0.7804878048780488 0.018038331454340473 0.09312638580931264
0 0.14355505449079292 0.7893569844789357 0.018038331454340473 0.09977827050997783
0 0.16272078166102968 0.766629711751663 0.03307027433295753 0.04988913525498891
0 0.18508079669297256 0.7738359201773836 0.027433295753476136 0.08647450110864745
0 0.20217963171739947 0.7560975609756098 0.03006388575723412 0.07982261640798226
0 0.22566704246523864 0.7439024390243902 0.013904547162720781 0.1130820399113082
0 0.2957534761367907 0.3830376940133038 0.018789928598271326 0.10532150776053215
0 0.35813603908305147 0.369179600886918 0.018789928598271326 0.057649667405764965
0 0.3994738819992484 0.36862527716186255 0.016535137166478767 0.06762749445676275
0 0.3271326568959038 0.7023281596452328 0.006388575723412251 0.08536585365853659
0 0.30214205186020293 0.7405764966740577 0.028560691469372415 0.07317073170731707
0 0.2664411875234874 0.7378048780487805 0.012025554302893648 0.1008869179600887
0 0.2508455467869222 0.7389135254988913 0.016910935738444193 0.02771618625277162
0 0.34911687335588126 0.7111973392461197 0.026305900037579856 0.03436807095343681
0 0.36903419767004886 0.7006651884700665 0.00751597143930853 0.09312638580931264
0 0.42859827132656897 0.6735033259423503 0.0184141300263059 0.1008869179600887
0 0.4532130777903044 0.6790465631929047 0.020293122886133032 0.09645232815964523
0 0.42484028560691467 0.3342572062084257 0.022923712889891017 0.05432372505543237
0 0.4419391206313416 0.3370288248337029 0.008267568583239383 0.07538802660753881
0 0.45715896279594137 0.328159645232816 0.02818489289740699 0.06208425720620843
0 0.5028184892897407 0.32427937915742794 0.00977076287110109 0.1008869179600887
0 0.49210822998872605 0.6784922394678492 0.02142051860202931 0.09534368070953436
0 0.530815482901165 0.3093126385809313 0.03269447576099211 0.082039911308204
0 0.5700864336715521 0.3098669623059867 0.015783540022547914 0.1008869179600887
0 0.5975197294250282 0.30155210643015523 0.021796317173994738 0.0975609756097561
0 0.6125516723036453 0.291019955654102 0.012025554302893648 0.08758314855875832
0 0.659902292371289 0.2754988913525499 0.027809094325441562 0.08536585365853659
0 0.6429913566328448 0.27882483370288247 0.033821871476888386 0.0565410199556541
0 0.5319428786170612 0.6541019955654102 0.022923712889891017 0.08869179600886919
0 0.5783540022547914 0.6330376940133038 0.015783540022547914 0.09312638580931264
0 0.6054114994363021 0.6391352549889135 0.020293122886133032 0.06762749445676275
0 0.6253288237504697 0.6092017738359202 0.029312288613303268 0.058758314855875834
0 0.6503194287861707 0.6213968957871396 0.012401352874859075 0.08536585365853659
0 0.6933483652762119 0.6031042128603105 0.029312288613303268 0.06208425720620843
0 0.6986095452837279 0.2621951219512195 0.021044720030063885 0.10310421286031042
0 0.732619316046599 0.614190687361419 0.010146561443066516 0.08869179600886919
0 0.7406989853438557 0.24833702882483372 0.029312288613303268 0.0975609756097561
0 0.7908680947012401 0.23503325942350334 0.030439684329199548 0.03991130820399113
0 0.8090943254415633 0.21452328159645231 0.014280345734686208 0.10310421286031042
0 0.8288237504697482 0.21840354767184036 0.02367531003382187 0.05543237250554324
0 0.8536264562194663 0.20953436807095344 0.026681698609545283 0.050997782705099776
0 0.936490041337843 0.19401330376940132 0.020293122886133032 0.1130820399113082
0 0.9434423149192033 0.5338137472283814 0.014656144306651634 0.1164079822616408
0 0.9173243141676062 0.5537694013303769 0.02480270574971815 0.11197339246119734
0 0.8865088312664412 0.5476718403547672 0.036076662908680945 0.04212860310421286
0 0.8654641112363773 0.5681818181818182 0.018038331454340473 0.06319290465631928
0 0.7722660653889515 0.5665188470066519 0.03983464862833521 0.03547671840354767
0 0.8040210447200301 0.5737250554323725 0.03795565576850808 0.03436807095343681
0 0.8361518226230741 0.5559866962305987 0.016535137166478767 0.02771618625277162
