0 0.8903924221921515 0.23767605633802816 0.02796571944068561 0.0528169014084507
0 0.8752819124943617 0.20158450704225353 0.02029769959404601 0.12147887323943662
0 0.8522778529544429 0.2244718309859155 0.019395579612088407 0.13556338028169015
0 0.8333333333333334 0.238556338028169 0.01849345963013081 0.08274647887323944
0 0.8105548037889039 0.24295774647887325 0.02165087956698241 0.1056338028169014
0 0.7762742444745151 0.24559859154929578 0.02616147947677041 0.08274647887323944
0 0.752593594948128 0.2517605633802817 0.013080739738385205 0.07746478873239436
0 0.7347767253044655 0.25528169014084506 0.015336039693279206 0.08098591549295775
0 0.7162832656743346 0.2438380281690141 0.011727559765448805 0.10035211267605634
0 0.6977898060442039 0.24647887323943662 0.015336039693279206 0.07746478873239436
0 0.6822282363554353 0.23767605633802816 0.019395579612088407 0.07746478873239436
0 0.663509246729815 0.24559859154929578 0.02706359945872801 0.051056338028169015
0 0.6204330175913396 0.2517605633802817 0.013080739738385205 0.0880281690140845
0 0.6001353179972937 0.2605633802816901 0.012178619756427604 0.07746478873239436
0 0.5827695083446098 0.25616197183098594 0.018944519621109608 0.07570422535211267
0 0.5615696887686062 0.25528169014084506 0.018944519621109608 0.07394366197183098
0 0.546233649075327 0.25880281690140844 0.013531799729364006 0.09507042253521127
0 0.5333784393324312 0.2306338028169014 0.02480829950383401 0.09154929577464789
0 0.5047361299052774 0.24119718309859156 0.015336039693279206 0.10211267605633803
0 0.4884979702300406 0.21654929577464788 0.013531799729364006 0.10915492957746478
0 0.45331529093369416 0.2517605633802817 0.012629679747406405 0.09507042253521127
0 0.42850699142986015 0.2517605633802817 0.02435723951285521 0.06690140845070422
0 0.41294542174109156 0.23503521126760563 0.013080739738385205 0.09683098591549295
0 0.3547586829048263 0.25440140845070425 0.02480829950383401 0.06514084507042253
0 0.31641858367162834 0.238556338028169 0.023004059539918808 0.061619718309859156
0 0.33130356337392874 0.25440140845070425 0.02480829950383401 0.058098591549295774
0 0.29409111411817773 0.2367957746478873 0.019846639603067207 0.08626760563380281
0 0.2753721244925575 0.2623239436619718 0.02210193955796121 0.05985915492957746
0 0.2573297248534055 0.2596830985915493 0.016689219666215605 0.051056338028169015
0 0.19959404600811909 0.26936619718309857 0.01849345963013081 0.0880281690140845
0 0.21718538565629228 0.261443661971831 0.02480829950383401 0.07922535211267606
0 0.2327469553450609 0.2623239436619718 0.010825439783491205 0.08098591549295775
0 0.2422192151556157 0.24911971830985916 0.015336039693279206 0.058098591549295774
0 0.18064952638700948 0.23591549295774647 0.012178619756427604 0.07394366197183098
0 0.14050518718989627 0.2517605633802817 0.013080739738385205 0.08098591549295775
0 0.15290933694181327 0.25528169014084506 0.010825439783491205 0.05985915492957746
0 0.16125394677492105 0.2623239436619718 0.010374379792512404 0.05985915492957746
0 0.11907983761840325 0.238556338028169 0.011727559765448805 0.09330985915492958
0 0.09833107803337844 0.2649647887323944 0.010825439783491205 0.08626760563380281
0 0.9003157419936851 0.7244718309859155 0.014433919711321606 0.04753521126760563
0 0.890617952187641 0.7394366197183099 0.009472259810554804 0.08098591549295775
0 0.8779882724402346 0.738556338028169 0.014884979702300407 0.07922535211267606
0 0.8552097428958051 0.7253521126760564 0.016238159675236806 0.11971830985915492
0 0.8425800631483987 0.733274647887324 0.015336039693279206 0.07922535211267606
0 0.8204781235904375 0.721830985915493 0.018042399639152006 0.13028169014084506
0 0.8001804239963916 0.7367957746478874 0.02706359945872801 0.0897887323943662
0 0.7837167343256654 0.7183098591549296 0.015787099684258007 0.08450704225352113
0 0.7602616147947677 0.7174295774647887 0.021199819576003608 0.061619718309859156
0 0.7201172755976545 0.733274647887324 0.014884979702300407 0.1073943661971831
0 0.6838069463238611 0.721830985915493 0.02074875958502481 0.03873239436619718
0 0.7009472259810555 0.7350352112676056 0.02074875958502481 0.058098591549295774
0 0.6463689670726207 0.7288732394366197 0.02435723951285521 0.045774647887323945
0 0.6303563373928732 0.721830985915493 0.032025259359494816 0.045774647887323945
0 0.6055480378890392 0.733274647887324 0.02751465944970681 0.051056338028169015
0 0.5866035182679297 0.7403169014084507 0.009472259810554804 0.09683098591549295
0 0.5723951285520974 0.7253521126760564 0.02165087956698241 0.09154929577464789
0 0.5446549391069012 0.7455985915492958 0.02390617952187641 0.058098591549295774
0 0.530446549391069 0.7438380281690141 0.014433919711321606 0.0721830985915493
0 0.5184934596301308 0.7262323943661971 0.013982859720342805 0.125
0 0.43865584122688317 0.7341549295774648 0.016689219666215605 0.10915492957746478
0 0.45669824086603517 0.7350352112676056 0.013080739738385205 0.10035211267605634
0 0.465042850699143 0.7447183098591549 0.02255299954894001 0.07042253521126761
0 0.47406405051871897 0.7588028169014085 0.012629679747406405 0.08450704225352113
0 0.4894000902119982 0.7535211267605634 0.014433919711321606 0.07746478873239436
0 0.4986468200270636 0.7508802816901409 0.015787099684258007 0.058098591549295774
0 0.42106450157870995 0.7367957746478874 0.02029769959404601 0.06866197183098592
0 0.40279657194406854 0.7491197183098591 0.02435723951285521 0.07922535211267606
0 0.38836265223274696 0.7323943661971831 0.019846639603067207 0.09859154929577464
0 0.36242670275146593 0.7447183098591549 0.02480829950383401 0.05985915492957746
0 0.34393324312133516 0.7535211267605634 0.01849345963013081 0.09154929577464789
0 0.3267929634641407 0.7359154929577465 0.021199819576003608 0.07042253521126761
0 0.2979251240414975 0.7455985915492958 0.015787099684258007 0.07922535211267606
0 0.2758231844835363 0.7174295774647887 0.016689219666215605 0.04753521126760563
0 0.2846188543076229 0.7535211267605634 0.018042399639152006 0.06690140845070422
0 0.2620658547586829 0.75 0.015336039693279206 0.07394366197183098
0 0.2374830852503383 0.7508802816901409 0.021199819576003608 0.08274647887323944
0 0.2219215155615697 0.7403169014084507 0.018944519621109608 0.09330985915492958
0 0.20613441587731168 0.7323943661971831 0.029769959404600813 0.07042253521126761
0 0.18831754623364907 0.7517605633802817 0.02210193955796121 0.07042253521126761
0 0.14163283716734326 0.7464788732394366 0.018042399639152006 0.08098591549295775
0 0.12336490753270185 0.7482394366197183 0.02571041948579161 0.0528169014084507
0 0.09833107803337844 0.7447183098591549 0.018944519621109608 0.07042253521126761
