0 0.9879175550817342 0.22301136363636365 0.011371712864250177 0.06534090909090909
0 0.9774342572850035 0.24076704545454544 0.01457000710732054 0.06392045454545454
0 0.8878820184790334 0.24147727272727273 0.01457000710732054 0.07954545454545454
0 0.8752665245202559 0.24005681818181818 0.013503909026297086 0.09943181818181818
0 0.8288912579957356 0.26207386363636365 0.015991471215351813 0.109375
0 0.853411513859275 0.23508522727272727 0.018834399431414357 0.12357954545454546
0 0.8079246624022743 0.2265625 0.0216773276474769 0.06960227272727272
0 0.7951314854299929 0.24147727272727273 0.013859275053304905 0.09943181818181818
0 0.7858919687277897 0.21519886363636365 0.01457000710732054 0.05823863636363636
0 0.7135749822316987 0.25142045454545453 0.02061122956645345 0.06818181818181818
0 0.7340085287846482 0.22869318181818182 0.025941719971570718 0.08238636363636363
0 0.7530206112295664 0.2159090909090909 0.022743425728500355 0.07954545454545454
0 0.7722103766879886 0.25426136363636365 0.022743425728500355 0.10511363636363637
0 0.699182658137882 0.24360795454545456 0.011727078891257996 0.09232954545454546
0 0.6844349680170576 0.23579545454545456 0.02061122956645345 0.06818181818181818
0 0.6689765458422174 0.2393465909090909 0.007462686567164179 0.029829545454545456
0 0.6584932480454868 0.26207386363636365 0.015636105188343994 0.078125
0 0.6409026297085999 0.26136363636363635 0.0216773276474769 0.09943181818181818
0 0.6245557924662403 0.2549715909090909 0.023098791755508174 0.09517045454545454
0 0.5660980810234542 0.24289772727272727 0.013503909026297086 0.1534090909090909
0 0.5460199004975125 0.24360795454545456 0.015991471215351813 0.07528409090909091
0 0.5325159914712153 0.2507102272727273 0.02523098791755508 0.078125
0 0.503731343283582 0.23650568181818182 0.015991471215351813 0.1434659090909091
0 0.4962686567164179 0.24289772727272727 0.017412935323383085 0.10795454545454546
0 0.4689054726368159 0.23650568181818182 0.025941719971570718 0.07244318181818182
0 0.4502487562189055 0.2585227272727273 0.01847903340440654 0.10511363636363637
0 0.42786069651741293 0.25 0.028429282160625444 0.07102272727272728
0 0.4154228855721393 0.265625 0.019189765458422176 0.11647727272727272
0 0.39587775408670933 0.25639204545454547 0.024875621890547265 0.10085227272727272
0 0.3777540867093106 0.24360795454545456 0.017057569296375266 0.12357954545454546
0 0.32036247334754797 0.2549715909090909 0.015991471215351813 0.09232954545454546
0 0.339907604832978 0.2372159090909091 0.015280739161336177 0.06818181818181818
0 0.35447761194029853 0.2556818181818182 0.020966595593461264 0.11079545454545454
0 0.28251599147121537 0.2684659090909091 0.02061122956645345 0.09090909090909091
0 0.267590618336887 0.2571022727272727 0.017768301350390904 0.13068181818181818
0 0.2443141435678749 0.25923295454545453 0.017412935323383085 0.09517045454545454
0 0.2279673063255153 0.23650568181818182 0.011727078891257996 0.11505681818181818
0 0.212864250177683 0.2585227272727273 0.021321961620469083 0.07670454545454546
0 0.19012082444918266 0.2556818181818182 0.011371712864250177 0.1278409090909091
0 0.1696872778962331 0.2471590909090909 0.03233830845771144 0.06818181818181818
0 0.14108031272210378 0.25639204545454547 0.01990049751243781 0.09801136363636363
0 0.8699360341151386 0.7251420454545454 0.013503909026297086 0.078125
0 0.8528784648187633 0.7492897727272727 0.028429282160625444 0.07528409090909091
0 0.831911869225302 0.7279829545454546 0.009950248756218905 0.109375
0 0.8128997867803838 0.7514204545454546 0.022388059701492536 0.07954545454545454
0 0.7876687988628287 0.7336647727272727 0.008173418621179816 0.018465909090909092
0 0.7986851457000711 0.7279829545454546 0.012437810945273632 0.024147727272727272
0 0.7725657427149965 0.7535511363636364 0.01847903340440654 0.046875
0 0.7524875621890548 0.7350852272727273 0.010305614783226724 0.12642045454545456
0 0.7364960909737029 0.7279829545454546 0.009594882729211088 0.16619318181818182
0 0.7237029140014215 0.7563920454545454 0.020966595593461264 0.08664772727272728
0 0.6783937455579246 0.7478693181818182 0.017768301350390904 0.08664772727272728
0 0.695273631840796 0.7549715909090909 0.0216773276474769 0.07528409090909091
0 0.6398365316275764 0.7627840909090909 0.02523098791755508 0.07670454545454546
0 0.6199360341151386 0.7549715909090909 0.013859275053304905 0.07528409090909091
0 0.5874200426439232 0.7528409090909091 0.014214641080312722 0.10795454545454546
0 0.6050106609808102 0.7329545454545454 0.008884150675195452 0.022727272727272728
0 0.5648542999289268 0.7542613636363636 0.01954513148542999 0.07670454545454546
0 0.5431769722814499 0.7414772727272727 0.018834399431414357 0.07102272727272728
0 0.5282515991471215 0.7428977272727273 0.015280739161336177 0.08522727272727272
0 0.5033759772565742 0.7436079545454546 0.022388059701492536 0.11505681818181818
0 0.47583511016346836 0.7393465909090909 0.008528784648187633 0.046875
0 0.4513148542999289 0.7507102272727273 0.022743425728500355 0.09232954545454546
0 0.43567874911158494 0.7301136363636364 0.016346837242359632 0.1278409090909091
0 0.414001421464108 0.7443181818181818 0.014214641080312722 0.09375
0 0.3779317697228145 0.7436079545454546 0.012437810945273632 0.07244318181818182
0 0.39872068230277186 0.7542613636363636 0.026297085998578537 0.08806818181818182
0 0.3393745557924662 0.7464488636363636 0.016346837242359632 0.06960227272727272
0 0.31982942430703626 0.7350852272727273 0.028429282160625444 0.05823863636363636
0 0.3070362473347548 0.7578125 0.010660980810234541 0.08380681818181818
0 0.28038379530916846 0.75 0.01279317697228145 0.07102272727272728
0 0.26119402985074625 0.7386363636363636 0.028429282160625444 0.05397727272727273
0 0.22921108742004265 0.7308238636363636 0.008528784648187633 0.08380681818181818
0 0.24751243781094528 0.7620738636363636 0.01101634683724236 0.07528409090909091
0 0.23845060412224592 0.7237215909090909 0.02700781805259417 0.05823863636363636
0 0.207000710732054 0.7272727272727273 0.015280739161336177 0.05397727272727273
0 0.15369580668088131 0.7009943181818182 0.020966595593461264 0.052556818181818184
0 0.1677327647476901 0.7478693181818182 0.010660980810234541 0.06676136363636363
0 0.189410092395167 0.7130681818181818 0.021321961620469083 0.03977272727272727
0 0.1396588486140725 0.7393465909090909 0.021321961620469083 0.06392045454545454
0 0.11549395877754087 0.7286931818181818 0.017768301350390904 0.09375
0 0.1044776119402985 0.7230113636363636 0.02700781805259417 0.048295454545454544
