0 0.9355170992995467 0.3158263305322129 0.017717346518335394 0.05742296918767507
0 0.9126493613514627 0.3137254901960784 0.023073753605274 0.06722689075630252
0 0.8939019365471775 0.32002801120448177 0.019365471775854966 0.06582633053221289
0 0.8566131025957973 0.2913165266106443 0.0173053152039555 0.0392156862745098
0 0.8292130201895344 0.3011204481792717 0.015245158632056036 0.06442577030812324
0 0.8088174701277298 0.3074229691876751 0.0173053152039555 0.0938375350140056
0 0.7878038730943552 0.3081232492997199 0.028018129377832716 0.058823529411764705
0 0.7674083230325505 0.2969187675070028 0.015245158632056036 0.09523809523809523
0 0.7472187886279357 0.29971988795518206 0.013597033374536464 0.09523809523809523
0 0.715698393077874 0.28711484593837533 0.030490317264112072 0.07563025210084033
0 0.6802637000412032 0.28851540616246496 0.027194066749072928 0.06722689075630252
0 0.6602801812937783 0.27521008403361347 0.011124845488257108 0.11624649859943978
0 0.638442521631644 0.2759103641456583 0.02266172229089411 0.0392156862745098
0 0.6161928306551298 0.2668067226890756 0.018541409147095178 0.05742296918767507
0 0.5955912649361351 0.2822128851540616 0.009476720230737536 0.08263305322128851
0 0.580964153275649 0.27801120448179273 0.0173053152039555 0.07983193277310924
0 0.5634528224145035 0.2766106442577031 0.019365471775854966 0.0742296918767507
0 0.5313143798928719 0.28361344537815125 0.021837659662134322 0.03221288515406162
0 0.5142150803461063 0.25770308123249297 0.009064688916357644 0.11484593837535013
0 0.49979398434281 0.27801120448179273 0.019777503090234856 0.05742296918767507
0 0.47754429336629584 0.25280112044817926 0.009064688916357644 0.0546218487394958
0 0.4600329625051504 0.25140056022408963 0.011948908117016894 0.04061624649859944
0 0.4227441285537701 0.27310924369747897 0.020601565718994644 0.056022408963585436
0 0.39472599917593737 0.2619047619047619 0.018129377832715288 0.047619047619047616
0 0.3796868562010713 0.23809523809523808 0.016069221260815822 0.036414565826330535
0 0.3677379480840544 0.2647058823529412 0.025133910177173466 0.05322128851540616
0 0.3226205191594561 0.24789915966386555 0.023073753605274 0.058823529411764705
0 0.3442521631644005 0.2703081232492997 0.025133910177173466 0.07282913165266107
0 0.31005356407086937 0.2556022408963585 0.016069221260815822 0.07142857142857142
0 0.28533168520807584 0.23599439775910364 0.016893283889575606 0.0546218487394958
0 0.26679027606098066 0.21708683473389356 0.01442109600329625 0.11484593837535013
0 0.24783683559950556 0.21778711484593838 0.007828594973217964 0.09943977591036414
0 0.21714050267820353 0.24859943977591037 0.010712814173877214 0.037815126050420166
0 0.1934487021013597 0.23319327731092437 0.010300782859497322 0.10224089635854341
0 0.15245158632056036 0.21638655462184875 0.015657189946435928 0.04341736694677871
0 0.14318088174701277 0.22759103641456582 0.011124845488257108 0.08263305322128851
0 0.09250103007828595 0.21218487394957983 0.017717346518335394 0.10784313725490197
0 0.9281005356407087 0.7401960784313726 0.011124845488257108 0.023809523809523808
0 0.9066749072929543 0.7450980392156863 0.017717346518335394 0.0392156862745098
0 0.8803049031726411 0.7436974789915967 0.011124845488257108 0.06442577030812324
0 0.8629995879686856 0.7457983193277311 0.006180469715698393 0.037815126050420166
0 0.8438401318500206 0.7696078431372549 0.022249690976514216 0.06862745098039216
0 0.8209723939019365 0.7584033613445378 0.016893283889575606 0.10504201680672269
0 0.8030490317264112 0.7556022408963585 0.016481252575195716 0.09663865546218488
0 0.7797692624639473 0.7310924369747899 0.019365471775854966 0.09523809523809523
0 0.7618459002884219 0.7542016806722689 0.009064688916357644 0.07983193277310924
0 0.7086938607334158 0.7401960784313726 0.027194066749072928 0.09943977591036414
0 0.6918005768438401 0.7254901960784313 0.013185002060156572 0.12605042016806722
0 0.6679027606098064 0.7373949579831933 0.018129377832715288 0.0938375350140056
0 0.6553358055212196 0.7065826330532213 0.02018953440461475 0.06862745098039216
0 0.6332921302018953 0.7338935574229691 0.0173053152039555 0.03361344537815126
0 0.61557478368356 0.7282913165266106 0.014009064688916358 0.0700280112044818
0 0.5906468891635764 0.7450980392156863 0.01277297074577668 0.06442577030812324
0 0.57663782447466 0.7170868347338936 0.017717346518335394 0.06442577030812324
0 0.5393489905232798 0.7135854341736695 0.012360939431396786 0.07983193277310924
0 0.5142150803461063 0.7100840336134454 0.014833127317676144 0.04481792717086835
0 0.4967037494849609 0.7247899159663865 0.025133910177173466 0.08263305322128851
0 0.4756901524515863 0.7142857142857143 0.013597033374536464 0.04201680672268908
0 0.45488257107540175 0.7198879551820728 0.015657189946435928 0.0896358543417367
0 0.4295426452410383 0.7128851540616247 0.02018953440461475 0.06162464985994398
0 0.4180057684384013 0.6995798319327731 0.01442109600329625 0.10504201680672269
0 0.39142974866089825 0.6946778711484594 0.024721878862793572 0.036414565826330535
0 0.3780387309435517 0.6897759103641457 0.0350226617222909 0.0546218487394958
0 0.3621755253399258 0.6848739495798319 0.019777503090234856 0.056022408963585436
0 0.3368355995055624 0.6785714285714286 0.00865265760197775 0.09103641456582633
0 0.3022249690976514 0.7100840336134454 0.021837659662134322 0.04481792717086835
0 0.17222908941079523 0.6617647058823529 0.012360939431396786 0.046218487394957986
0 0.010712814173877214 0.6729691876750701 0.010712814173877214 0.037815126050420166
0 0.12546353522867737 0.6547619047619048 0.017717346518335394 0.02100840336134454
