0 0.00846262341325811 0.41684901531728663 0.005641748942172073 0.05470459518599562
0 0.02803244005641749 0.4299781181619256 0.008110014104372355 0.07439824945295405
0 0.039492242595204514 0.7795404814004376 0.014104372355430184 0.09956236323851203
0 0.06029619181946404 0.41575492341356673 0.02468265162200282 0.04814004376367615
0 0.07827926657263752 0.40536105032822756 0.028208744710860368 0.036105032822757115
0 0.09802538787023977 0.39442013129102843 0.01763046544428773 0.02735229759299781
0 0.11812411847672778 0.38566739606126915 0.019746121297602257 0.06673960612691467
0 0.14492242595204513 0.399890590809628 0.020451339915373765 0.06892778993435449
0 0.16978138222849085 0.3911378555798687 0.025740479548660086 0.06892778993435449
0 0.1854724964739069 0.3714442013129103 0.01622002820874471 0.09518599562363239
0 0.2073342736248237 0.3588621444201313 0.01904090267983075 0.09409190371991247
0 0.06258815232722144 0.7636761487964989 0.028561354019746122 0.06783369803063458
0 0.08815232722143865 0.7565645514223195 0.01904090267983075 0.06455142231947483
0 0.10384344146685473 0.7467177242888403 0.02080394922425952 0.08424507658643327
0 0.13011283497884343 0.7669584245076586 0.007757404795486601 0.09409190371991247
0 0.15162200282087446 0.7281181619256017 0.018335684062059238 0.07768052516411379
0 0.1717207334273625 0.7242888402625821 0.015514809590973202 0.1050328227571116
0 0.19904795486600846 0.7221006564551422 0.02785613540197461 0.05470459518599562
0 0.21932299012693934 0.7204595185995624 0.021156558533145273 0.09299781181619256
0 0.23254583921015515 0.36159737417943105 0.025740479548660086 0.038293216630196934
0 0.24858956276445698 0.3676148796498906 0.028913963328631876 0.0350109409190372
0 0.258638928067701 0.7193654266958425 0.015867418899858956 0.09080962800875274
0 0.28455571227080395 0.7160831509846827 0.028208744710860368 0.053610503282275714
0 0.2690409026798308 0.34463894967177244 0.021861777150916785 0.06783369803063458
0 0.29830747531734836 0.32713347921225383 0.010578279266572637 0.09409190371991247
0 0.32351904090267986 0.33916849015317285 0.02080394922425952 0.0700218818380744
0 0.3429125528913963 0.31564551422319476 0.02009873060648801 0.11487964989059081
0 0.36600846262341324 0.32713347921225383 0.01904090267983075 0.10722100656455143
0 0.30765162200282087 0.712253829321663 0.02362482369534556 0.05032822757111598
0 0.3309238363892807 0.7188183807439825 0.013751763046544428 0.09846827133479212
0 0.34961212976022565 0.6942013129102844 0.0116361071932299 0.08424507658643327
0 0.37076868829337095 0.6942013129102844 0.019393511988716503 0.08424507658643327
0 0.39174894217207334 0.3293216630196937 0.0232722143864598 0.0350109409190372
0 0.41220028208744713 0.31838074398249455 0.029619181946403384 0.04157549234135667
0 0.4347672778561354 0.3057986870897155 0.019746121297602257 0.08424507658643327
0 0.4573342736248237 0.3068927789934354 0.010578279266572637 0.1061269146608315
0 0.47796191819464035 0.30470459518599563 0.024330042313117067 0.05798687089715536
0 0.504231311706629 0.30087527352297594 0.0232722143864598 0.061269146608315096
0 0.39968265162200284 0.6892778993435449 0.0116361071932299 0.07658643326039387
0 0.4185472496473907 0.6898249452954048 0.014809590973201692 0.09956236323851203
0 0.44710860366713684 0.6777899343544858 0.02538787023977433 0.044857768052516414
0 0.4696755994358251 0.6717724288840262 0.02609308885754584 0.02188183807439825
0 0.49312411847672777 0.6580962800875274 0.008110014104372355 0.09080962800875274
0 0.5105782792665726 0.6663019693654267 0.02679830747531735 0.05908096280087528
0 0.5296191819464033 0.28774617067833697 0.011988716502115656 0.09846827133479212
0 0.5451339915373766 0.3052516411378556 0.028208744710860368 0.08096280087527352
0 0.5708744710860366 0.29321663019693656 0.030324400564174896 0.06783369803063458
0 0.5902679830747531 0.27680525164113784 0.01622002820874471 0.0525164113785558
0 0.6138928067700987 0.28227571115973743 0.009167842031029619 0.08533916849015317
0 0.6574400564174894 0.25711159737417943 0.013751763046544428 0.10065645514223195
0 0.5417842031029619 0.6575492341356673 0.02785613540197461 0.04814004376367615
0 0.6057827926657263 0.6455142231947484 0.010578279266572637 0.10284463894967177
0 0.6211212976022567 0.6531728665207878 0.010930888575458392 0.061269146608315096
0 0.6507404795486601 0.6422319474835886 0.015162200282087448 0.09409190371991247
0 0.6793018335684062 0.6280087527352297 0.025740479548660086 0.0350109409190372
0 0.6801833568406206 0.25711159737417943 0.011988716502115656 0.0962800875273523
0 0.7036318758815233 0.24671772428884026 0.009520451339915375 0.11050328227571116
0 0.7727433004231312 0.21717724288840262 0.013751763046544428 0.06673960612691467
0 0.7949576868829337 0.23577680525164113 0.008815232722143865 0.038293216630196934
0 0.816114245416079 0.2314004376367615 0.0116361071932299 0.07986870897155361
0 0.7210860366713682 0.6296498905908097 0.018335684062059238 0.09737417943107221
0 0.7433004231311706 0.6258205689277899 0.019746121297602257 0.08315098468271334
0 0.7674541607898449 0.5973741794310722 0.015867418899858956 0.05689277899343545
0 0.8025387870239774 0.5924507658643327 0.030324400564174896 0.0886214442013129
0 0.8355077574047954 0.5771334792122538 0.028561354019746122 0.06455142231947483
0 0.8464386459802539 0.21389496717724288 0.014456981664315938 0.06673960612691467
0 0.8667136812411848 0.2335886214442013 0.03314527503526093 0.053610503282275714
0 0.8852256699576869 0.20678336980306344 0.016572637517630464 0.03282275711159737
0 0.9375881523272215 0.19091903719912473 0.02609308885754584 0.02954048140043764
0 0.9534555712270804 0.19037199124726478 0.029619181946403384 0.05470459518599562
0 0.9733779971791255 0.5388402625820569 0.03349788434414669 0.06455142231947483
0 0.9455218617771509 0.5640043763676149 0.02785613540197461 0.09737417943107221
0 0.8963328631875882 0.5760393873085339 0.01692524682651622 0.10175054704595186
0 0.8762341325811002 0.5722100656455142 0.009873060648801129 0.09846827133479212
0 0.7253173483779972 0.25164113785557984 0.021156558533145273 0.05689277899343545
0 0.7378349788434415 0.24179431072210067 0.015867418899858956 0.015317286652078774
0 0.7566995768688294 0.25054704595185995 0.02609308885754584 0.05689277899343545
0 0.23942172073342735 0.7045951859956237 0.014104372355430184 0.08533916849015317
0 0.567524682651622 0.6564551422319475 0.02150916784203103 0.0350109409190372
0 0.5844499294781382 0.6438730853391685 0.02080394922425952 0.09299781181619256
