0 0.07934553131597466 0.7305516265912305 0.010907811400422239 0.157001414427157
0 0.10098522167487685 0.7468175388967468 0.026038001407459536 0.08203677510608204
0 0.12385643912737508 0.7234794908062234 0.019000703729767768 0.0891089108910891
0 0.1504222378606615 0.6994342291371994 0.032723434201266714 0.06647807637906648
0 0.17047853624208303 0.7192362093352193 0.008796622097114707 0.13437057991513437
0 0.1921182266009852 0.7263083451202264 0.02322308233638283 0.13154172560113153
0 0.2285362420830401 0.7185289957567186 0.013722730471498945 0.11598302687411598
0 0.25774102744546096 0.7178217821782178 0.013722730471498945 0.13437057991513437
0 0.27850105559465166 0.7142857142857143 0.011611541168191415 0.13861386138613863
0 0.3041871921182266 0.7291371994342292 0.021463757916959886 0.07213578500707214
0 0.3216045038705137 0.7503536067892503 0.028852920478536243 0.04667609618104668
0 0.3464109781843772 0.7079207920792079 0.028501055594651655 0.07496463932107496
0 0.3648838845883181 0.6824611032531824 0.014074595355383532 0.12588401697312587
0 0.39039408866995073 0.6973125884016973 0.022167487684729065 0.06223479490806223
0 0.41150598170302605 0.6973125884016973 0.025686136523574946 0.08486562942008487
0 0.4313863476425053 0.6888260254596889 0.014074595355383532 0.15558698727015557
0 0.4558409570724842 0.6888260254596889 0.025686136523574946 0.13861386138613863
0 0.4729064039408867 0.7001414427157001 0.00844475721323012 0.0876944837340877
0 0.49366643209007743 0.6718528995756718 0.02674173117522871 0.11598302687411598
0 0.5135467980295566 0.6923620933521923 0.010907811400422239 0.09476661951909476
0 0.5376495425756509 0.6937765205091938 0.012667135819845179 0.1173974540311174
0 0.5638634764250527 0.695898161244696 0.01935256861365236 0.13861386138613863
0 0.5781140042223786 0.6789250353606789 0.03096410978184377 0.1188118811881188
0 0.5981703026038001 0.6874115983026874 0.009852216748768473 0.13578500707213578
0 0.6220971147079521 0.6888260254596889 0.019000703729767768 0.09618104667609619
0 0.6432090077410274 0.695898161244696 0.013370865587614356 0.12446958981612447
0 0.6613300492610837 0.6633663366336634 0.010907811400422239 0.13861386138613863
0 0.6819141449683321 0.6789250353606789 0.017593244194229415 0.1074964639321075
0 0.7109429978888107 0.6661951909476662 0.01864883884588318 0.11032531824611033
0 0.7294159042927516 0.6683168316831684 0.033075299085151305 0.06364922206506365
0 0.75 0.6598302687411598 0.010907811400422239 0.1485148514851485
0 0.772695285010556 0.6506364922206507 0.028149190710767064 0.09900990099009901
0 0.7927515833919775 0.6775106082036775 0.03166783954961295 0.08203677510608204
0 0.8121041520056298 0.657001414427157 0.036593947923997186 0.07496463932107496
0 0.8367346938775511 0.6633663366336634 0.02744546094299789 0.09335219236209336
0 0.860661505981703 0.657001414427157 0.012667135819845179 0.15417256011315417
0 0.8764954257565095 0.6626591230551626 0.017593244194229415 0.1456859971711457
0 0.9049964813511612 0.6718528995756718 0.02674173117522871 0.05374823196605375
0 0.9238212526389866 0.6506364922206507 0.016537649542575653 0.13012729844413012
0 0.9442294159042928 0.6605374823196606 0.021463757916959886 0.14992927864214992
0 0.9723786066150598 0.6513437057991514 0.024278676988036593 0.07496463932107496
0 0.9609429978888107 0.214992927864215 0.0063335679099225895 0.11032531824611033
0 0.9431738212526389 0.21216407355021216 0.029908515130190008 0.042432814710042434
0 0.9137931034482759 0.2072135785007072 0.01618578465869106 0.04384724186704385
0 0.8963757916959887 0.22065063649222066 0.01020408163265306 0.11315417256011315
0 0.8771991555242786 0.22206506364922207 0.0211118930330753 0.09618104667609619
0 0.8478184377199156 0.21145685997171146 0.027093596059113302 0.055162659123055166
0 0.8274102744546095 0.2057991513437058 0.010907811400422239 0.10325318246110325
0 0.8043631245601689 0.22206506364922207 0.009148486980999296 0.10466760961810467
0 0.7862420830401126 0.21145685997171146 0.01864883884588318 0.09476661951909476
0 0.7642505277973258 0.21287128712871287 0.019704433497536946 0.055162659123055166
0 0.7412033779028853 0.214992927864215 0.009500351864883884 0.1188118811881188
0 0.7002111189303307 0.22984441301272984 0.01688951442646024 0.07779349363507779
0 0.6815622800844475 0.21428571428571427 0.026038001407459536 0.07779349363507779
0 0.6565798733286418 0.2157001414427157 0.01055594651653765 0.12871287128712872
0 0.6347642505277973 0.24045261669024046 0.021815622800844477 0.07637906647807638
0 0.6085503166783955 0.22984441301272984 0.008796622097114707 0.1173974540311174
0 0.5953553835327234 0.24257425742574257 0.013370865587614356 0.0891089108910891
0 0.573539760731879 0.23903818953323905 0.009148486980999296 0.11598302687411598
0 0.5492610837438424 0.2531824611032532 0.01618578465869106 0.1188118811881188
0 0.525158339197748 0.22984441301272984 0.017945109078114006 0.09193776520509193
0 0.5073891625615764 0.25742574257425743 0.009148486980999296 0.08486562942008487
0 0.48451794510907814 0.24045261669024046 0.00844475721323012 0.07920792079207921
0 0.46481351161154116 0.25954738330975957 0.0211118930330753 0.10042432814710042
0 0.4456368754398311 0.24398868458274398 0.02920478536242083 0.06647807637906648
0 0.42540464461646726 0.25106082036775107 0.026038001407459536 0.06647807637906648
0 0.4027093596059113 0.26591230551626593 0.022167487684729065 0.07637906647807638
0 0.3821252638986629 0.2666195190947666 0.01055594651653765 0.1173974540311174
0 0.3580225193525686 0.26025459688826025 0.027093596059113302 0.06789250353606789
0 0.3374384236453202 0.25954738330975957 0.026038001407459536 0.0297029702970297
0 0.3126319493314567 0.2524752475247525 0.016537649542575653 0.1173974540311174
0 0.29802955665024633 0.26025459688826025 0.018296973961998593 0.033946251768033946
0 0.2503518648838846 0.2581329561527581 0.026389866291344124 0.06930693069306931
0 0.23240675580577058 0.23903818953323905 0.03131597466572836 0.07920792079207921
0 0.2049612948627727 0.2708628005657709 0.01864883884588318 0.07496463932107496
0 0.16238564391273752 0.2524752475247525 0.015130190007037298 0.14285714285714285
0 0.181210415200563 0.27015558698727016 0.028852920478536243 0.05374823196605375
0 0.13318085855031667 0.268033946251768 0.020056298381421533 0.07779349363507779
0 0.11629134412385644 0.2751060820367751 0.012315270935960592 0.11456859971711457
0 0.09465165376495425 0.28642149929278643 0.014778325123152709 0.09759547383309759
0 0.07512315270935961 0.26449787835926447 0.015833919774806474 0.09052333804809053
