0 0.08621692352428031 0.5067148760330579 0.016574585635359115 0.06508264462809918
0 0.11282349520209363 0.5082644628099173 0.020354754289037512 0.08264462809917356
0 0.5975574294853155 0.15392561983471073 0.023262576330328584 0.07644628099173553
0 0.4840069787728991 0.84349173553719 0.02587961616749055 0.08367768595041322
0 0.7394591451003198 0.8486570247933884 0.019773189880779297 0.056818181818181816
0 0.3643501017737714 0.49793388429752067 0.023262576330328584 0.07231404958677685
0 0.9450421634195987 0.8693181818181818 0.015702239022971794 0.05268595041322314
0 0.6820296597848212 0.1559917355371901 0.022390229717941263 0.08884297520661157
0 0.8000872346612388 0.15392561983471073 0.012503634777551615 0.05165289256198347
0 0.8141901715615004 0.5129132231404959 0.014539110206455364 0.056818181818181816
0 0.9114568188426868 0.5051652892561983 0.017737714451875546 0.07231404958677685
0 0.7060191916254726 0.16270661157024793 0.01512067461471358 0.06508264462809918
0 0.34021517883105556 0.5160123966942148 0.012212852573422507 0.056818181818181816
0 0.6475719685955219 0.5025826446280992 0.015702239022971794 0.0506198347107438
0 0.9149462052922361 0.14566115702479338 0.02587961616749055 0.08884297520661157
0 0.7047106717068915 0.5077479338842975 0.020063972084908403 0.07954545454545454
0 0.8564989822622856 0.8522727272727273 0.01075894155277697 0.045454545454545456
0 0.6513521372492004 0.8455578512396694 0.011631288165164292 0.0506198347107438
0 0.31506251817388775 0.1652892561983471 0.0159930212271009 0.07644628099173553
0 0.06978772899098575 0.15754132231404958 0.02558883396336144 0.08574380165289257
0 0.033439953474847336 0.8476239669421488 0.013375981389938936 0.05475206611570248
0 0.6794126199476592 0.8605371900826446 0.01715615004361733 0.05165289256198347
0 0.5446350683338179 0.16115702479338842 0.023262576330328584 0.07231404958677685
0 0.14597266647281187 0.8522727272727273 0.01512067461471358 0.045454545454545456
0 0.8274207618493749 0.15237603305785125 0.025298051759232335 0.07541322314049587
0 0.8234952020936319 0.8600206611570248 0.01395754579819715 0.058884297520661155
0 0.1254725210817098 0.16993801652892562 0.01715615004361733 0.07128099173553719
0 0.20616458272753707 0.84349173553719 0.015702239022971794 0.04855371900826446
0 0.7073277115440535 0.8455578512396694 0.02355335853445769 0.06508264462809918
0 0.7320441988950276 0.49586776859504134 0.020063972084908403 0.06611570247933884
0 0.26344867694097124 0.1678719008264463 0.01279441698168072 0.04648760330578512
0 0.88601337598139 0.15289256198347106 0.02558883396336144 0.08471074380165289
0 0.22695551032276826 0.5165289256198347 0.01075894155277697 0.0371900826446281
0 0.8769991276533876 0.49638429752066116 0.023262576330328584 0.07541322314049587
0 0.18304739749927304 0.1787190082644628 0.012503634777551615 0.05371900826446281
0 0.2518173887758069 0.5139462809917356 0.009886594940389648 0.03409090909090909
0 0.5106135504507124 0.8522727272727273 0.012212852573422507 0.04132231404958678
0 0.7439662692643211 0.15702479338842976 0.00959581273626054 0.030991735537190084
0 0.7606862460017447 0.5067148760330579 0.01628380343123001 0.040289256198347105
0 0.915963943006688 0.9183884297520661 0.01802849665600465 0.07851239669421488
0 0.23393428322186682 0.8620867768595041 0.008432683919744112 0.029958677685950414
0 0.20107589415527768 0.5113636363636364 0.010177377144518756 0.04132231404958678
0 0.617912183774353 0.506198347107438 0.010468159348647864 0.03305785123966942
0 0.35649898226228555 0.1446280991735537 0.011049723756906077 0.047520661157024795
0 0.9441698168072113 0.15289256198347106 0.018610061064262867 0.08471074380165289
0 0.7695551032276825 0.8502066115702479 0.011340505961035184 0.0371900826446281
0 0.009014248328002326 0.8471074380165289 0.009305030532131433 0.03305785123966942
0 0.5379470776388485 0.518595041322314 0.008141901715615005 0.02066115702479339
0 0.5696423378889212 0.8517561983471075 0.011049723756906077 0.03615702479338843
0 0.9383541727246293 0.49535123966942146 0.01395754579819715 0.038223140495867766
0 0.48909566734515847 0.15805785123966942 0.010468159348647864 0.0371900826446281
0 0.3195696423378889 0.8662190082644629 0.006978772899098575 0.023760330578512397
0 0.8847048560628089 0.8553719008264463 0.01075894155277697 0.03925619834710744
0 0.37074731026461183 0.8517561983471075 0.00639720849084036 0.027892561983471075
0 0.5646990404187264 0.5134297520661157 0.008141901715615005 0.026859504132231406
0 0.5066879906949695 0.5139462809917356 0.0119220703692934 0.04648760330578512
