0 0.08101571946795647 0.49402573529411764 0.040145102781136636 0.140625
0 0.2135429262394196 0.484375 0.030471584038694075 0.11213235294117647
0 0.8465538089480048 0.4678308823529412 0.021523579201934703 0.09191176470588236
0 0.9292623941958887 0.08639705882352941 0.0249093107617896 0.10661764705882353
0 0.5733978234582829 0.8579963235294118 0.020314389359129385 0.0818014705882353
0 0.18899637243047157 0.48575367647058826 0.02249093107617896 0.08363970588235294
0 0.8688029020556227 0.8336397058823529 0.026844014510278114 0.09375
0 0.9297460701330109 0.8988970588235294 0.020556227327690448 0.08455882352941177
0 0.4492140266021765 0.47012867647058826 0.028778718258766628 0.12591911764705882
0 0.1332527206771463 0.4811580882352941 0.03482466747279323 0.140625
0 0.6141475211608223 0.49356617647058826 0.030713422007255138 0.11764705882352941
0 0.31112454655380894 0.8501838235294118 0.036517533252720676 0.12867647058823528
0 0.5862152357920194 0.1015625 0.029987908101571946 0.13694852941176472
0 0.2621523579201935 0.4756433823529412 0.04062877871825877 0.15533088235294118
0 0.5857315598548972 0.4806985294117647 0.030955259975816204 0.13419117647058823
0 0.7889963724304716 0.8492647058823529 0.020556227327690448 0.06801470588235294
0 0.8391777509068924 0.8409926470588235 0.024667472793228538 0.0900735294117647
0 0.445223700120919 0.8570772058823529 0.0343409915356711 0.15716911764705882
0 0.5568319226118501 0.4931066176470588 0.02539298669891173 0.10202205882352941
0 0.760459492140266 0.8409926470588235 0.030229746070133012 0.10661764705882353
0 0.7926239419588875 0.47150735294117646 0.028778718258766628 0.10661764705882353
0 0.2673518742442563 0.12178308823529412 0.031197097944377267 0.09466911764705882
0 0.42648125755743654 0.48299632352941174 0.027327690447400244 0.12040441176470588
0 0.5252720677146312 0.8469669117647058 0.015477629987908102 0.06525735294117647
0 0.2889963724304716 0.4921875 0.025151148730350664 0.09650735294117647
0 0.6731559854897219 0.6341911764705882 0.028778718258766628 0.12683823529411764
0 0.626602176541717 0.8566176470588235 0.024667472793228538 0.0900735294117647
0 0.8211608222490931 0.47472426470588236 0.030229746070133012 0.12408088235294118
0 0.9571946795646916 0.0900735294117647 0.030955259975816204 0.10477941176470588
0 0.8770253929866989 0.09696691176470588 0.021523579201934703 0.0818014705882353
0 0.8749697702539299 0.47058823529411764 0.026602176541717048 0.10110294117647059
0 0.6536880290205562 0.6544117647058824 0.03869407496977025 0.15808823529411764
0 0.4128174123337364 0.8501838235294118 0.037726723095526 0.16176470588235295
0 0.04026602176541717 0.8515625 0.039419588875453444 0.16636029411764705
0 0.45417170495767833 0.09466911764705882 0.030471584038694075 0.10845588235294118
0 0.16577992744860942 0.8405330882352942 0.030713422007255138 0.13511029411764705
0 0.8499395405078597 0.08088235294117647 0.029262394195888754 0.11948529411764706
0 0.507255139056832 0.11259191176470588 0.019588875453446192 0.057904411764705885
0 0.14546553808948004 0.8621323529411765 0.027327690447400244 0.10661764705882353
0 0.3983071342200726 0.11029411764705882 0.028053204353083436 0.10845588235294118
0 0.8986698911729142 0.4866727941176471 0.027569528415961306 0.10753676470588236
0 0.37182587666263606 0.09466911764705882 0.028778718258766628 0.1213235294117647
0 0.3469165659008464 0.10386029411764706 0.02781136638452237 0.10477941176470588
0 0.6149939540507859 0.11121323529411764 0.016928657799274487 0.05514705882352941
0 0.6654171704957679 0.10891544117647059 0.015235792019347038 0.05422794117647059
0 0.739540507859734 0.47610294117647056 0.009673518742442563 0.03676470588235294
0 0.3482466747279323 0.48161764705882354 0.011124546553808947 0.04779411764705882
0 0.4735187424425635 0.8478860294117647 0.015477629987908102 0.06893382352941177
0 0.30253929866989115 0.11488970588235294 0.011124546553808947 0.05330882352941176
0 0.07871825876662636 0.8552389705882353 0.004594921402660218 0.030330882352941176
