0 0.19085213032581452 0.48438783894823334 0.017794486215538845 0.05012325390304026
0 0.7768170426065163 0.7748562037797864 0.018796992481203006 0.054231717337715694
0 0.9011278195488722 0.14461791290057519 0.015288220551378446 0.054231717337715694
0 0.24172932330827068 0.48315529991783074 0.012280701754385965 0.047658175842235
0 0.5588972431077694 0.47206244864420704 0.015037593984962405 0.06162695152013147
0 0.7411027568922306 0.15447822514379622 0.01904761904761905 0.0657354149548069
0 0.5535087719298246 0.17173377156943304 0.017794486215538845 0.05587510271158587
0 0.8525062656641604 0.45850451930977815 0.016290726817042606 0.05587510271158587
0 0.7137844611528822 0.16228430566967955 0.020050125313283207 0.05834018077239113
0 0.4459899749373434 0.1705012325390304 0.017794486215538845 0.06162695152013147
0 0.6617794486215539 0.16023007395234182 0.018796992481203006 0.05751848808545604
0 0.5597744360902256 0.7699260476581758 0.018796992481203006 0.07559572719802794
0 0.9278195488721804 0.15078060805258833 0.016541353383458645 0.05341002465078061
0 0.11992481203007518 0.1741988496302383 0.018295739348370928 0.05587510271158587
0 0.5822055137844612 0.7801972062448644 0.016541353383458645 0.0599835661462613
0 0.2646616541353383 0.16926869350862778 0.029072681704260653 0.062448644207066556
0 0.1888471177944862 0.7990961380443714 0.015789473684210527 0.05012325390304026
0 0.47944862155388474 0.7834839769926047 0.014035087719298246 0.05012325390304026
0 0.15927318295739348 0.8003286770747741 0.018796992481203006 0.05587510271158587
0 0.6372180451127819 0.4663105998356615 0.015789473684210527 0.06162695152013147
0 0.8494987468671679 0.15571076417419885 0.013283208020050126 0.051766639276910435
0 0.29385964912280704 0.48890714872637636 0.015288220551378446 0.036154478225143796
0 0.5883458646616542 0.47165160230073955 0.017794486215538845 0.054231717337715694
0 0.8804511278195488 0.7699260476581758 0.016541353383458645 0.062448644207066556
0 0.6078947368421053 0.16023007395234182 0.02180451127819549 0.054231717337715694
0 0.9365914786967419 0.7711585866885785 0.017042606516290727 0.05012325390304026
0 0.07568922305764411 0.18447000821692686 0.013533834586466165 0.05012325390304026
0 0.744235588972431 0.4650780608052588 0.012781954887218045 0.049301561216105176
0 0.11177944862155388 0.8089564502875924 0.02305764411027569 0.08134757600657354
0 0.6344611528822055 0.161873459326212 0.016290726817042606 0.047658175842235
0 0.6145363408521304 0.47000821692686934 0.011528822055137845 0.03779786359901397
0 0.8537593984962406 0.7822514379622021 0.016290726817042606 0.06737880032867707
0 0.5293233082706766 0.1725554642563681 0.012030075187969926 0.03451109285127362
0 0.6719298245614035 0.7843056696795399 0.012030075187969926 0.04026294165981923
0 0.35 0.7917009038619556 0.009774436090225564 0.030402629416598194
0 0.7107769423558897 0.7962202136400987 0.010526315789473684 0.036154478225143796
0 0.2131578947368421 0.17132292522596548 0.010275689223057645 0.03204601479046836
0 0.9087719298245615 0.776088742810189 0.014536340852130326 0.030402629416598194
0 0.5317042606516291 0.7818405916187346 0.010275689223057645 0.03204601479046836
0 0.32092731829573934 0.48808545603944126 0.010275689223057645 0.03779786359901397
0 0.9096491228070176 0.4794576828266228 0.009273182957393484 0.03368940016433854
0 0.8006265664160401 0.7793755135579293 0.012280701754385965 0.03368940016433854
0 0.26516290726817043 0.4913722267871816 0.010526315789473684 0.03779786359901397
0 0.6926065162907268 0.7847165160230074 0.007268170426065163 0.027937551355792935
0 0.8733082706766917 0.15242399342645852 0.013283208020050126 0.03368940016433854
0 0.9315789473684211 0.4638455217748562 0.008020050125313283 0.025472473294987676
0 0.7971177944862156 0.17173377156943304 0.007769423558897243 0.027937551355792935
0 0.6406015037593985 0.780608052588332 0.009022556390977444 0.027937551355792935
0 0.8473684210526315 0.9079704190632704 0.011528822055137845 0.036154478225143796
0 0.9630325814536341 0.7736236647493837 0.007769423558897243 0.030402629416598194
0 0.2399749373433584 0.1791290057518488 0.012280701754385965 0.02629416598192276
0 0.08383458646616541 0.4991783073130649 0.007268170426065163 0.025472473294987676
0 0.09147869674185463 0.4987674609695974 0.005012531328320802 0.01972062448644207
0 0.6117794486215539 0.7773212818405916 0.006516290726817042 0.021364009860312245
0 0.8288220551378446 0.7810188989317995 0.008521303258145364 0.02218570254724733
0 0.8645363408521304 0.772391125718981 0.010275689223057645 0.03944124897288414
0 0.1349624060150376 0.8019720624486442 0.004761904761904762 0.016433853738701727
0 0.5824561403508772 0.17378800328677074 0.011027568922305764 0.0238290879211175
0 0.6902255639097744 0.16598192276088744 0.006015037593984963 0.027937551355792935
0 0.4256892230576441 0.4798685291700904 0.017794486215538845 0.062448644207066556
0 0.45413533834586467 0.48110106820049303 0.006015037593984963 0.015612161051766639
0 0.2419799498746867 0.7990961380443714 0.007769423558897243 0.02218570254724733
0 0.16027568922305765 0.17378800328677074 0.02982456140350877 0.09942481511914544
0 0.19448621553884712 0.18775677896466722 0.006516290726817042 0.0238290879211175
