0 0.5740858505564388 0.7868217054263565 0.019395866454689985 0.07419712070874862
0 0.6027027027027027 0.48172757475083056 0.02575516693163752 0.08859357696567
0 0.5141494435612083 0.4717607973421927 0.022893481717011128 0.09080841638981174
0 0.40604133545310017 0.14396456256921372 0.0178060413354531 0.0664451827242525
0 0.4610492845786963 0.14728682170542637 0.021621621621621623 0.08194905869324474
0 0.2093799682034976 0.7718715393133998 0.021303656597774244 0.06866002214839424
0 0.9217806041335453 0.7934662236987818 0.022893481717011128 0.08084163898117387
0 0.24419713831478537 0.12624584717607973 0.016534181240063592 0.06423034330011074
0 0.8621621621621621 0.7995570321151716 0.02003179650238474 0.0753045404208195
0 0.12575516693163752 0.7663344407530454 0.019395866454689985 0.06423034330011074
0 0.3531001589825119 0.14950166112956811 0.016216216216216217 0.06201550387596899
0 0.024006359300476947 0.7668881506090809 0.022575516693163752 0.05426356589147287
0 0.18060413354531002 0.4573643410852713 0.019077901430842606 0.059800664451827246
0 0.1864864864864865 0.14174972314507198 0.018124006359300476 0.07751937984496124
0 0.15977742448330684 0.7801771871539314 0.018124006359300476 0.05647840531561462
0 0.15516693163751988 0.45957918050941304 0.014626391096979332 0.046511627906976744
0 0.18712241653418124 0.7790697674418605 0.013036565977742448 0.04983388704318937
0 0.07265500794912559 0.4573643410852713 0.021939586645468998 0.08194905869324474
0 0.37313195548489664 0.4678848283499446 0.02066772655007949 0.07862679955703211
0 0.23910969793322734 0.7868217054263565 0.012718600953895072 0.04097452934662237
0 0.29220985691573925 0.45348837209302323 0.020349761526232114 0.08084163898117387
0 0.5480127186009539 0.4739756367663344 0.011764705882352941 0.03986710963455149
0 0.8023847376788553 0.47840531561461797 0.011764705882352941 0.03322259136212625
0 0.15500794912559618 0.12458471760797342 0.013672496025437202 0.058693244739756366
0 0.022734499205087442 0.13510520487264674 0.013672496025437202 0.059800664451827246
0 0.746422893481717 0.4856035437430786 0.014944356120826709 0.04097452934662237
0 0.04737678855325914 0.14285714285714285 0.01971383147853736 0.08194905869324474
0 0.7435612082670906 0.8095238095238095 0.014308426073131956 0.046511627906976744
0 0.34848966613672494 0.7790697674418605 0.013354531001589825 0.047619047619047616
0 0.57758346581876 0.47619047619047616 0.008585055643879173 0.03322259136212625
0 0.37758346581875996 0.14451827242524917 0.012400635930047695 0.036544850498338874
0 0.43386327503974564 0.7995570321151716 0.00985691573926868 0.03765227021040975
0 0.31732909379968205 0.45570321151716503 0.02098569157392687 0.08527131782945736
0 0.24069952305246423 0.46677740863787376 0.022893481717011128 0.07862679955703211
0 0.7157392686804451 0.7956810631229236 0.009538950715421303 0.029900332225913623
0 0.434181240063593 0.15171650055370986 0.00985691573926868 0.035437430786267994
0 0.04197138314785374 0.46179401993355484 0.02098569157392687 0.05758582502768549
0 0.10731319554848967 0.14119601328903655 0.011764705882352941 0.03875968992248062
0 0.8317965023847377 0.4789590254706534 0.007631160572337043 0.023255813953488372
0 0.9761526232114467 0.4867109634551495 0.00890302066772655 0.03433001107419712
0 0.26120826709062 0.45514950166112955 0.021939586645468998 0.08194905869324474
0 0.7427662957074722 0.13399778516057587 0.0069952305246422895 0.024363233665559248
0 0.21605723370429253 0.13953488372093023 0.00794912559618442 0.026578073089700997
0 0.07790143084260731 0.13842746400885936 0.012718600953895072 0.03322259136212625
0 0.902543720190779 0.14728682170542637 0.006041335453100159 0.019933554817275746
0 0.12066772655007948 0.44518272425249167 0.028934817170111288 0.0753045404208195
0 0.7093799682034976 0.4850498338870432 0.004451510333863275 0.015503875968992248
0 0.3796502384737679 0.7945736434108527 0.0069952305246422895 0.021040974529346623
0 0.9602543720190779 0.8167220376522702 0.007631160572337043 0.029900332225913623
