0 0.899974548231102 0.7716262975778547 0.028505981165691016 0.07785467128027682
0 0.730974802748791 0.1258650519031142 0.01934334436243319 0.06314878892733564
0 0.6809620768643421 0.11678200692041522 0.016034614405701197 0.0657439446366782
0 0.2393738864851107 0.1384083044982699 0.015525579027742428 0.07612456747404844
0 0.5133621786714176 0.125 0.016798167472639347 0.056228373702422146
0 0.6655637566810894 0.45674740484429066 0.020870450496309492 0.0657439446366782
0 0.2668617968948842 0.14316608996539792 0.013489437515907355 0.056228373702422146
0 0.3469076100789005 0.12759515570934257 0.022906592008144565 0.08391003460207612
0 0.7032323746500382 0.12629757785467127 0.020361415118350726 0.05190311418685121
0 0.9289895647747518 0.12283737024221453 0.017307202850598117 0.06055363321799308
0 0.7583354543140748 0.11505190311418685 0.018579791295495036 0.0657439446366782
0 0.42644438788495803 0.7837370242214533 0.013489437515907355 0.050173010380622836
0 0.44833290913718504 0.4485294117647059 0.012980402137948587 0.04411764705882353
0 0.6538559429880376 0.12067474048442907 0.020870450496309492 0.056228373702422146
0 0.04492237210486129 0.1314878892733564 0.013489437515907355 0.06055363321799308
0 0.8324001018070756 0.45285467128027684 0.016543649783659964 0.056228373702422146
0 0.37452277933316364 0.1323529411764706 0.013489437515907355 0.058823529411764705
0 0.6197505726648002 0.7876297577854672 0.014252990582845508 0.04238754325259515
0 0.15067447187579536 0.7884948096885813 0.0111987783150929 0.04411764705882353
0 0.8886485110715194 0.45717993079584773 0.01807075591753627 0.056228373702422146
0 0.03715958259099007 0.453719723183391 0.014762025960804276 0.054498269896193774
0 0.2643166200050904 0.7941176470588235 0.012980402137948587 0.04671280276816609
0 0.4009926189870196 0.13884083044982698 0.024179180453041488 0.08391003460207612
0 0.29409518961567827 0.13105536332179932 0.013489437515907355 0.056228373702422146
0 0.2896411300585391 0.7915224913494809 0.014252990582845508 0.050173010380622836
0 0.509544413336727 0.7785467128027682 0.014252990582845508 0.04844290657439446
0 0.6481292949860016 0.7863321799307958 0.010435225248154746 0.039792387543252594
0 0.787223212013235 0.7737889273356401 0.011707813693051667 0.04411764705882353
0 0.7602443369814202 0.7802768166089965 0.012216849071010435 0.04844290657439446
0 0.8423262916772716 0.1189446366782007 0.012980402137948587 0.04411764705882353
0 0.42300839908373633 0.11807958477508651 0.0239246627640621 0.06314878892733564
0 0.18019852379740392 0.7906574394463668 0.014252990582845508 0.04844290657439446
0 0.2298294731483838 0.7850346020761245 0.0111987783150929 0.04411764705882353
0 0.5375413591244591 0.45674740484429066 0.012216849071010435 0.02768166089965398
0 0.45876813438533975 0.12975778546712802 0.016543649783659964 0.058823529411764705
0 0.14571137694069738 0.4610726643598616 0.010435225248154746 0.031141868512110725
0 0.3133112751336218 0.45717993079584773 0.012216849071010435 0.03200692041522491
0 0.0654110460677017 0.7876297577854672 0.0111987783150929 0.03373702422145329
0 0.45418681598371086 0.7902249134948097 0.00687197760244337 0.026816608996539794
0 0.0749554594044286 0.1327854671280277 0.010435225248154746 0.025086505190311418
0 0.5380503945024179 0.7841695501730104 0.00814456604734029 0.026816608996539794
0 0.8974293713413082 0.12932525951557095 0.00814456604734029 0.023356401384083045
0 0.32005599389157546 0.14273356401384082 0.00687197760244337 0.01730103806228374
0 0.9517688979384067 0.12889273356401384 0.00941715449223721 0.01730103806228374
0 0.7529905828455078 0.45804498269896193 0.010435225248154746 0.025086505190311418
0 0.7755153983201832 0.4623702422145329 0.00814456604734029 0.025086505190311418
0 0.3992109951641639 0.8036332179930796 0.004835836090608297 0.01903114186851211
0 0.48192924408246374 0.45977508650519033 0.00687197760244337 0.01643598615916955
0 0.06668363451259862 0.45069204152249137 0.008653601425299058 0.02768166089965398
