0 0.0754335946780708 0.5434419381787803 0.016868614872891423 0.07268170426065163
0 0.387384176764077 0.5384294068504595 0.016868614872891423 0.07101086048454469
0 0.825255405084343 0.2071846282372598 0.022570681872178665 0.09690893901420217
0 0.045972915181753386 0.19757727652464493 0.014492753623188406 0.06265664160401002
0 0.051793775243525776 0.5350877192982456 0.016155856497980518 0.059314954051796154
0 0.19862200047517226 0.8688387635756056 0.016155856497980518 0.06516290726817042
0 0.7440009503444999 0.8538011695906432 0.01781895937277263 0.06516290726817042
0 0.7189356141601331 0.20676691729323307 0.018531717747683536 0.059314954051796154
0 0.6161796151104776 0.20634920634920634 0.011641720123544785 0.040100250626566414
0 0.4049655500118793 0.866750208855472 0.014492753623188406 0.05263157894736842
0 0.06925635542884295 0.19298245614035087 0.011641720123544785 0.05012531328320802
0 0.8821572820147303 0.5246449456975772 0.012829650748396294 0.05012531328320802
0 0.5639106676170111 0.8613199665831245 0.015443098123069612 0.05513784461152882
0 0.1770016631028748 0.5338345864661654 0.013304822998336897 0.05847953216374269
0 0.45616535994297935 0.8688387635756056 0.01805654549774293 0.05847953216374269
0 0.14777856973152767 0.8659147869674185 0.010453789498693276 0.04093567251461988
0 0.10263720598717035 0.5325814536340853 0.009978617248752673 0.042606516290726815
0 0.15074839629365644 0.19256474519632413 0.009265858873841768 0.04427736006683375
0 0.8511522927061059 0.8500417710944027 0.020669992872416252 0.06934001670843776
0 0.6752197671655975 0.5275689223057645 0.012829650748396294 0.04093567251461988
0 0.020669992872416252 0.1946532999164578 0.009978617248752673 0.040100250626566414
0 0.8010216203373723 0.20885547201336674 0.00974103112378237 0.040100250626566414
0 0.32775005939653123 0.8659147869674185 0.009265858873841768 0.04093567251461988
0 0.7765502494654312 0.5292397660818714 0.008790686623901164 0.030910609857978277
0 0.48134948918983134 0.5309106098579783 0.008077928248990259 0.030910609857978277
0 0.9903777619387027 0.5175438596491229 0.007365169874079354 0.03258145363408521
0 0.981111903064861 0.8558897243107769 0.008790686623901164 0.030910609857978277
0 0.4654312188168211 0.5300751879699248 0.008553100498930863 0.025898078529657476
0 0.2529104300308862 0.8767752715121137 0.008790686623901164 0.03258145363408521
0 0.30541696364932286 0.8659147869674185 0.009265858873841768 0.030910609857978277
0 0.8049417913993823 0.5409356725146199 0.010453789498693276 0.034252297410192145
0 0.5671180803041103 0.20258980785296574 0.008077928248990259 0.030910609857978277
0 0.15395580898075553 0.5430242272347535 0.008077928248990259 0.03508771929824561
0 0.2594440484675695 0.5530492898913951 0.007602755999049656 0.018379281537176273
0 0.12176288904727964 0.8654970760233918 0.019719648372535044 0.06349206349206349
0 0.4381088144452364 0.19298245614035087 0.006177239249227845 0.01670843776106934
0 0.3507959135186505 0.5225563909774437 0.00688999762413875 0.034252297410192145
0 0.567712045616536 0.5526315789473685 0.00688999762413875 0.022556390977443608
0 0.6206937514849132 0.5355054302422724 0.004514136374435733 0.020050125313283207
0 0.7512473271560941 0.5413533834586466 0.008077928248990259 0.020050125313283207
0 0.37954383464005703 0.868421052631579 0.006414825374198147 0.02422723475355054
0 0.0042765502494654314 0.5346700083542189 0.008553100498930863 0.05012531328320802
