0 0.33915842722464934 0.8448434622467772 0.02069441250862267 0.08931860036832412
0 0.5930098873304208 0.8729281767955801 0.01563577833984824 0.06445672191528545
0 0.1985513911243964 0.4852670349907919 0.024143481260059784 0.08103130755064457
0 0.5423085766842952 0.8687845303867403 0.01448608875603587 0.06906077348066299
0 0.550931248562888 0.5133517495395948 0.01839503334099793 0.06537753222836096
0 0.15589790756495747 0.4861878453038674 0.017935157507472984 0.08287292817679558
0 0.5896757875373649 0.20165745856353592 0.01678546792366061 0.06261510128913444
0 0.8977925959990802 0.22007366482504603 0.01448608875603587 0.049723756906077346
0 0.11876293400781789 0.8347145488029466 0.019544722924810302 0.05985267034990792
0 0.3161646355484019 0.8457642725598526 0.01563577833984824 0.06721915285451197
0 0.6699241204874684 0.2104051565377532 0.01448608875603587 0.05985267034990792
0 0.2940905955392044 0.1878453038674033 0.017475281673948035 0.06261510128913444
0 0.7179811450908254 0.21823204419889503 0.01448608875603587 0.055248618784530384
0 0.44205564497585653 0.19244935543278086 0.021844102092435043 0.0865561694290976
0 0.5014945964589561 0.5147329650092081 0.01563577833984824 0.055248618784530384
0 0.7464934467693722 0.21685082872928177 0.014026212922510922 0.058011049723756904
0 0.8337548861807312 0.5524861878453039 0.0133363991722235 0.055248618784530384
0 0.4174522878822718 0.1878453038674033 0.019544722924810302 0.0718232044198895
0 0.6517590250632329 0.5133517495395948 0.02000459875833525 0.06906077348066299
0 0.724534375718556 0.5331491712707183 0.01839503334099793 0.06445672191528545
0 0.26879742469533224 0.8439226519337016 0.016095654173373188 0.056169429097605895
0 0.6948723844561968 0.8761510128913443 0.015175902506323292 0.04880294659300184
0 0.04863186939526328 0.16758747697974216 0.01678546792366061 0.06998158379373849
0 0.3922740859967809 0.18462246777163904 0.016095654173373188 0.06906077348066299
0 0.1718785927799494 0.17173112338858196 0.01448608875603587 0.058011049723756904
0 0.19521729133134053 0.179097605893186 0.01885490917452288 0.07642725598526703
0 0.5807082087836284 0.507366482504604 0.01218670958841113 0.040515653775322284
0 0.34283743389284893 0.18232044198895028 0.0133363991722235 0.055248618784530384
0 0.07185559898827316 0.1685082872928177 0.01724534375718556 0.0718232044198895
0 0.7037249942515521 0.5216390423572744 0.01448608875603587 0.04511970534069982
0 0.35134513681306045 0.4889502762430939 0.017935157507472984 0.053406998158379376
0 0.14808001839503335 0.17633517495395948 0.0133363991722235 0.04880294659300184
0 0.2937456886640607 0.8448434622467772 0.011266957921361233 0.04696132596685083
0 0.22005058634168775 0.17679558011049723 0.017935157507472984 0.06261510128913444
0 0.6944125086226719 0.21086556169429096 0.0073580133363991725 0.03130755064456722
0 0.7738560588641067 0.21961325966850828 0.008967578753736492 0.03591160220994475
0 0.068866406070361 0.8457642725598526 0.01172683375488618 0.037753222836095765
0 0.6004828696252011 0.5174953959484346 0.01172683375488618 0.03314917127071823
0 0.8073120257530467 0.5511049723756906 0.011037020004598759 0.037753222836095765
0 0.1417567256840653 0.8402394106813996 0.008967578753736492 0.03406998158379374
0 0.09473442170613934 0.1652854511970534 0.009657392504023914 0.03591160220994475
0 0.6212922510922051 0.20395948434622468 0.0073580133363991725 0.037753222836095765
0 0.09140032191308346 0.8379373848987108 0.008507702920211543 0.03314917127071823
0 0.7467233846861348 0.858195211786372 0.008967578753736492 0.040515653775322284
0 0.05357553460565647 0.4843462246777164 0.009657392504023914 0.0423572744014733
0 0.8174292940905955 0.9125230202578268 0.00781788916992412 0.02394106813996317
0 0.2440790986433663 0.17863720073664824 0.008967578753736492 0.029465930018416207
0 0.24327431593469764 0.850828729281768 0.01057714417107381 0.02394106813996317
0 0.36870544952862727 0.18922651933701656 0.007128075419636698 0.024861878453038673
0 0.44975856518739943 0.501841620626151 0.0073580133363991725 0.020257826887661142
0 0.8590480570246034 0.5667587476979742 0.008277765003449069 0.0285451197053407
0 0.7567256840653024 0.5455801104972375 0.00781788916992412 0.013812154696132596
0 0.36709588411128996 0.8494475138121547 0.006208323752586802 0.017495395948434623
0 0.4094044607955852 0.8554327808471455 0.00942745458726144 0.02394106813996317
0 0.44217061393423773 0.8623388581952118 0.00781788916992412 0.024861878453038673
0 0.7728213382386756 0.9116022099447514 0.009657392504023914 0.022099447513812154
0 0.5670269027362612 0.20395948434622468 0.005058634168774431 0.017495395948434623
0 0.8498505403541043 0.919889502762431 0.005518510002299379 0.020257826887661142
0 0.8953782478730743 0.9396869244935543 0.005978385835824327 0.01565377532228361
