0 0.658975801913337 0.5328218243819267 0.027011817670230726 0.08184143222506395
0 0.13168261114237478 0.23231031543052003 0.022509848058525603 0.07587382779198636
0 0.9435846933033202 0.21824381926683717 0.028981429375351718 0.07672634271099744
0 0.5571187394485088 0.2259164535379369 0.021384355655599326 0.06820119352088662
0 0.24577940348902644 0.23657289002557544 0.021102982554867755 0.0639386189258312
0 0.8332864378165448 0.2237851662404092 0.025042205965109737 0.05711849957374254
0 0.9189645469893079 0.21057118499573743 0.019133370849746763 0.057971014492753624
0 0.47059651097355093 0.22932651321398123 0.024479459763646596 0.06990622335890878
0 0.9108047270680923 0.8529411764705882 0.018570624648283626 0.058823529411764705
0 0.6177546426561621 0.881926683716965 0.014350028137310074 0.05200341005967604
0 0.7160945413618458 0.5383631713554987 0.016319639842431063 0.05370843989769821
0 0.7177827799662352 0.8759590792838875 0.012943162633652222 0.041773231031543054
0 0.6883792909397861 0.5434782608695652 0.018289251547552055 0.058823529411764705
0 0.9424592009003939 0.8499573742540495 0.017726505346088915 0.059676044330775786
0 0.8353967360720315 0.5247229326513214 0.018570624648283626 0.06564364876385337
0 0.7737760270118177 0.8687127024722933 0.019696117051209903 0.06820119352088662
0 0.33159819921215533 0.23358908780903667 0.017163759144625774 0.056265984654731455
0 0.855374226223973 0.861466325660699 0.013505908835115363 0.043478260869565216
0 0.10481148002250985 0.23955669224211423 0.019977490151941474 0.059676044330775786
0 0.7204558244231851 0.21483375959079284 0.013224535734383792 0.03751065643648764
0 0.43922341024198086 0.22847399829497017 0.019696117051209903 0.05285592497868713
0 0.5837084974676421 0.2216538789428815 0.014912774338773213 0.0443307757885763
0 0.22003376477208778 0.23955669224211423 0.015194147439504783 0.042625745950554135
0 0.045160382667416996 0.23017902813299232 0.019414743950478333 0.056265984654731455
0 0.7705402363534046 0.5230179028132992 0.013787281935846933 0.05200341005967604
0 0.908975801913337 0.5234441602728048 0.015475520540236353 0.05115089514066496
0 0.8038829487900957 0.21398124467178176 0.011817670230725942 0.0392156862745098
0 0.12366347777152505 0.8542199488491049 0.010410804727068092 0.03580562659846547
0 0.7795441755768149 0.216538789428815 0.017163759144625774 0.0494458653026428
0 0.7471862689926843 0.5345268542199488 0.021665728756330896 0.057971014492753624
0 0.6679797411367473 0.22335890878090367 0.009003939223410242 0.03239556692242114
0 0.43669105233539673 0.8716965046888321 0.011817670230725942 0.03154305200341006
0 0.4642656162070906 0.5294117647058824 0.018570624648283626 0.05456095481670929
0 0.8020540236353405 0.8695652173913043 0.016601012943162633 0.0443307757885763
0 0.8836522228474958 0.5349531116794544 0.013787281935846933 0.05370843989769821
0 0.6083286437816545 0.5302642796248934 0.017445132245357344 0.04603580562659847
0 0.2985368598761958 0.8853367433930094 0.012380416432189083 0.03324808184143223
0 0.634777715250422 0.875532821824382 0.008441193021947102 0.028985507246376812
0 0.8743669105233539 0.8435635123614663 0.008722566122678672 0.0247229326513214
0 0.3493247045582442 0.5392156862745098 0.006471581316826111 0.017902813299232736
0 0.8279403489026449 0.855924978687127 0.006471581316826111 0.017050298380221655
0 0.03404614518851998 0.8640238704177323 0.0033764772087788407 0.0076726342710997444
