0 0.9237569060773481 0.46443736730360935 0.02707182320441989 0.12208067940552017
0 0.3762430939226519 0.8683651804670913 0.030939226519337018 0.12314225053078556
0 0.14116022099447514 0.8837579617834395 0.029281767955801105 0.12208067940552017
0 0.6628453038674034 0.15074309978768577 0.03287292817679558 0.12314225053078556
0 0.40082872928176794 0.18630573248407642 0.02541436464088398 0.09235668789808917
0 0.2462707182320442 0.8768577494692145 0.024585635359116023 0.10615711252653928
0 0.11823204419889503 0.21921443736730362 0.02541436464088398 0.09660297239915075
0 0.3651933701657459 0.5260084925690022 0.026519337016574586 0.10509554140127389
0 0.6013812154696132 0.5169851380042463 0.03756906077348066 0.14225053078556263
0 0.6349447513812154 0.4830148619957537 0.027900552486187846 0.10615711252653928
0 0.7911602209944751 0.46390658174097665 0.029281767955801105 0.1337579617834395
0 0.5592541436464088 0.15552016985138004 0.027348066298342542 0.12845010615711253
0 0.1968232044198895 0.21443736730360935 0.04060773480662983 0.14861995753715498
0 0.06533149171270718 0.20382165605095542 0.041712707182320445 0.16560509554140126
0 0.5904696132596685 0.8290870488322718 0.02845303867403315 0.11040339702760085
0 0.27140883977900554 0.8858811040339702 0.023480662983425413 0.08598726114649681
0 0.8204419889502762 0.12791932059447983 0.03867403314917127 0.15392781316348195
0 0.7907458563535912 0.14012738853503184 0.029005524861878452 0.11040339702760085
0 0.8024861878453039 0.8317409766454352 0.02430939226519337 0.11571125265392782
0 0.31919889502762433 0.19798301486199577 0.03287292817679558 0.15605095541401273
0 0.5857734806629834 0.1464968152866242 0.03508287292817679 0.14437367303609341
0 0.7755524861878453 0.8359872611464968 0.02569060773480663 0.11358811040339703
0 0.6469613259668509 0.8067940552016986 0.03535911602209945 0.16348195329087048
0 0.09295580110497238 0.5467091295116773 0.03839779005524862 0.12951167728237792
0 0.9227900552486188 0.8184713375796179 0.021270718232044197 0.0870488322717622
0 0.8295580110497237 0.8190021231422505 0.04088397790055249 0.1475583864118896
0 0.7189226519337016 0.13641188959660297 0.04337016574585635 0.16454352441613587
0 0.37748618784530386 0.18152866242038215 0.021270718232044197 0.11464968152866242
0 0.387707182320442 0.3481953290870488 0.034530386740331494 0.1337579617834395
0 0.8937845303867403 0.7956475583864119 0.036740331491712706 0.17091295116772823
0 0.2175414364640884 0.8747346072186837 0.03508287292817679 0.13800424628450106
0 0.8744475138121547 0.13588110403397027 0.04060773480662983 0.18895966029723993
0 0.20911602209944752 0.5403397027600849 0.02430939226519337 0.07855626326963906
0 0.09212707182320443 0.21284501061571126 0.027900552486187846 0.09660297239915075
0 0.3520718232044199 0.1751592356687898 0.0356353591160221 0.1932059447983015
0 0.2738950276243094 0.20116772823779194 0.021823204419889504 0.09447983014861996
0 0.24820441988950276 0.19692144373673037 0.03729281767955801 0.13481953290870488
0 0.7517955801104972 0.8014861995753716 0.03397790055248619 0.14012738853503184
0 0.8603591160220995 0.7914012738853503 0.045027624309392264 0.1942675159235669
0 0.29392265193370165 0.1942675159235669 0.029281767955801105 0.15711252653927812
0 0.5643646408839779 0.832271762208068 0.024861878453038673 0.10191082802547771
0 0.7410220994475138 0.14915074309978768 0.01685082872928177 0.07112526539278131
0 0.6903314917127071 0.1624203821656051 0.009392265193370166 0.036093418259023353
0 0.5281767955801105 0.505307855626327 0.016574585635359115 0.059447983014861996
0 0.5806629834254143 0.49150743099787686 0.01270718232044199 0.04670912951167728
0 0.4219613259668508 0.5238853503184714 0.011325966850828728 0.049893842887473464
0 0.23687845303867403 0.5313163481953291 0.01685082872928177 0.07537154989384288
0 0.16450276243093923 0.5488322717622081 0.02016574585635359 0.07006369426751592
0 0.13370165745856355 0.5567940552016986 0.014364640883977901 0.06263269639065817
0 0.03908839779005525 0.9102972399150743 0.013535911602209945 0.06050955414012739
0 0.08853591160220994 0.9081740976645435 0.01685082872928177 0.06900212314225053
0 0.19267955801104972 0.8964968152866242 0.01685082872928177 0.06687898089171974
0 0.34820441988950274 0.8731422505307855 0.015193370165745856 0.049893842887473464
