0 0.13576555023923445 0.4398364485981308 0.0215311004784689 0.11098130841121495
0 0.3833732057416268 0.45794392523364486 0.02631578947368421 0.11448598130841121
0 0.30098684210526316 0.4480140186915888 0.02541866028708134 0.1133177570093458
0 0.6616327751196173 0.4649532710280374 0.03438995215311005 0.15654205607476634
0 0.8563098086124402 0.08002336448598131 0.03917464114832536 0.15771028037383178
0 0.8006877990430622 0.8656542056074766 0.031399521531100476 0.1191588785046729
0 0.8029306220095693 0.0852803738317757 0.03648325358851675 0.16121495327102803
0 0.9421351674641149 0.46670560747663553 0.028409090909090908 0.1133177570093458
0 0.4354066985645933 0.45210280373831774 0.02930622009569378 0.12149532710280374
0 0.8915968899521531 0.0794392523364486 0.026614832535885168 0.102803738317757
0 0.5228767942583732 0.4567757009345794 0.020035885167464115 0.06775700934579439
0 0.21994617224880383 0.4491822429906542 0.020035885167464115 0.09462616822429906
0 0.3319377990430622 0.8434579439252337 0.014354066985645933 0.07009345794392523
0 0.24641148325358853 0.4491822429906542 0.03110047846889952 0.1133177570093458
0 0.06175239234449761 0.051985981308411214 0.026016746411483254 0.08995327102803738
0 0.3092105263157895 0.06600467289719626 0.022727272727272728 0.10163551401869159
0 0.5511363636363636 0.8498831775700935 0.022727272727272728 0.09929906542056074
0 0.08388157894736842 0.4480140186915888 0.029605263157894735 0.12733644859813084
0 0.6910885167464115 0.4614485981308411 0.022129186602870814 0.09345794392523364
0 0.07969497607655503 0.8539719626168224 0.03199760765550239 0.12149532710280374
0 0.5237739234449761 0.0625 0.03199760765550239 0.125
0 0.5768540669856459 0.852803738317757 0.034688995215311005 0.13317757009345793
0 0.5536782296650717 0.07301401869158879 0.0325956937799043 0.1413551401869159
0 0.7227870813397129 0.07184579439252337 0.022727272727272728 0.08761682242990654
0 0.3630382775119617 0.05957943925233645 0.025717703349282296 0.10046728971962617
0 0.3591507177033493 0.4480140186915888 0.02930622009569378 0.10630841121495327
0 0.4688995215311005 0.8516355140186916 0.02033492822966507 0.08644859813084112
0 0.28304425837320574 0.05782710280373832 0.026016746411483254 0.11565420560747663
0 0.9313696172248804 0.09579439252336448 0.014055023923444977 0.05841121495327103
0 0.029904306220095694 0.8393691588785047 0.02332535885167464 0.10864485981308411
0 0.9479665071770335 0.08060747663551401 0.012559808612440191 0.04906542056074766
0 0.6176734449760766 0.08119158878504673 0.03618421052631579 0.16004672897196262
0 0.5846291866028708 0.08060747663551401 0.03648325358851675 0.16121495327102803
0 0.14563397129186603 0.051985981308411214 0.01555023923444976 0.07827102803738317
0 0.8980263157894737 0.8779205607476636 0.012559808612440191 0.05023364485981308
0 0.5755083732057417 0.47079439252336447 0.034988038277511964 0.1191588785046729
0 0.6913875598086124 0.8539719626168224 0.019736842105263157 0.07710280373831775
0 0.8323863636363636 0.8592289719626168 0.018839712918660288 0.07359813084112149
0 0.6305322966507177 0.865070093457944 0.03319377990430622 0.14602803738317757
0 0.6649222488038278 0.8516355140186916 0.013456937799043063 0.07242990654205607
0 0.1987141148325359 0.05899532710280374 0.030203349282296652 0.11799065420560748
0 0.38217703349282295 0.8522196261682243 0.01674641148325359 0.06658878504672897
0 0.8835227272727273 0.4702102803738318 0.018241626794258375 0.08060747663551401
0 0.16895933014354067 0.44567757009345793 0.011961722488038277 0.04789719626168224
0 0.7507476076555024 0.8551401869158879 0.018241626794258375 0.06074766355140187
0 0.8035287081339713 0.459696261682243 0.011961722488038277 0.05023364485981308
0 0.6064593301435407 0.8586448598130841 0.03229665071770335 0.1261682242990654
0 0.3305921052631579 0.4567757009345794 0.03319377990430622 0.14953271028037382
0 0.7779605263157895 0.8551401869158879 0.009868421052631578 0.04205607476635514
0 0.05651913875598086 0.8335280373831776 0.020933014354066987 0.07827102803738317
0 0.4491626794258373 0.056074766355140186 0.01854066985645933 0.06775700934579439
0 0.41836124401913877 0.0630841121495327 0.010167464114832535 0.0397196261682243
0 0.27541866028708134 0.44509345794392524 0.02033492822966507 0.07009345794392523
0 0.9424342105263158 0.8691588785046729 0.008672248803827751 0.03271028037383177
0 0.6417464114832536 0.06366822429906542 0.008373205741626795 0.03154205607476635
0 0.9769736842105263 0.07535046728971963 0.01076555023923445 0.04322429906542056
0 0.9415370813397129 0.6804906542056075 0.015251196172248804 0.05023364485981308
