0 0.8789459604066345 0.5223132969034608 0.019529159978598182 0.07012750455373407
0 0.3031032637774211 0.10701275045537341 0.023006955591225255 0.07377049180327869
0 0.20518994114499733 0.7550091074681239 0.01765650080256822 0.06739526411657559
0 0.10981808453718567 0.07695810564663023 0.024879614767255216 0.07741347905282331
0 0.3855002675227394 0.12431693989071038 0.021401819154628143 0.06830601092896176
0 0.23314606741573032 0.7595628415300546 0.017388978063135368 0.06375227686703097
0 0.3146067415730337 0.773224043715847 0.013911182450508293 0.051001821493624776
0 0.053237025147137504 0.0692167577413479 0.016051364365971106 0.07103825136612021
0 0.8382825040128411 0.8387978142076503 0.018994114499732477 0.07285974499089254
0 0.6558319957196361 0.15801457194899818 0.014713750668806848 0.06648451730418943
0 0.1653290529695024 0.08561020036429873 0.021936864633493848 0.06375227686703097
0 0.19047619047619047 0.0965391621129326 0.012841091492776886 0.04553734061930783
0 0.4353932584269663 0.12112932604735883 0.020599250936329586 0.07285974499089254
0 0.08186195826645265 0.07468123861566485 0.024612092027822365 0.07650273224043716
0 0.829454253611557 0.5109289617486339 0.015783841626538255 0.060109289617486336
0 0.12225789192081327 0.4030054644808743 0.019261637239165328 0.06648451730418943
0 0.8365436062065276 0.18442622950819673 0.016051364365971106 0.06466302367941712
0 0.2882557517388978 0.7695810564663024 0.012573568753344035 0.04189435336976321
0 0.034911717495987156 0.73224043715847 0.009363295880149813 0.03278688524590164
0 0.16987693953986088 0.7495446265938069 0.017121455323702513 0.060109289617486336
0 0.41867308721241303 0.4562841530054645 0.00909577314071696 0.04007285974499089
0 0.470171214553237 0.8160291438979964 0.015783841626538255 0.056466302367941715
0 0.8912520064205457 0.20127504553734063 0.024879614767255216 0.07285974499089254
0 0.28237025147137507 0.10382513661202186 0.01631888710540396 0.052823315118397086
0 0.2245853397538791 0.42304189435336975 0.009898341359015517 0.037340619307832425
0 0.7049224184055645 0.16712204007285975 0.012841091492776886 0.044626593806921674
0 0.9394060995184591 0.8620218579234973 0.011503477795612628 0.042805100182149364
0 0.3402889245585875 0.4426229508196721 0.009630818619582664 0.030965391621129327
0 0.24384697699304442 0.10701275045537341 0.007758159443552702 0.030054644808743168
0 0.4880952380952381 0.15072859744990894 0.01043338683788122 0.037340619307832425
0 0.09590690208667736 0.40209471766848814 0.008293204922418406 0.030054644808743168
0 0.4245585874799358 0.7946265938069217 0.015516318887105404 0.042805100182149364
0 0.43004280363830927 0.45309653916211295 0.00882825040128411 0.031876138433515486
0 0.7800963081861958 0.8406193078324226 0.012841091492776886 0.04371584699453552
0 0.8083199571963617 0.8460837887067395 0.012573568753344035 0.04007285974499089
0 0.9617442482611022 0.8501821493624773 0.014446227929373997 0.040983606557377046
0 0.45131086142322097 0.4603825136612022 0.00749063670411985 0.030054644808743168
0 0.7815676832530765 0.16894353369763207 0.012038523274478331 0.037340619307832425
0 0.9519796682718031 0.5273224043715847 0.010968432316746924 0.04189435336976321
0 0.8517924023542001 0.5282331511839709 0.01337613697164259 0.04735883424408015
0 0.3642322097378277 0.7818761384335154 0.009363295880149813 0.02459016393442623
0 0.3945960406634564 0.4512750455373406 0.009630818619582664 0.028233151183970857
0 0.7498662386302836 0.8292349726775956 0.015516318887105404 0.039162112932604735
0 0.17268592830390583 0.4157559198542805 0.011503477795612628 0.037340619307832425
0 0.28651685393258425 0.4353369763205829 0.008025682182985553 0.02185792349726776
0 0.7252541466024612 0.8360655737704918 0.00909577314071696 0.029143897996357013
0 0.31487426431246657 0.4294171220400729 0.008560727661851257 0.02459016393442623
0 0.6926163723916533 0.49453551912568305 0.006955591225254147 0.03642987249544627
0 0.8999464954521135 0.5273224043715847 0.006420545746388443 0.025500910746812388
0 0.615569823434992 0.16894353369763207 0.008560727661851257 0.05009107468123861
0 0.06326912787586945 0.7367941712204007 0.013643659711075442 0.03460837887067395
0 0.03517924023542001 0.3989071038251366 0.005082932049224184 0.020036429872495445
0 0.44810058855002677 0.8010018214936248 0.01337613697164259 0.0482695810564663
0 0.5858747993579454 0.813752276867031 0.006955591225254147 0.026411657559198543
0 0.3342696629213483 0.07513661202185792 0.006153023006955591 0.01912568306010929
0 0.4830123060460139 0.46493624772313297 0.0056179775280898875 0.01912568306010929
0 0.8888443017656501 0.8469945355191257 0.005082932049224184 0.020036429872495445
0 0.6653290529695024 0.49408014571949 0.005350454788657036 0.017304189435336976
