0 0.5418006430868167 0.875139353400223 0.028354282373574978 0.11148272017837235
0 0.6012861736334405 0.887402452619844 0.02981584332066647 0.12486064659977704
0 0.7809120140309851 0.866778149386845 0.027185033615901782 0.10144927536231885
0 0.5165156387021339 0.507803790412486 0.025138848289973693 0.0858416945373467
0 0.6484945922244958 0.5105908584169454 0.030692779888921367 0.12263099219620958
0 0.8091201403098509 0.49944258639910816 0.0228003507746273 0.12263099219620958
0 0.32607424729611223 0.5278706800445931 0.029523531131248174 0.11036789297658862
0 0.8099970768781058 0.13935340022296544 0.026308097047646885 0.10479375696767002
0 0.7323881905875474 0.8634336677814939 0.024261911721718796 0.10144927536231885
0 0.7027185033615901 0.1544035674470457 0.026892721426483485 0.11036789297658862
0 0.9362759427068109 0.5066889632107023 0.03507746273019585 0.1505016722408027
0 0.5162233265127156 0.15942028985507245 0.02747734580532008 0.10702341137123746
0 0.11166325635779012 0.5245261984392419 0.017538731365097926 0.07469342251950947
0 0.8877521192633733 0.8745819397993311 0.02747734580532008 0.12151616499442586
0 0.035662087109032445 0.5245261984392419 0.026308097047646885 0.09253065774804906
0 0.35179771996492254 0.5206243032329989 0.02075416544869921 0.08249721293199554
0 0.755334697456884 0.8717948717948718 0.019877228880444315 0.08918617614269789
0 0.6420637240572932 0.8868450390189521 0.01666179479684303 0.08361204013377926
0 0.786758257819351 0.4977703455964326 0.034200526161940956 0.11928651059085842
0 0.7578193510669395 0.14102564102564102 0.021923414206372407 0.07692307692307693
0 0.14104063139432915 0.5267558528428093 0.01666179479684303 0.07023411371237458
0 0.6959953230049694 0.5044593088071349 0.014615609470914937 0.07023411371237458
0 0.6205787781350482 0.5105908584169454 0.022215726395790704 0.07803790412486064
0 0.5622624963460976 0.5211817168338907 0.018415667933352822 0.07023411371237458
0 0.4538146740719088 0.5228539576365663 0.01666179479684303 0.06020066889632107
0 0.3830751242326805 0.1750278706800446 0.017246419175679626 0.0758082497212932
0 0.9134755919321835 0.48885172798216275 0.026892721426483485 0.0947603121516165
0 0.4120140309850921 0.1605351170568562 0.0230926629640456 0.10256410256410256
0 0.5423852674656533 0.17001114827201783 0.01373867290266004 0.06131549609810479
0 0.5919321835720549 0.5128205128205128 0.01636948260742473 0.055741360089186176
0 0.25241157556270094 0.173355629877369 0.026600409237065185 0.0858416945373467
0 0.40397544577608885 0.5301003344481605 0.017538731365097926 0.07023411371237458
0 0.4636071324174218 0.16443701226309923 0.019877228880444315 0.10144927536231885
0 0.85910552470038 0.4983277591973244 0.015784858228588133 0.057971014492753624
0 0.22405729318912598 0.1794871794871795 0.0230926629640456 0.0802675585284281
0 0.20637240572931892 0.18283166109253066 0.017538731365097926 0.0802675585284281
0 0.4650686933645133 0.8812709030100334 0.010523238819058756 0.043478260869565216
0 0.9153756211634025 0.13768115942028986 0.02776965799473838 0.10367892976588629
0 0.4375913475591932 0.17837235228539577 0.019877228880444315 0.09810479375696766
0 0.3086816720257235 0.1806020066889632 0.012861736334405145 0.05351170568561873
0 0.2757965507161649 0.18394648829431437 0.015492546039169833 0.046822742474916385
0 0.036392867582578196 0.17892976588628762 0.02776965799473838 0.12597547380156077
0 0.17187956737795967 0.1794871794871795 0.022215726395790704 0.0713489409141583
0 0.35545162233265126 0.8862876254180602 0.011107863197895352 0.044593088071348944
0 0.33045893013738675 0.8807134894091416 0.010815551008477054 0.04013377926421405
0 0.08857059339374451 0.18283166109253066 0.021631102016954108 0.09810479375696766
0 0.06635486699795382 0.19453734671125975 0.023969599532300497 0.09253065774804906
0 0.5366851797719965 0.5289855072463768 0.007600116924875768 0.05239687848383501
0 0.6226249634609763 0.8963210702341137 0.00935399006138556 0.0379041248606466
0 0.22566501023092664 0.8840579710144928 0.009938614440222157 0.03121516164994426
0 0.14513300204618532 0.887402452619844 0.008477053493130663 0.028985507246376812
0 0.3836597486115171 0.8896321070234113 0.011984799766150248 0.046822742474916385
0 0.03273896521484946 0.8662207357859532 0.010523238819058756 0.042363433667781496
0 0.881613563285589 0.5039018952062431 0.011107863197895352 0.044593088071348944
0 0.27009646302250806 0.5379041248606466 0.0070154925460391695 0.02564102564102564
