0 0.6120664097242811 0.55419921875 0.023421286688407945 0.0869140625
0 0.42795730803439075 0.56591796875 0.020456566854432257 0.0810546875
0 0.21597983990512898 0.2177734375 0.020456566854432257 0.07421875
0 0.12733471686925585 0.57421875 0.023421286688407945 0.091796875
0 0.07396975985769345 0.9306640625 0.020456566854432257 0.07421875
0 0.906463089238067 0.18994140625 0.020456566854432257 0.0810546875
0 0.46901867773495404 0.9072265625 0.02549659057219093 0.076171875
0 0.37088645123035874 0.56689453125 0.017788319003854136 0.0732421875
0 0.5920545508449452 0.90576171875 0.02016009487103469 0.0791015625
0 0.28876371182923216 0.92431640625 0.021938926771420102 0.0732421875
0 0.2514082419211385 0.56591796875 0.017195375037058997 0.0693359375
0 0.9595315742662318 0.19482421875 0.02520011858879336 0.0751953125
0 0.2567447376222947 0.9267578125 0.02431070263860065 0.072265625
0 0.8766676549066114 0.5537109375 0.016009487103468723 0.068359375
0 0.46160687815001483 0.56494140625 0.018381262970649275 0.0751953125
0 0.4112066409724281 0.92041015625 0.026089534538986065 0.0712890625
0 0.7935072635635932 0.91259765625 0.029350726356359325 0.0791015625
0 0.3489475244589386 0.92529296875 0.023717758671805516 0.0732421875
0 0.8160391343018085 0.556640625 0.018677734954046843 0.05078125
0 0.13415357248739995 0.9287109375 0.018084790987251704 0.068359375
0 0.09531574266231842 0.2255859375 0.020456566854432257 0.076171875
0 0.4589386302994367 0.2236328125 0.02786836643937148 0.076171875
0 0.43359027571894454 0.21044921875 0.023421286688407945 0.0615234375
0 0.8737029350726356 0.203125 0.017788319003854136 0.056640625
0 0.9565668544322562 0.90673828125 0.02282834272161281 0.0732421875
0 0.0649273643640676 0.22119140625 0.01956715090423955 0.0537109375
0 0.033649570115624076 0.22607421875 0.019270678920841982 0.0673828125
0 0.728283427216128 0.55126953125 0.014527127186480878 0.0576171875
0 0.38052179069077974 0.91943359375 0.02282834272161281 0.0556640625
0 0.04610139341832197 0.93505859375 0.02520011858879336 0.0732421875
0 0.7591165134894753 0.552734375 0.019863622887637118 0.046875
0 0.2909872517047139 0.1953125 0.018084790987251704 0.0390625
0 0.334272161280759 0.2138671875 0.013341239252890602 0.0546875
0 0.06596501630595909 0.55419921875 0.012155351319300326 0.0478515625
0 0.12763118885265343 0.2060546875 0.02164245478802253 0.076171875
0 0.18737029350726356 0.21875 0.013637711236288172 0.04296875
0 0.3101096946338571 0.20947265625 0.010080047435517344 0.0400390625
0 0.9131337088645123 0.90185546875 0.029054254372961757 0.1181640625
0 0.48917877260598874 0.2138671875 0.017195375037058997 0.05078125
0 0.853542840201601 0.90966796875 0.012451823302697895 0.0517578125
0 0.4967388081826267 0.90966796875 0.015713015120071155 0.0458984375
0 0.039875481766973024 0.5771484375 0.008597687518529499 0.033203125
0 0.5499555292024904 0.2109375 0.017195375037058997 0.052734375
0 0.9933293803735547 0.5439453125 0.009783575452119775 0.029296875
0 0.6091016898903053 0.21142578125 0.010376519418914912 0.0302734375
0 0.3697005632967685 0.2099609375 0.011265935369107619 0.046875
0 0.4383338274533057 0.91357421875 0.020456566854432257 0.0439453125
0 0.7906907797213163 0.5498046875 0.015416543136673585 0.04296875
0 0.19626445300919063 0.92333984375 0.015416543136673585 0.0498046875
0 0.822561517936555 0.90576171875 0.012748295286095465 0.0322265625
0 0.9327008597687518 0.20263671875 0.008894159501927068 0.0263671875
0 0.6950785650756004 0.2099609375 0.011562407352505188 0.03515625
0 0.31648384227690485 0.91552734375 0.010376519418914912 0.0322265625
0 0.8141120664097243 0.2021484375 0.010672991402312482 0.033203125
0 0.40127482952860954 0.5625 0.013341239252890602 0.044921875
0 0.10658167803142603 0.931640625 0.015713015120071155 0.0390625
0 0.4000889415950193 0.2197265625 0.009190631485324638 0.03515625
0 0.11428994959976282 0.2138671875 0.010969463385710051 0.044921875
0 0.6408241921138452 0.5537109375 0.0056329676845538095 0.01953125
0 0.15490661132522976 0.2119140625 0.009190631485324638 0.025390625
0 0.11369700563296768 0.57275390625 0.008597687518529499 0.0302734375
0 0.5801956715090424 0.5517578125 0.006522383634746516 0.01953125
0 0.05010376519418915 0.2255859375 0.00830121553513193 0.0234375
0 0.9033501334123926 0.5546875 0.005336495701156241 0.0234375
0 0.6780314260302401 0.55322265625 0.006522383634746516 0.0185546875
