0 0.922772799156563 0.4897674418604651 0.02635740643120717 0.09953488372093024
0 0.86768581971534 0.8172093023255814 0.028465998945703744 0.10697674418604651
0 0.1963626779124934 0.8674418604651163 0.02952029520295203 0.11813953488372093
0 0.7409066947812335 0.8227906976744186 0.0316288877174486 0.1330232558139535
0 0.9219820769636268 0.8144186046511628 0.032156035846072746 0.12
0 0.5747232472324724 0.1613953488372093 0.027148128624143383 0.10325581395348837
0 0.8114127569847127 0.14651162790697675 0.022403795466526093 0.09023255813953489
0 0.8711122825513969 0.4930232558139535 0.030047443331576173 0.11534883720930232
0 0.8986557722720084 0.48790697674418604 0.02345809172377438 0.10511627906976745
0 0.5875065893516078 0.5074418604651163 0.03110173958882446 0.10511627906976745
0 0.636004217185029 0.5074418604651163 0.04111755403268318 0.13674418604651162
0 0.8093041644702161 0.5013953488372093 0.03083816552451239 0.12279069767441861
0 0.5009225092250923 0.15627906976744185 0.027148128624143383 0.11348837209302326
0 0.786768581971534 0.15953488372093022 0.02161307327358988 0.08093023255813954
0 0.6798892988929889 0.16232558139534883 0.03505535055350553 0.11813953488372093
0 0.9172377438060095 0.14465116279069767 0.02952029520295203 0.15348837209302327
0 0.7398523985239852 0.5088372093023256 0.032156035846072746 0.11162790697674418
0 0.42751713231418026 0.1772093023255814 0.030047443331576173 0.10883720930232559
0 0.17145492883500263 0.1925581395348837 0.03874538745387454 0.1413953488372093
0 0.7138903531892462 0.5111627906976745 0.03136531365313653 0.12930232558139534
0 0.22179757511860834 0.19534883720930232 0.029256721138639957 0.10418604651162791
0 0.7119135477069056 0.8241860465116279 0.025830258302583026 0.08558139534883721
0 0.7871639430680021 0.49627906976744185 0.023985239852398525 0.09953488372093024
0 0.11610437532946757 0.20418604651162792 0.03400105429625725 0.12558139534883722
0 0.5299156562994202 0.5293023255813953 0.03136531365313653 0.1172093023255814
0 0.14312071692145492 0.5493023255813954 0.03900896151818661 0.13488372093023257
0 0.37335266209804957 0.1827906976744186 0.03505535055350553 0.12372093023255815
0 0.838165524512388 0.8288372093023256 0.025830258302583026 0.07813953488372093
0 0.5578545071164998 0.5251162790697674 0.03136531365313653 0.1144186046511628
0 0.35173958882445966 0.5274418604651163 0.039272535582498685 0.14325581395348838
0 0.55152872957301 0.8404651162790697 0.04032683183974697 0.15348837209302327
0 0.6856879283078545 0.8293023255813954 0.03083816552451239 0.1144186046511628
0 0.24841855561412757 0.5213953488372093 0.046125461254612546 0.16651162790697674
0 0.323668950975224 0.8576744186046512 0.044807590933052185 0.15255813953488373
0 0.30113336847654193 0.16372093023255813 0.03294675803900896 0.10976744186046512
0 0.6580126515550869 0.8297674418604651 0.03136531365313653 0.1469767441860465
0 0.39786505007907225 0.8646511627906976 0.033473906167633107 0.13116279069767442
0 0.8176067474960463 0.8083720930232559 0.02319451765946231 0.08186046511627906
0 0.6319188191881919 0.8255813953488372 0.027148128624143383 0.14046511627906977
0 0.17000527148128625 0.5525581395348838 0.04164470216130733 0.16744186046511628
0 0.6072746441750132 0.8427906976744186 0.03690036900369004 0.1413953488372093
0 0.4775962045334739 0.866046511627907 0.04111755403268318 0.16
0 0.39931470743278863 0.5306976744186046 0.04428044280442804 0.14976744186046512
0 0.32050606220347916 0.5348837209302325 0.033210332103321034 0.13767441860465116
0 0.8633368476541908 0.13906976744186048 0.03083816552451239 0.1572093023255814
0 0.8910121244069583 0.1325581395348837 0.028729573010015816 0.14790697674418604
0 0.17105956773853453 0.8990697674418605 0.020031628887717447 0.15534883720930232
0 0.051924090669478125 0.8837209302325582 0.030574591460200317 0.14511627906976743
0 0.8435687928307855 0.1702325581395349 0.01871375856615709 0.14325581395348838
0 0.1511597258829731 0.8753488372093023 0.029256721138639957 0.17302325581395347
0 0.7560622034791776 0.1613953488372093 0.019240906694781235 0.06604651162790698
0 0.8310490247759621 0.14976744186046512 0.014232999472851872 0.061395348837209304
0 0.07709541381128097 0.892093023255814 0.03716394306800211 0.16372093023255813
0 0.11017395888244597 0.8976744186046511 0.05429625724828677 0.17674418604651163
0 0.7654190827622562 0.8293023255813954 0.012651555086979441 0.04
0 0.37453874538745385 0.8562790697674418 0.01107011070110701 0.05674418604651163
0 0.4389826041117554 0.8562790697674418 0.009752240379546653 0.02883720930232558
