0 0.2625113739763421 0.5556631171345595 0.023961176827418867 0.07744433688286544
0 0.4094631483166515 0.5658276863504357 0.030937215650591446 0.1074540174249758
0 0.105398847437064 0.19699903194578897 0.021534728541097968 0.0803484995159729
0 0.08219593569912041 0.5459825750242013 0.017591750075826508 0.05808325266214908
0 0.15559599636032756 0.1999031945788964 0.018198362147406732 0.06679574056147145
0 0.6681831968456172 0.9090029041626331 0.013345465574764938 0.05227492739593417
0 0.8557779799818016 0.2202323330106486 0.01910828025477707 0.06292352371732816
0 0.11070670306339096 0.5445304937076476 0.01880497421898696 0.06098741529525654
0 0.7256596906278435 0.5847047434656341 0.015468607825295723 0.0484027105517909
0 0.03821656050955414 0.19554695062923524 0.015165301789505611 0.07744433688286544
0 0.12845010615711253 0.19554695062923524 0.022141340612678192 0.06582768635043562
0 0.251289050652108 0.2047434656340755 0.027600849256900213 0.08422071636011616
0 0.3659387321807704 0.20813165537270087 0.021534728541097968 0.061955469506292354
0 0.28738246891113134 0.5508228460793805 0.010009099181073703 0.04065827686350436
0 0.37534121929026387 0.8925459825750242 0.019714892326357293 0.046466602129719266
0 0.5808310585380649 0.904162633107454 0.011525629360024265 0.03872216844143272
0 0.05262359720958447 0.5411423039690223 0.011828935395814377 0.04065827686350436
0 0.378374279648165 0.5643756050338818 0.0124355474673946 0.046466602129719266
0 0.5555050045495905 0.9119070667957405 0.011828935395814377 0.04065827686350436
0 0.9511677282377919 0.5997095837366893 0.021231422505307854 0.0590513068731849
0 0.316196542311192 0.5595353339787028 0.014255383682135275 0.05227492739593417
0 0.04913557779799818 0.8756050338818974 0.009705793145283591 0.030009680542110357
0 0.8337882923870185 0.2245885769603098 0.013952077646345162 0.060019361084220714
0 0.0646041856232939 0.19748305905130686 0.009099181073703366 0.03484995159728945
0 0.6101000909918107 0.8978702807357212 0.0124355474673946 0.05324298160696999
0 0.6930542917804065 0.9027105517909003 0.015165301789505611 0.03388189738625363
0 0.721868365180467 0.2207163601161665 0.014558689717925387 0.05808325266214908
0 0.3369730057628147 0.21200387221684414 0.015165301789505611 0.05227492739593417
0 0.23612374886260237 0.8877057115198451 0.010009099181073703 0.030977734753146177
0 0.21686381558993023 0.2047434656340755 0.008492569002123142 0.030009680542110357
0 0.4968152866242038 0.5730880929332043 0.018198362147406732 0.04259438528557599
0 0.02456778889899909 0.5358180058083253 0.010312405216863815 0.03581800580832527
0 0.46451319381255685 0.569215876089061 0.014255383682135275 0.05033881897386254
0 0.4343342432514407 0.8969022265246854 0.010312405216863815 0.031945788964181994
0 0.632393084622384 0.9075508228460794 0.01091901728844404 0.030009680542110357
0 0.3453139217470428 0.563891577928364 0.0124355474673946 0.028073572120038724
0 0.39020321504397937 0.22120038722168442 0.00818926296633303 0.026137463697967087
0 0.7418865635426145 0.21926427879961277 0.009099181073703366 0.030009680542110357
0 0.6069153776160146 0.5721200387221684 0.007279344858962694 0.023233301064859633
0 0.7813163481953291 0.5885769603097774 0.009099181073703366 0.02516940948693127
0 0.4234152259629967 0.20861568247821877 0.006672732787382469 0.01452081316553727
0 0.21125265392781317 0.5672797676669894 0.00940248710949348 0.03291384317521781
0 0.807855626326964 0.909486931268151 0.008795875037913254 0.028073572120038724
0 0.08219593569912041 0.8799612778315585 0.004246284501061571 0.01936108422071636
0 0.11525629360024264 0.8944820909970959 0.004852896572641796 0.015488867376573089
0 0.2854109796784956 0.8843175217812197 0.006672732787382469 0.02420135527589545
0 0.35608128601759176 0.8804453049370765 0.006066120715802244 0.016456921587608905
0 0.8586593873218077 0.9138431752178122 0.00545950864422202 0.021297192642787996
0 0.8924780103124053 0.9119070667957405 0.0075826508947528055 0.02516940948693127
