0 0.028780610956829083 0.12791741472172352 0.011613228982580156 0.04398563734290844
0 0.0867205251199192 0.12163375224416517 0.014895228477657157 0.05655296229802514
0 0.11070436758394345 0.12028725314183124 0.024993688462509468 0.1059245960502693
0 0.16409997475385005 0.12477558348294435 0.018177227972734158 0.06822262118491922
0 0.21560212067659681 0.1310592459605027 0.017672304973491544 0.05026929982046679
0 0.2783388033324918 0.14587073608617596 0.011360767482958849 0.03500897666068223
0 0.30421610704367585 0.13868940754039497 0.013127997980308004 0.04937163375224417
0 0.3305983337541025 0.13464991023339318 0.01994445847008331 0.04847396768402154
0 0.3855087099217369 0.14497307001795331 0.014137843978793235 0.06373429084380611
0 0.411007321383489 0.14228007181328545 0.013127997980308004 0.05475763016157989
0 0.4223680888664479 0.14587073608617596 0.014137843978793235 0.05834829443447038
0 0.4423125473365312 0.15484739676840215 0.009593536985609694 0.03321364452423698
0 0.47551123453673316 0.14631956912028726 0.00681646048977531 0.03052064631956912
0 0.956576622065135 0.17100538599640933 0.0292855339560717 0.09245960502692999
0 0.582428679626357 0.5098743267504489 0.013127997980308004 0.04488330341113106
0 0.5060590759909114 0.4748653500897666 0.005806614491290078 0.02333931777378815
0 0.4655390053016915 0.49461400359066426 0.03029537995455693 0.12387791741472172
0 0.44206008583690987 0.4959605026929982 0.0292855339560717 0.10682226211849193
0 0.41744508962383237 0.49730700179533216 0.01893461247159808 0.07540394973070018
0 0.3876546326685181 0.49775583482944347 0.011360767482958849 0.03321364452423698
0 0.3582428679626357 0.49281867145421904 0.02373138096440293 0.07899461400359066
0 0.33135571825296645 0.49775583482944347 0.008836152486745772 0.0421903052064632
0 0.3057308760414037 0.48518850987432677 0.0292855339560717 0.11579892280071813
0 0.2804847260792729 0.4789048473967684 0.019691996970462006 0.06912028725314183
0 0.2263317344105024 0.4833931777378815 0.02903307245645039 0.08886894075403949
0 0.19414289320878567 0.4762118491921005 0.02676091895985862 0.09964093357271095
0 0.16384751325422872 0.4708258527827648 0.02676091895985862 0.07989228007181329
0 0.14049482453925777 0.4780071813285458 0.01237061348144408 0.04398563734290844
0 0.11259782883110325 0.4833931777378815 0.008583690987124463 0.03500897666068223
0 0.0834385256248422 0.4748653500897666 0.010855844483716234 0.04129263913824058
0 0.05453168391820248 0.4658886894075404 0.03130522595304216 0.12208258527827648
0 0.02903307245645039 0.46947935368043087 0.02827568795758647 0.0843806104129264
0 0.12875536480686695 0.8137342908438061 0.016157535975763696 0.03500897666068223
0 0.16056551375915173 0.8096947935368043 0.019691996970462006 0.08797127468581688
0 0.35218379197172434 0.8177737881508079 0.01918707397121939 0.07360861759425494
0 0.3948497854077253 0.8357271095152603 0.02676091895985862 0.09156193895870736
0 0.520070689219894 0.849640933572711 0.013127997980308004 0.04398563734290844
0 0.5701842968947236 0.8550269299820467 0.0260035344609947 0.08886894075403949
0 0.5993436001009846 0.8604129263913824 0.02019691996970462 0.08707360861759425
0 0.6290078263064882 0.8563734290843806 0.017419843473870236 0.06822262118491922
0 0.7080282756879576 0.8666965888689407 0.02246907346629639 0.1319569120287253
0 0.7368088866447867 0.8716337522441652 0.02246907346629639 0.06642728904847396
0 0.7626861903559707 0.8613105924596051 0.010603382984094925 0.03141831238779174
0 0.8186064125220904 0.8707360861759426 0.035092148447361776 0.1310592459605027
0 0.8456197929815703 0.8734290843806104 0.019439535470840697 0.09694793536804308
0 0.9054531683918202 0.8702872531418312 0.026508457460237313 0.09066427289048475
0 0.931078010603383 0.8859964093357271 0.031810148952284775 0.13285457809694792
0 0.9583438525624842 0.8707360861759426 0.017672304973491544 0.06642728904847396
0 0.967558697298662 0.5139138240574507 0.018429689472355466 0.06552962298025135
0 0.9491290078263065 0.531867145421903 0.01893461247159808 0.07450628366247755
0 0.8409492552385761 0.48249551166965887 0.024236303963645543 0.10682226211849193
0 0.8077505680383742 0.5062836624775583 0.022973996465539007 0.08617594254937164
0 0.7780863418328705 0.4982046678635548 0.022721534965917698 0.07360861759425494
0 0.747286038879071 0.5022441651705566 0.01666245897500631 0.05475763016157989
0 0.7221661196667508 0.5044883303411131 0.01237061348144408 0.04308797127468582
0 0.6606917445089624 0.17100538599640933 0.01009845998485231 0.02064631956912029
0 0.6851805099722292 0.16472172351885098 0.018177227972734158 0.0763016157989228
0 0.8263064882605403 0.16472172351885098 0.03685937894471093 0.11759425493716337
0 0.7668518050997223 0.18312387791741472 0.00681646048977531 0.02333931777378815
0 0.8550870992173694 0.17235188509874327 0.03231507195152739 0.11669658886894076
0 0.8841201716738197 0.17773788150807898 0.03029537995455693 0.12746858168761221
0 0.9053269376420096 0.1826750448833034 0.01009845998485231 0.06014362657091562
