0 0.3902229845626072 0.8247033441208198 0.0274442538593482 0.10248112189859762
0 0.5929102344196684 0.14617044228694714 0.02801600914808462 0.10679611650485436
0 0.9498284734133791 0.14023732470334413 0.02144082332761578 0.08629989212513485
0 0.66852487135506 0.14778856526429343 0.022584333905088624 0.09277238403451996
0 0.6972555746140652 0.14670981661272922 0.025157232704402517 0.10355987055016182
0 0.6193539165237278 0.14023732470334413 0.024871355060034305 0.09924487594390508
0 0.2168381932532876 0.12998921251348436 0.0220125786163522 0.07659115426105717
0 0.08676386506575186 0.4617044228694714 0.02086906803887936 0.07982740021574973
0 0.3433390508862207 0.127831715210356 0.029159519725557463 0.10032362459546926
0 0.8433390508862207 0.4989212513484358 0.018867924528301886 0.08737864077669903
0 0.7688679245283019 0.13861920172599784 0.032875929102344194 0.12837108953613807
0 0.4644082332761578 0.13214670981661272 0.03516295025728988 0.10248112189859762
0 0.5400228702115495 0.13268608414239483 0.032590051457975985 0.10787486515641856
0 0.7638650657518582 0.8398058252427184 0.016580903373356205 0.07659115426105717
0 0.19153802172670098 0.12135922330097088 0.022298456260720412 0.08306364617044229
0 0.7993138936535163 0.13807982740021574 0.02172670097198399 0.09061488673139159
0 0.3187535734705546 0.13106796116504854 0.026872498570611778 0.10248112189859762
0 0.8983704974271012 0.8500539374325782 0.03630646083476272 0.133764832793959
0 0.41852487135506006 0.133764832793959 0.02058319039451115 0.07982740021574973
0 0.8733562035448827 0.156957928802589 0.0274442538593482 0.09816612729234088
0 0.9009433962264151 0.49029126213592233 0.0220125786163522 0.08522114347357065
0 0.818038879359634 0.4919093851132686 0.02029731275014294 0.07766990291262135
0 0.819325328759291 0.14670981661272922 0.026872498570611778 0.10787486515641856
0 0.6882504288164666 0.47303128371089537 0.023727844482561464 0.08522114347357065
0 0.46340766152086904 0.47626752966558794 0.03430531732418525 0.14347357065803668
0 0.2645797598627787 0.12297734627831715 0.031160663236134933 0.09277238403451996
0 0.9262435677530018 0.14401294498381878 0.014865637507146942 0.06580366774541532
0 0.49028016009148084 0.8354908306364617 0.02172670097198399 0.08737864077669903
0 0.44368210405946257 0.1353829557713053 0.013150371640937679 0.08306364617044229
0 0.5365923384791309 0.4843581445523193 0.029159519725557463 0.10571736785329018
0 0.5861921097770154 0.47572815533980584 0.015723270440251572 0.06472491909385113
0 0.8823613493424814 0.48975188781014023 0.022584333905088624 0.08198489751887811
0 0.8457690108633504 0.8527508090614887 0.013436249285305889 0.05501618122977346
0 0.23742138364779874 0.8225458468176915 0.011720983419096626 0.03344120819848975
0 0.7927387078330475 0.4854368932038835 0.022870211549456832 0.07982740021574973
0 0.9019439679817038 0.13700107874865156 0.032590051457975985 0.12513484358144553
0 0.13865065751858205 0.12459546925566344 0.008004574042309892 0.042071197411003236
0 0.35906232132647226 0.8225458468176915 0.025728987993138937 0.10679611650485436
0 0.31446540880503143 0.8203883495145631 0.012006861063464836 0.039913700107874865
0 0.28702115494568325 0.8182308522114348 0.011435105774728416 0.03344120819848975
0 0.6698113207547169 0.4935275080906149 0.019439679817038306 0.0593311758360302
0 0.5560320182961692 0.8478964401294499 0.04173813607775872 0.15318230852211434
0 0.24285305889079473 0.12189859762675297 0.011720983419096626 0.045307443365695796
0 0.6439393939393939 0.8403451995685005 0.008290451686678102 0.030204962243797196
0 0.7467124070897656 0.1418554476806904 0.011435105774728416 0.05070118662351672
0 0.9462550028587764 0.49460625674217906 0.005145797598627788 0.03128371089536138
0 0.8684962835906233 0.5043149946062567 0.012006861063464836 0.06364617044228695
0 0.08361921097770154 0.8182308522114348 0.02715837621497999 0.11542610571736785
0 0.46397941680960547 0.8252427184466019 0.026872498570611778 0.11003236245954692
0 0.3379073756432247 0.825782092772384 0.025157232704402517 0.11758360302049622
0 0.10634648370497427 0.8128371089536138 0.026300743281875358 0.104638619201726
0 0.15751858204688393 0.8155339805825242 0.036020583190394515 0.10787486515641856
0 0.16895368782161235 0.12405609492988134 0.005145797598627788 0.023732470334412083
0 0.12850200114351057 0.8225458468176915 0.023727844482561464 0.11542610571736785
