0 0.22719734660033167 0.840752110514198 0.00912106135986733 0.02072141212586339
0 0.3480514096185738 0.8472755180353031 0.01451077943615257 0.023023791250959325
0 0.581882255389718 0.35303146584804296 0.013681592039800995 0.026093630084420567
0 0.6438640132669984 0.8449731389102072 0.013266998341625208 0.01688411358403684
0 0.2462686567164179 0.8353798925556408 0.014925373134328358 0.03760552570990023
0 0.20190713101160862 0.8376822716807367 0.009950248756218905 0.02072141212586339
0 0.10530679933665009 0.10590943975441289 0.006633499170812604 0.019953952417498082
0 0.13412106135986732 0.34574059861857254 0.008706467661691543 0.011511895625479662
0 0.314469320066335 0.5940138142747505 0.00538971807628524 0.019953952417498082
0 0.13329187396351574 0.8399846508058327 0.013681592039800995 0.02532617037605526
0 0.46247927031509123 0.5917114351496546 0.013681592039800995 0.01841903300076746
0 0.5866500829187397 0.8422870299309286 0.009950248756218905 0.013046815042210284
0 0.603648424543947 0.8453568687643899 0.015754560530679935 0.013046815042210284
0 0.2058457711442786 0.3607060629316961 0.00538971807628524 0.021488871834228703
0 0.6674958540630183 0.11511895625479662 0.01824212271973466 0.012279355333844973
0 0.6762023217247097 0.5886415963161934 0.012437810945273632 0.035303146584804296
0 0.13764510779436154 0.13277052954719878 0.015754560530679935 0.023023791250959325
0 0.6909203980099502 0.351880276285495 0.006218905472636816 0.01918649270913277
0 0.5536898839137645 0.5951650038372985 0.00538971807628524 0.022256331542594012
0 0.12479270315091211 0.12164236377590176 0.005804311774461028 0.02072141212586339
0 0.3907545605306799 0.3545663852647736 0.018656716417910446 0.026093630084420567
0 0.5945273631840796 0.5894090560245587 0.008291873963515755 0.023023791250959325
0 0.63287728026534 0.5867229470452802 0.011194029850746268 0.029930928626247123
0 0.6262437810945274 0.8376822716807367 0.010364842454394693 0.03760552570990023
0 0.2701077943615257 0.1032233307751343 0.00538971807628524 0.03607060629316961
0 0.9033996683250415 0.11128165771297006 0.020729684908789386 0.015349194167306216
0 0.2771558872305141 0.5947812739831159 0.009535655058043118 0.02762854950115119
0 0.1558872305140962 0.8392171910974674 0.009950248756218905 0.03453568687643899
0 0.5854063018242123 0.11128165771297006 0.01077943615257048 0.01841903300076746
0 0.6643864013266998 0.8453568687643899 0.006218905472636816 0.022256331542594012
0 0.5 0.10590943975441289 0.006633499170812604 0.03376822716807368
0 0.1822139303482587 0.8380660015349194 0.0203150912106136 0.01841903300076746
0 0.4052653399668325 0.5928626247122026 0.01285240464344942 0.02532617037605526
0 0.7993366500829188 0.8346124328472755 0.005804311774461028 0.022256331542594012
0 0.6135986733001658 0.5978511128165771 0.017412935323383085 0.012279355333844973
0 0.5242537313432836 0.5886415963161934 0.010364842454394693 0.03069838833461243
0 0.8041044776119403 0.6062931696085956 0.01616915422885572 0.026093630084420567
0 0.5217661691542289 0.3572524942440522 0.008706467661691543 0.01918649270913277
0 0.45999170812603646 0.10283960092095165 0.008706467661691543 0.039907904834996163
0 0.7587064676616916 0.5894090560245587 0.01658374792703151 0.021488871834228703
0 0.6457296849087893 0.35763622409823487 0.007877280265339967 0.044512663085188024
0 0.8791459369817579 0.35418265541059096 0.013681592039800995 0.017651573292402148
0 0.8538557213930348 0.8388334612432847 0.007048092868988391 0.026093630084420567
0 0.29643449419568824 0.5966999232540292 0.014925373134328358 0.02532617037605526
0 0.9187396351575456 0.10475825019186492 0.014096185737976783 0.0283960092095165
0 0.7796434494195689 0.5874904067536454 0.012023217247097845 0.02686108979278588
0 0.1656301824212272 0.3534151957022256 0.004560530679933665 0.029930928626247123
0 0.18449419568822553 0.11128165771297006 0.012437810945273632 0.024558710667689946
0 0.6689469320066335 0.3537989255564083 0.0236318407960199 0.024558710667689946
0 0.5460199004975125 0.10782808902532617 0.014925373134328358 0.013046815042210284
0 0.36650082918739635 0.840752110514198 0.013266998341625208 0.03607060629316961
0 0.5470563847429519 0.34804297774366844 0.012023217247097845 0.014581734458940905
0 0.6840796019900498 0.11243284727551804 0.01658374792703151 0.00844205679201842
0 0.3428689883913765 0.34458940905602453 0.01658374792703151 0.02916346891788181
0 0.24813432835820895 0.3461243284727552 0.0203150912106136 0.019953952417498082
0 0.19237147595356552 0.5982348426707598 0.012437810945273632 0.0283960092095165
0 0.5692371475953566 0.5970836531082118 0.020729684908789386 0.01688411358403684
0 0.8362354892205639 0.35495011511895624 0.01658374792703151 0.01918649270913277
0 0.6179519071310116 0.11320030698388335 0.0269485903814262 0.023791250959324637
0 0.23051409618573798 0.09669992325402917 0.014925373134328358 0.015349194167306216
0 0.6540215588723052 0.5963161933998465 0.012023217247097845 0.03376822716807368
0 0.5603233830845771 0.3488104374520338 0.006218905472636816 0.039140445126630855
0 0.7417081260364843 0.5920951650038373 0.020729684908789386 0.017651573292402148
0 0.3561359867330017 0.5832693783576363 0.009950248756218905 0.04911742133537989
0 0.21019900497512436 0.09593246354566386 0.011608623548922056 0.03069838833461243
0 0.3824626865671642 0.5897927858787414 0.009535655058043118 0.043745203376822715
0 0.720771144278607 0.5947812739831159 0.007877280265339967 0.04144282425172678
0 0.3092868988391376 0.10092095165003838 0.01077943615257048 0.03607060629316961
0 0.5130597014925373 0.5859554873369148 0.012023217247097845 0.03607060629316961
0 0.7164179104477612 0.10360706062931696 0.01077943615257048 0.010744435917114352
0 0.8304311774461028 0.6059094397544129 0.00912106135986733 0.02686108979278588
0 0.792910447761194 0.10475825019186492 0.01285240464344942 0.0283960092095165
0 0.5648839137645107 0.10437452033768227 0.018656716417910446 0.01688411358403684
0 0.22470978441127695 0.34804297774366844 0.008291873963515755 0.0283960092095165
0 0.36981757877280264 0.3557175748273216 0.00912106135986733 0.039140445126630855
0 0.21434494195688225 0.5859554873369148 0.008291873963515755 0.03300076745970836
0 0.711028192371476 0.3461243284727552 0.017412935323383085 0.01841903300076746
0 0.3310530679933665 0.34804297774366844 0.007048092868988391 0.0422102839600921
0 0.8370646766169154 0.10897927858787414 0.00912106135986733 0.03223330775134305
0 0.5410447761194029 0.8434382194934766 0.015754560530679935 0.023023791250959325
0 0.6115257048092869 0.34190330007674596 0.013266998341625208 0.02686108979278588
0 0.1884328358208955 0.3511128165771297 0.01285240464344942 0.02072141212586339
0 0.2696932006633499 0.34228702993092863 0.011194029850746268 0.02916346891788181
0 0.10883084577114428 0.5752110514198004 0.01285240464344942 0.02686108979278588
0 0.480514096185738 0.0997697620874904 0.014096185737976783 0.024558710667689946
0 0.25393864013267 0.11051419800460476 0.0203150912106136 0.01841903300076746
0 0.351575456053068 0.10168841135840369 0.01990049751243781 0.022256331542594012
0 0.703150912106136 0.6062931696085956 0.014925373134328358 0.02762854950115119
0 0.6071724709784412 0.11243284727551804 0.027777777777777776 0.02686108979278588
0 0.7953980099502488 0.3534151957022256 0.011194029850746268 0.04067536454336147
0 0.8615257048092869 0.3537989255564083 0.011608623548922056 0.02916346891788181
0 0.4552238805970149 0.35072908672294706 0.01077943615257048 0.03837298541826554
0 0.7396351575456053 0.35303146584804296 0.01824212271973466 0.03837298541826554
0 0.33043117744610284 0.09785111281657713 0.012437810945273632 0.03760552570990023
0 0.822139303482587 0.10744435917114352 0.011608623548922056 0.03069838833461243
0 0.9116915422885572 0.6028396009209517 0.012437810945273632 0.04067536454336147
0 0.41500829187396354 0.10130468150422103 0.01077943615257048 0.03837298541826554
0 0.8625621890547264 0.11051419800460476 0.019485903814262025 0.021488871834228703
0 0.8928275290215588 0.5932463545663853 0.0203150912106136 0.021488871834228703
0 0.33934494195688225 0.5886415963161934 0.00538971807628524 0.039907904834996163
0 0.4342868988391376 0.3503453568687644 0.007048092868988391 0.0422102839600921
0 0.1546434494195688 0.5886415963161934 0.009950248756218905 0.03683806600153492
0 0.29249585406301826 0.09708365310821182 0.01451077943615257 0.02072141212586339
0 0.8434908789386402 0.5859554873369148 0.01616915422885572 0.029930928626247123
0 0.42143449419568824 0.5943975441289332 0.01782752902155887 0.02532617037605526
0 0.8399668325041459 0.8503453568687643 0.01990049751243781 0.015349194167306216
0 0.8953150912106136 0.3595548733691481 0.015339966832504145 0.014581734458940905
0 0.15443615257048093 0.09900230237912509 0.013681592039800995 0.03376822716807368
0 0.6301824212271974 0.35303146584804296 0.014925373134328358 0.03223330775134305
0 0.863391376451078 0.5990023023791251 0.016998341625207296 0.023791250959324637
0 0.7794361525704809 0.10015349194167306 0.01077943615257048 0.029930928626247123
0 0.49834162520729686 0.34957789716039905 0.011608623548922056 0.029930928626247123
0 0.47699004975124376 0.3499616270145817 0.018656716417910446 0.026093630084420567
0 0.08043117744610281 0.11128165771297006 0.013266998341625208 0.02916346891788181
0 0.8818407960199005 0.0997697620874904 0.011608623548922056 0.03069838833461243
0 0.4098258706467662 0.35072908672294706 0.0236318407960199 0.035303146584804296
0 0.310530679933665 0.34804297774366844 0.017412935323383085 0.0283960092095165
0 0.2873134328358209 0.3503453568687644 0.015754560530679935 0.03300076745970836
0 0.7367330016583747 0.10130468150422103 0.014096185737976783 0.023023791250959325
0 0.6475953565505804 0.10283960092095165 0.029850746268656716 0.03223330775134305
0 0.5221807628524047 0.10015349194167306 0.018656716417910446 0.02532617037605526
0 0.7672056384742952 0.3511128165771297 0.02529021558872305 0.029930928626247123
0 0.3716832504145937 0.10130468150422103 0.02197346600331675 0.03223330775134305
0 0.2640961857379768 0.837298541826554 0.0041459369817578775 0.019953952417498082
0 0.6927860696517413 0.1032233307751343 0.014096185737976783 0.013046815042210284
0 0.9087893864013267 0.3553338449731389 0.014925373134328358 0.015349194167306216
0 0.2595356550580431 0.5859554873369148 0.009950248756218905 0.02532617037605526
0 0.3061774461028192 0.8403683806600154 0.008706467661691543 0.013814274750575594
0 0.4790630182421227 0.8361473522640062 0.013681592039800995 0.017651573292402148
0 0.5035240464344942 0.837298541826554 0.01285240464344942 0.013814274750575594
0 0.8930348258706468 0.8434382194934766 0.013266998341625208 0.012279355333844973
