0 0.04831320283215327 0.08391337973704563 0.004164931278633903 0.040989945862335654
0 0.05789254477301124 0.09551430781129157 0.007496876301541024 0.06419180201082754
0 0.06799250312369846 0.09783449342614076 0.006039150354019159 0.04408352668213457
0 0.08548521449396085 0.09319412219644238 0.00812161599333611 0.03634957463263728
0 0.09683465222823823 0.0920340293890178 0.012494793835901708 0.038669760247486466
0 0.11505622657226156 0.09976798143851508 0.006039150354019159 0.05723124516627997
0 0.13369429404414826 0.09822119102861562 0.009579341940857976 0.04640371229698376
0 0.15493544356518119 0.09783449342614076 0.009162848812994586 0.040989945862335654
0 0.16503540191586838 0.0920340293890178 0.00812161599333611 0.060324825986078884
0 0.17763431903373594 0.08468677494199536 0.018325697625989172 0.03789636504253674
0 0.19304456476468138 0.10092807424593968 0.01624323198667222 0.016241299303944315
0 0.2114743856726364 0.09860788863109049 0.017700957934194086 0.017788089713843776
0 0.25052061640982926 0.08700696055684455 0.009579341940857976 0.05491105955143078
0 0.26187005414410663 0.08468677494199536 0.009787588504789672 0.040989945862335654
0 0.28581840899625155 0.0951276102088167 0.014785506039150353 0.03557617942768755
0 0.2974802165764265 0.08584686774941995 0.011453561016243232 0.061871616395978345
0 0.30903790087463556 0.09435421500386698 0.010828821324448146 0.02165506573859242
0 0.34089962515618494 0.09860788863109049 0.004581424406497293 0.03480278422273782
0 0.3310079133694294 0.10711523588553751 0.009371095376926281 0.019334880123743233
0 0.31736776343190337 0.09358081979891725 0.007496876301541024 0.027842227378190254
0 0.3592253227821741 0.08932714617169374 0.012911286963765098 0.030162412993039442
0 0.36193252811328613 0.102861562258314 0.008329862557267805 0.03248259860788863
0 0.3807788421491045 0.10982211910286156 0.0068721366097459395 0.02165506573859242
0 0.3895251978342357 0.0831399845320959 0.0077051228654727195 0.05645784996133024
0 0.4022282382340691 0.09280742459396751 0.0085381091211995 0.06496519721577726
0 0.41211995002082463 0.0843000773395205 0.006247396917950854 0.037122969837587005
0 0.42242815493544356 0.0920340293890178 0.005622657226155768 0.05259087393658159
0 0.4437734277384423 0.1017014694508894 0.013744273219491879 0.030162412993039442
0 0.4568929612661391 0.10402165506573859 0.009579341940857976 0.02242846094354215
0 0.4833402748854644 0.1105955143078113 0.009162848812994586 0.017014694508894045
0 0.49396084964598086 0.08507347254447023 0.010412328196584756 0.03557617942768755
0 0.514993752603082 0.1334106728538283 0.012494793835901708 0.03944315545243619
0 0.5271761765930862 0.09396751740139211 0.01020408163265306 0.050270688321732405
0 0.5398792169929196 0.10518174787316319 0.012703040399833403 0.020108275328692964
0 0.552582257392753 0.0897138437741686 0.0068721366097459395 0.03402938901778809
0 0.5628904623073719 0.09744779582366589 0.009162848812994586 0.05259087393658159
0 0.5713244481466055 0.11948955916473318 0.0085381091211995 0.04563031709203403
0 0.5848604748021657 0.1017014694508894 0.0085381091211995 0.02088167053364269
0 0.5962099125364432 0.09976798143851508 0.006663890045814244 0.027842227378190254
0 0.6056851311953353 0.09667440061871617 0.004789670970428988 0.05259087393658159
0 0.6204706372344856 0.1017014694508894 0.011037067888379841 0.04563031709203403
0 0.6431695127030403 0.10788863109048724 0.0068721366097459395 0.048723897911832945
0 0.6631611828404831 0.09860788863109049 0.005206164098292378 0.05645784996133024
0 0.6729487713452728 0.10131477184841454 0.0085381091211995 0.02165506573859242
0 0.6875260308204915 0.10092807424593968 0.004373177842565598 0.06264501160092807
0 0.6979383590170762 0.09590100541376644 0.007288629737609329 0.02165506573859242
0 0.7133486047480216 0.1136890951276102 0.013536026655560184 0.01082753286929621
0 0.7347980008329863 0.08932714617169374 0.0068721366097459395 0.040989945862335654
0 0.7437526030820492 0.09280742459396751 0.00812161599333611 0.03557617942768755
0 0.7552061640982923 0.09976798143851508 0.005622657226155768 0.04949729311678268
0 0.7662432319866722 0.10247486465583913 0.004373177842565598 0.050270688321732405
0 0.7758225739275302 0.11252900232018562 0.003123698458975427 0.04408352668213457
0 0.7924822990420658 0.102861562258314 0.00812161599333611 0.026295436968290797
0 0.8004997917534361 0.10672853828306264 0.007913369429404415 0.038669760247486466
0 0.8130987088713036 0.09899458623356536 0.0085381091211995 0.017014694508894045
0 0.8213244481466055 0.10247486465583913 0.013327780091628489 0.03789636504253674
0 0.8378800499791753 0.10672853828306264 0.011453561016243232 0.02320185614849188
0 0.8564139941690962 0.10672853828306264 0.009787588504789672 0.02320185614849188
0 0.869533527696793 0.1148491879350348 0.0068721366097459395 0.02242846094354215
0 0.8823406913785923 0.10556844547563805 0.009579341940857976 0.027068832173240527
0 0.892128279883382 0.11214230471771075 0.007913369429404415 0.060324825986078884
0 0.9148271553519367 0.10866202629543696 0.009995835068721367 0.05491105955143078
0 0.9471053727613494 0.0920340293890178 0.007080383173677634 0.017014694508894045
0 0.9642857142857143 0.11562258313998454 0.013952519783423574 0.02397525135344161
0 0.9729279466888796 0.10324825986078887 0.011245314452311536 0.016241299303944315
0 0.0490420658059142 0.34532095901005416 0.011453561016243232 0.019334880123743233
0 0.06247396917950854 0.3491879350348028 0.009995835068721367 0.033255993812838364
0 0.07798833819241982 0.34725444702242847 0.005622657226155768 0.04176334106728538
0 0.09121199500208246 0.34300077339520496 0.007496876301541024 0.03944315545243619
0 0.10141607663473552 0.3518948182521268 0.009162848812994586 0.037122969837587005
0 0.113390254060808 0.3395204949729312 0.0077051228654727195 0.04331013147718484
0 0.12401082882132444 0.33642691415313225 0.004373177842565598 0.04949729311678268
0 0.17263640149937526 0.34725444702242847 0.009579341940857976 0.04795050270688322
0 0.18252811328613078 0.3476411446249033 0.003956684714702207 0.03789636504253674
0 0.1950229071220325 0.34493426140757927 0.006039150354019159 0.037122969837587005
0 0.20637234485630987 0.3433874709976798 0.005414410662224073 0.05259087393658159
0 0.22938359017076218 0.33178654292343385 0.00812161599333611 0.03557617942768755
0 0.24125364431486881 0.34300077339520496 0.00812161599333611 0.013147718484145398
0 0.2535401915868388 0.35073472544470224 0.01062057476051645 0.02242846094354215
0 0.2639525197834236 0.34454756380510443 0.005622657226155768 0.05491105955143078
0 0.273219491878384 0.34300077339520496 0.0049979175343606835 0.048723897911832945
0 0.28644314868804666 0.351508120649652 0.0027072053311120365 0.050270688321732405
0 0.29852144939608494 0.34957463263727767 0.0077051228654727195 0.04176334106728538
0 0.32299042065805916 0.3534416086620263 0.014993752603082049 0.013921113689095127
0 0.3461057892544773 0.35962877030162416 0.007913369429404415 0.05259087393658159
0 0.35693461057892545 0.35846867749419953 0.004164931278633903 0.06109822119102862
0 0.37182423990004165 0.33023975251353443 0.006039150354019159 0.03402938901778809
0 0.3814035818408996 0.35266821345707655 0.005622657226155768 0.05723124516627997
0 0.39441899208663056 0.3534416086620263 0.006663890045814244 0.05723124516627997
0 0.4054560599750104 0.34648105181747874 0.0058309037900874635 0.061871616395978345
0 0.41722199083715117 0.3623356535189482 0.014785506039150353 0.025522041763341066
0 0.4310703873386089 0.34454756380510443 0.0058309037900874635 0.050270688321732405
0 0.44054560599750103 0.36078886310904873 0.011870054144106622 0.04563031709203403
0 0.45699708454810495 0.34532095901005416 0.012703040399833403 0.02088167053364269
0 0.4611620158267389 0.3480278422273782 0.0068721366097459395 0.04331013147718484
0 0.47386505622657227 0.3480278422273782 0.003956684714702207 0.04331013147718484
0 0.48854643898375677 0.3491879350348028 0.006247396917950854 0.03480278422273782
0 0.4963556851311953 0.3588553750966744 0.013119533527696793 0.038669760247486466
0 0.5066638900458142 0.3623356535189482 0.014993752603082049 0.03944315545243619
0 0.5201999167013744 0.36388244392884767 0.0058309037900874635 0.033255993812838364
0 0.5414410662224073 0.354215003866976 0.009995835068721367 0.037122969837587005
0 0.5515410245730945 0.3503480278422274 0.005206164098292378 0.04021655065738593
0 0.5777800916284881 0.34648105181747874 0.007288629737609329 0.029389017788089715
0 0.6001665972511454 0.3534416086620263 0.011661807580174927 0.017014694508894045
0 0.6127655143690129 0.3546017014694509 0.0068721366097459395 0.03944315545243619
0 0.6249479383590171 0.3491879350348028 0.0049979175343606835 0.05491105955143078
0 0.6324448146605581 0.34957463263727767 0.008746355685131196 0.02320185614849188
0 0.6672219908371512 0.345707656612529 0.005414410662224073 0.061871616395978345
0 0.6810703873386089 0.35730858468677495 0.006455643481882549 0.038669760247486466
0 0.6929404414827155 0.36310904872389793 0.013536026655560184 0.033255993812838364
0 0.7366722199083715 0.35266821345707655 0.009787588504789672 0.020108275328692964
0 0.7516659725114535 0.35692188708430006 0.006455643481882549 0.025522041763341066
0 0.7681174510620574 0.3623356535189482 0.014369012911286963 0.0317092034029389
0 0.7993544356518117 0.3623356535189482 0.00895460224906289 0.019334880123743233
0 0.8069554352353187 0.3662026295436968 0.012078300708038317 0.03480278422273782
0 0.8206997084548106 0.3437741686001547 0.011245314452311536 0.03480278422273782
0 0.8414202415660141 0.3561484918793503 0.01020408163265306 0.03944315545243619
0 0.8622448979591837 0.35924207269914926 0.020199916701374426 0.03789636504253674
0 0.8740108288213244 0.3433874709976798 0.007496876301541024 0.05259087393658159
0 0.8958767180341525 0.3522815158546017 0.006247396917950854 0.051817478731631866
0 0.9426280716368179 0.3619489559164733 0.005206164098292378 0.05723124516627997
0 0.9215951686797168 0.3379737045630317 0.009371095376926281 0.02165506573859242
0 0.9306538942107455 0.3503480278422274 0.01582673885880883 0.009280742459396751
0 0.9684506455643482 0.3491879350348028 0.00812161599333611 0.042536736272235115
0 0.04581424406497293 0.5931941221964424 0.009579341940857976 0.04949729311678268
0 0.05695543523531862 0.5877803557617943 0.003540191586838817 0.05259087393658159
0 0.0807996668054977 0.5997679814385151 0.013744273219491879 0.06109822119102862
0 0.09277384423157017 0.597061098221191 0.016034985422740525 0.015467904098994586
0 0.11234902124114952 0.5931941221964424 0.004789670970428988 0.04021655065738593
0 0.1405664306538942 0.6036349574632637 0.006247396917950854 0.048723897911832945
0 0.15222823823406914 0.5955143078112916 0.0058309037900874635 0.04640371229698376
0 0.16409829237817575 0.6098221191028615 0.010412328196584756 0.05955143078112916
0 0.1749271137026239 0.5959010054137664 0.008329862557267805 0.02397525135344161
0 0.18710953769262806 0.5955143078112916 0.00895460224906289 0.01237432327919567
0 0.19804248229904206 0.6009280742459396 0.007080383173677634 0.04021655065738593
0 0.2094960433152853 0.5916473317865429 0.004581424406497293 0.017014694508894045
0 0.23302790503956686 0.602861562258314 0.009579341940857976 0.03480278422273782
0 0.2178259058725531 0.61446249033256 0.0049979175343606835 0.033255993812838364
0 0.25395668471470223 0.6071152358855375 0.004789670970428988 0.018561484918793503
0 0.26634735526863806 0.6044083526682135 0.010828821324448146 0.01160092807424594
0 0.3093502707205331 0.5955143078112916 0.009787588504789672 0.04795050270688322
0 0.335381091211995 0.6044083526682135 0.018950437317784258 0.03789636504253674
0 0.35079133694294046 0.5904872389791184 0.011453561016243232 0.02397525135344161
0 0.38473552686380674 0.5989945862335654 0.00895460224906289 0.06419180201082754
0 0.3951478550603915 0.6094354215003867 0.004789670970428988 0.04331013147718484
0 0.41930445647646813 0.6059551430781129 0.011037067888379841 0.051817478731631866
0 0.4317992503123698 0.5955143078112916 0.004789670970428988 0.060324825986078884
0 0.44012911286963763 0.6140757927300851 0.004373177842565598 0.02474864655839134
0 0.45699708454810495 0.5893271461716937 0.005622657226155768 0.026295436968290797
0 0.46595168679716786 0.5928074245939675 0.005206164098292378 0.02242846094354215
0 0.48042482299042066 0.5955143078112916 0.006663890045814244 0.03402938901778809
0 0.4894835485214494 0.6082753286929621 0.005206164098292378 0.05645784996133024
0 0.5032278217409413 0.5924207269914926 0.014785506039150353 0.02474864655839134
0 0.5335276967930029 0.5997679814385151 0.009162848812994586 0.048723897911832945
0 0.5502915451895044 0.591260634184068 0.006455643481882549 0.03789636504253674
0 0.5565389421074552 0.608662026295437 0.01062057476051645 0.03557617942768755
0 0.5712203248646397 0.6109822119102861 0.009995835068721367 0.03557617942768755
0 0.6023531861724282 0.6024748646558391 0.004373177842565598 0.04795050270688322
0 0.5910037484381507 0.6051817478731631 0.012494793835901708 0.04408352668213457
0 0.5815285297792586 0.5959010054137664 0.004789670970428988 0.013147718484145398
0 0.6296334860474803 0.6075019334880124 0.014785506039150353 0.028615622583139984
0 0.6394210745522699 0.608662026295437 0.006455643481882549 0.03248259860788863
0 0.6625364431486881 0.6013147718484145 0.0077051228654727195 0.051817478731631866
0 0.6823198667221991 0.6032482598607889 0.0077051228654727195 0.018561484918793503
0 0.6979383590170762 0.6017014694508894 0.00812161599333611 0.04176334106728538
0 0.7435443565181175 0.5726991492652745 0.00812161599333611 0.04563031709203403
0 0.7638483965014577 0.6051817478731631 0.01624323198667222 0.02088167053364269
0 0.777384423157018 0.6013147718484145 0.011661807580174927 0.014694508894044857
0 0.7859225322782174 0.5843000773395205 0.007496876301541024 0.04408352668213457
0 0.8022698875468555 0.5997679814385151 0.01020408163265306 0.03789636504253674
0 0.8359017076218243 0.605568445475638 0.009162848812994586 0.04795050270688322
0 0.8193461057892545 0.5846867749419954 0.003956684714702207 0.030935808197989172
0 0.8518325697625989 0.6059551430781129 0.011037067888379841 0.008507347254447023
0 0.8448563098708871 0.6078886310904872 0.008746355685131196 0.018561484918793503
0 0.8630778842149105 0.5982211910286156 0.01020408163265306 0.01160092807424594
0 0.874323198667222 0.5997679814385151 0.011870054144106622 0.01160092807424594
0 0.8910870470637234 0.5959010054137664 0.008746355685131196 0.05955143078112916
0 0.8947313619325281 0.5931941221964424 0.013119533527696793 0.03557617942768755
0 0.9067055393586005 0.5908739365815932 0.012911286963765098 0.030935808197989172
0 0.9243023740108288 0.6090487238979119 0.00812161599333611 0.05491105955143078
0 0.9366930445647647 0.594354215003867 0.010412328196584756 0.05645784996133024
0 0.9427321949187838 0.5897138437741686 0.015410245730945439 0.028615622583139984
0 0.9566847147022074 0.5947409126063419 0.010412328196584756 0.02165506573859242
0 0.9738650562265723 0.5854601701469451 0.018533944189920867 0.04795050270688322
0 0.045397750937109536 0.839907192575406 0.006247396917950854 0.054137664346481054
0 0.05903790087463557 0.8476411446249034 0.009787588504789672 0.06496519721577726
0 0.07569762598917118 0.8426140757927301 0.014369012911286963 0.019334880123743233
0 0.09339858392336527 0.8414539829853055 0.00812161599333611 0.013921113689095127
0 0.10974593919200333 0.8437741686001546 0.007496876301541024 0.0448569218870843
0 0.12775926697209497 0.8279195668986852 0.013952519783423574 0.050270688321732405
0 0.13910870470637235 0.8530549110595514 0.009579341940857976 0.01237432327919567
0 0.15399833402748855 0.843000773395205 0.013119533527696793 0.029389017788089715
0 0.17700957934194086 0.8553750966744006 0.009995835068721367 0.03402938901778809
0 0.1872136609745939 0.8468677494199536 0.007080383173677634 0.026295436968290797
0 0.20043731778425655 0.8368136117556071 0.009787588504789672 0.05723124516627997
0 0.21209912536443148 0.834106728538283 0.0068721366097459395 0.06109822119102862
0 0.22646813827571846 0.8526682134570766 0.013952519783423574 0.03480278422273782
0 0.23865056226572262 0.8325599381283836 0.009579341940857976 0.05491105955143078
0 0.24770928779675136 0.8522815158546017 0.005622657226155768 0.04640371229698376
0 0.25843398583923366 0.8480278422273781 0.010412328196584756 0.042536736272235115
0 0.26978342357351104 0.8283062645011601 0.00895460224906289 0.03248259860788863
0 0.2825905872553103 0.8333333333333334 0.006247396917950854 0.05336426914153132
0 0.2936276551436901 0.8476411446249034 0.0058309037900874635 0.04795050270688322
0 0.3145564348188255 0.8310131477184841 0.004789670970428988 0.027068832173240527
0 0.33132028321532697 0.848414539829853 0.005414410662224073 0.04021655065738593
0 0.3423573511037068 0.8488012374323279 0.012494793835901708 0.027068832173240527
0 0.35443565181174513 0.8391337973704563 0.006663890045814244 0.0448569218870843
0 0.3631820074968763 0.8414539829853055 0.008329862557267805 0.04021655065738593
0 0.3792169929196168 0.8406805877803558 0.012494793835901708 0.020108275328692964
0 0.3993127863390254 0.8360402165506574 0.007288629737609329 0.038669760247486466
0 0.42399000416493127 0.8344934261407579 0.013327780091628489 0.03557617942768755
0 0.4360683048729696 0.8414539829853055 0.007496876301541024 0.03402938901778809
0 0.4459600166597251 0.8395204949729311 0.0027072053311120365 0.042536736272235115
0 0.4627238650562266 0.8383604021655066 0.014993752603082049 0.03402938901778809
0 0.4688671386922116 0.848414539829853 0.013952519783423574 0.04021655065738593
0 0.47886297376093295 0.8468677494199536 0.007288629737609329 0.04640371229698376
0 0.4878175760099958 0.8476411446249034 0.014785506039150353 0.05259087393658159
0 0.5017700957934194 0.8379737045630317 0.011037067888379841 0.040989945862335654
0 0.5181174510620574 0.8491879350348028 0.022490628904623073 0.017014694508894045
0 0.5247813411078717 0.8402938901778809 0.007080383173677634 0.050270688321732405
0 0.5364431486880467 0.8460943542150039 0.006247396917950854 0.029389017788089715
0 0.5508121615993337 0.8534416086620263 0.019575177009579343 0.02397525135344161
0 0.5658059142024157 0.8503480278422274 0.007913369429404415 0.05336426914153132
0 0.5791336942940442 0.8576952822892498 0.012494793835901708 0.0448569218870843
0 0.592877967513536 0.8375870069605569 0.011245314452311536 0.03248259860788863
0 0.6055810079133694 0.845707656612529 0.006663890045814244 0.06264501160092807
0 0.6196376509787589 0.8391337973704563 0.00895460224906289 0.05877803557617943
0 0.6309870887130362 0.8495746326372776 0.004581424406497293 0.03789636504253674
0 0.6429612661391088 0.8414539829853055 0.009787588504789672 0.05259087393658159
0 0.6660766347355269 0.8383604021655066 0.009787588504789672 0.027842227378190254
0 0.6748229904206581 0.8654292343387471 0.016451478550603915 0.030935808197989172
0 0.6884631403581841 0.843000773395205 0.008746355685131196 0.04021655065738593
0 0.7111620158267389 0.845707656612529 0.008329862557267805 0.06419180201082754
0 0.721366097459392 0.8499613302397525 0.017076218242399 0.02165506573859242
0 0.7333402748854644 0.8549883990719258 0.013119533527696793 0.019334880123743233
0 0.7433361099541858 0.8464810518174787 0.009371095376926281 0.05336426914153132
0 0.7662432319866722 0.843000773395205 0.011870054144106622 0.0448569218870843
0 0.7790503956684715 0.8445475638051044 0.009162848812994586 0.03557617942768755
0 0.7880049979175343 0.8387470997679815 0.003331945022907122 0.048723897911832945
0 0.7992503123698459 0.8596287703016241 0.011245314452311536 0.03789636504253674
0 0.8125780924614744 0.8491879350348028 0.007080383173677634 0.05104408352668213
0 0.8231986672219909 0.8418406805877804 0.008746355685131196 0.02088167053364269
0 0.8323615160349854 0.8460943542150039 0.004164931278633903 0.04640371229698376
0 0.8469387755102041 0.8395204949729311 0.007496876301541024 0.033255993812838364
0 0.8553727613494377 0.8464810518174787 0.012703040399833403 0.019334880123743233
0 0.8774468971261974 0.8352668213457076 0.01020408163265306 0.05104408352668213
0 0.8926488962932112 0.8445475638051044 0.012286547271970013 0.01082753286929621
0 0.9256559766763849 0.8321732405259087 0.011245314452311536 0.026295436968290797
0 0.9359641815910037 0.8453209590100541 0.015201999167013744 0.027842227378190254
0 0.9488754685547689 0.8488012374323279 0.009371095376926281 0.02088167053364269
0 0.9695960016659725 0.8414539829853055 0.014993752603082049 0.02474864655839134
