0 0.6189390799834231 0.7155525238744884 0.0045586406962287605 0.020463847203274217
0 0.850808122668877 0.2646657571623465 0.012432656444260257 0.021828103683492497
0 0.3311230832987982 0.6903137789904502 0.003315375051802735 0.04911323328785812
0 0.8487360132615002 0.7162346521145976 0.0074595938665561546 0.02455661664392906
0 0.4964774140074596 0.7114597544338336 0.00663075010360547 0.036834924965893585
0 0.9461251554082055 0.25648021828103684 0.004144218814753419 0.019099590723055934
0 0.7482387070037297 0.2551159618008186 0.007874015748031496 0.04638472032742155
0 0.643597181931206 0.6971350613915416 0.011603812681309573 0.02455661664392906
0 0.2762121840033154 0.25170532060027284 0.013675922088686282 0.036834924965893585
0 0.29403232490675507 0.6821282401091405 0.012018234562784915 0.05184174624829468
0 0.1904268545379196 0.6923601637107776 0.012018234562784915 0.023192360163710776
0 0.31081641110650643 0.6725784447476125 0.009117281392457521 0.04911323328785812
0 0.8253211769581434 0.703956343792633 0.0128470783257356 0.019099590723055934
0 0.7196435971819312 0.7032742155525239 0.0128470783257356 0.020463847203274217
0 0.39722337339411523 0.26330150068212826 0.0128470783257356 0.05184174624829468
0 0.8097803564028181 0.2626193724420191 0.004973062577704103 0.020463847203274217
0 0.7704102776626606 0.24829467939972716 0.008288437629506838 0.03274215552523874
0 0.5841276419394944 0.2598908594815825 0.010360547036883548 0.03137789904502047
0 0.4135930377123912 0.699181446111869 0.008288437629506838 0.0286493860845839
0 0.8924575217571488 0.2578444747612551 0.0045586406962287605 0.027285129604365622
0 0.29589722337339414 0.2646657571623465 0.014919187733112309 0.02455661664392906
0 0.16742644011603813 0.6930422919508867 0.01077496891835889 0.030013642564802184
0 0.4728553667633651 0.6950886766712142 0.012432656444260257 0.023192360163710776
0 0.6257770410277662 0.2646657571623465 0.004973062577704103 0.04638472032742155
0 0.1276419394944053 0.6930422919508867 0.00663075010360547 0.0572987721691678
0 0.7921674264401161 0.2544338335607094 0.010360547036883548 0.034106412005457026
0 0.7268959801077497 0.26671214188267395 0.009117281392457521 0.047748976807639835
0 0.08619975134687112 0.6923601637107776 0.011603812681309573 0.036834924965893585
0 0.5422710319104849 0.25170532060027284 0.012018234562784915 0.02592087312414734
0 0.3791960215499378 0.6950886766712142 0.009117281392457521 0.023192360163710776
0 0.25134687111479487 0.6473396998635743 0.0045586406962287605 0.04229195088676671
0 0.7397430584334853 0.6978171896316507 0.01326150020721094 0.036834924965893585
0 0.873394115209283 0.2551159618008186 0.005387484459179445 0.06275579809004093
0 0.2339411520928305 0.7100954979536153 0.007045171985080812 0.02592087312414734
0 0.5986324077911314 0.7012278308321964 0.010360547036883548 0.03274215552523874
0 0.7865727310401989 0.6855388813096862 0.011603812681309573 0.05320600272851296
0 0.9334852880232076 0.2544338335607094 0.01118939079983423 0.034106412005457026
0 0.45710733526730213 0.6909959072305594 0.012432656444260257 0.045020463847203276
0 0.15147119767923747 0.6957708049113234 0.014504765851636967 0.04911323328785812
0 0.3785743887277248 0.2503410641200546 0.009531703273932863 0.03956343792633015
0 0.6065064235391628 0.2626193724420191 0.01947782842934107 0.03956343792633015
0 0.2666804807293825 0.6923601637107776 0.009531703273932863 0.015006821282401092
0 0.5808122668876917 0.7025920873124147 0.0128470783257356 0.030013642564802184
0 0.11044343141317861 0.684856753069577 0.014504765851636967 0.030013642564802184
0 0.6626605884790717 0.24693042291950887 0.015748031496062992 0.03819918144611187
0 0.6864898466639039 0.2489768076398363 0.007874015748031496 0.06412005457025921
0 0.806672192291753 0.7073669849931787 0.007045171985080812 0.061391541609822645
0 0.5397845006216329 0.7162346521145976 0.01118939079983423 0.054570259208731244
0 0.5627849150435142 0.2503410641200546 0.012432656444260257 0.036834924965893585
0 0.3607542478242851 0.2421555252387449 0.009531703273932863 0.04229195088676671
0 0.9189805221715707 0.7298772169167803 0.010360547036883548 0.019099590723055934
0 0.483008702859511 0.23942701227830832 0.01533360961458765 0.03137789904502047
0 0.7668876916701202 0.6916780354706685 0.010360547036883548 0.0572987721691678
0 0.8356817239950269 0.24556616643929058 0.014504765851636967 0.04911323328785812
0 0.9123497720679652 0.25375170532060026 0.014504765851636967 0.06275579809004093
0 0.2088686282635723 0.6855388813096862 0.0074595938665561546 0.036834924965893585
0 0.15312888520513884 0.24624829467939974 0.006216328222130129 0.0286493860845839
0 0.6989225031081641 0.7251023192360164 0.006216328222130129 0.0286493860845839
0 0.5221715706589308 0.2373806275579809 0.01326150020721094 0.06002728512960437
0 0.5051802735184417 0.24488403819918145 0.012432656444260257 0.02592087312414734
0 0.5134687111479486 0.732605729877217 0.019063406547865726 0.07094133697135062
0 0.07791131371736428 0.2598908594815825 0.004973062577704103 0.017735334242837655
0 0.09801077496891836 0.24624829467939974 0.007045171985080812 0.0286493860845839
0 0.1141732283464567 0.24147339699863574 0.007045171985080812 0.02455661664392906
0 0.12681309573145463 0.24488403819918145 0.005801906340654786 0.023192360163710776
0 0.13862411935350186 0.27216916780354705 0.006216328222130129 0.0286493860845839
0 0.6392457521757149 0.27489768076398363 0.007045171985080812 0.02592087312414734
0 0.1626605884790717 0.24624829467939974 0.007045171985080812 0.015006821282401092
0 0.17861583091587235 0.25648021828103684 0.0074595938665561546 0.027285129604365622
0 0.24430169912971406 0.22442019099590724 0.00870285951098218 0.061391541609822645
0 0.25279734769995854 0.24624829467939974 0.008288437629506838 0.02592087312414734
0 0.26087857438872775 0.24829467939972716 0.006216328222130129 0.01637107776261937
0 0.32200580190634065 0.25102319236016374 0.00663075010360547 0.02455661664392906
0 0.33485288023207627 0.2551159618008186 0.004973062577704103 0.030013642564802184
0 0.9577289680895151 0.2646657571623465 0.009117281392457521 0.010914051841746248
0 0.35764608371322004 0.7060027285129604 0.00663075010360547 0.017735334242837655
