0 0.5851373855120733 0.8773291925465838 0.005412156536219817 0.023291925465838508
0 0.5720233139050791 0.6288819875776398 0.009991673605328892 0.007763975155279503
0 0.6609075770191507 0.6350931677018633 0.003746877601998335 0.023291925465838508
0 0.14446294754371358 0.6370341614906833 0.00832639467110741 0.019409937888198756
0 0.305578684429642 0.6343167701863354 0.01498751040799334 0.010869565217391304
0 0.06827643630308076 0.3967391304347826 0.005828476269775187 0.020186335403726708
0 0.3952955870108243 0.14285714285714285 0.0062447960033305576 0.023291925465838508
0 0.9288093255620317 0.8812111801242236 0.004995836802664446 0.020186335403726708
0 0.6061615320566195 0.8916925465838509 0.00749375520399667 0.010093167701863354
0 0.3259783513738551 0.6265527950310559 0.013322231473771857 0.010869565217391304
0 0.6465445462114904 0.3889751552795031 0.00749375520399667 0.010869565217391304
0 0.42173189009159034 0.6292701863354038 0.00832639467110741 0.013198757763975156
0 0.13259783513738552 0.14518633540372672 0.009575353871773521 0.024844720496894408
0 0.4148626144879267 0.15100931677018634 0.0062447960033305576 0.02872670807453416
0 0.2895503746877602 0.6319875776397516 0.011240632805995004 0.015527950310559006
0 0.26165695253955035 0.14596273291925466 0.011240632805995004 0.012422360248447204
0 0.4829308909242298 0.640139751552795 0.01582014987510408 0.011645962732919254
0 0.640924229808493 0.6459627329192547 0.004579517069109076 0.024844720496894408
0 0.8859283930058285 0.8823757763975155 0.00749375520399667 0.03493788819875776
0 0.06890091590341382 0.1420807453416149 0.012905911740216486 0.010869565217391304
0 0.9181931723563697 0.39906832298136646 0.011240632805995004 0.015527950310559006
0 0.9069525395503747 0.8800465838509317 0.012073272273105746 0.016304347826086956
0 0.7179433805162365 0.6261645962732919 0.010407993338884263 0.03804347826086957
0 0.2926727726894255 0.14169254658385094 0.009991673605328892 0.016304347826086956
0 0.7075353871773522 0.13664596273291926 0.017901748542880933 0.020186335403726708
0 0.08597002497918402 0.6366459627329193 0.005412156536219817 0.024844720496894408
0 0.6696502914238135 0.8843167701863354 0.01623646960865945 0.010869565217391304
0 0.37905911740216486 0.6350931677018633 0.009575353871773521 0.020186335403726708
0 0.8703164029975021 0.8773291925465838 0.012905911740216486 0.020186335403726708
0 0.7681099084096586 0.6393633540372671 0.00832639467110741 0.019409937888198756
0 0.6842214820982515 0.6354813664596274 0.0062447960033305576 0.03493788819875776
0 0.9065362198168193 0.38664596273291924 0.017901748542880933 0.018633540372670808
0 0.32722731057452126 0.8815993788819876 0.006661115736885929 0.036490683229813664
0 0.8438800999167361 0.1347049689440994 0.010824313072439634 0.03804347826086957
0 0.6946294754371357 0.40062111801242234 0.00791007493755204 0.024844720496894408
0 0.8032889258950874 0.8916925465838509 0.008742714404662781 0.014751552795031056
0 0.7783097418817652 0.39906832298136646 0.01623646960865945 0.021739130434782608
0 0.7502081598667777 0.6374223602484472 0.012489592006661115 0.023291925465838508
0 0.09054954204829309 0.1420807453416149 0.01706910907577019 0.013975155279503106
0 0.24271440466278102 0.15993788819875776 0.00749375520399667 0.021739130434782608
0 0.2218984179850125 0.3932453416149068 0.00749375520399667 0.03183229813664596
0 0.8834304746044963 0.3920807453416149 0.02414654454621149 0.009316770186335404
0 0.17298084929225646 0.38975155279503104 0.007077435470441299 0.021739130434782608
0 0.6917152373022482 0.13858695652173914 0.01623646960865945 0.013198757763975156
0 0.15341382181515403 0.38392857142857145 0.009575353871773521 0.02096273291925466
0 0.16028309741881766 0.8878105590062112 0.017485428809325562 0.02562111801242236
0 0.16860949208992507 0.6447981366459627 0.009991673605328892 0.02096273291925466
0 0.1101165695253955 0.14402173913043478 0.00791007493755204 0.02251552795031056
0 0.35366361365528726 0.15256211180124224 0.009575353871773521 0.02251552795031056
0 0.4535803497085762 0.6273291925465838 0.009575353871773521 0.037267080745341616
0 0.779766860949209 0.13121118012422361 0.00749375520399667 0.031055900621118012
0 0.6298917568692756 0.8800465838509317 0.01582014987510408 0.02251552795031056
0 0.8020399666944213 0.14285714285714285 0.008742714404662781 0.026397515527950312
0 0.30745212323064114 0.890527950310559 0.017901748542880933 0.018633540372670808
0 0.2412572855953372 0.38548136645962733 0.012905911740216486 0.036490683229813664
0 0.1946294754371357 0.3920807453416149 0.013738551207327226 0.024844720496894408
0 0.6517485428809325 0.8800465838509317 0.009575353871773521 0.03183229813664596
0 0.7412572855953372 0.3936335403726708 0.011240632805995004 0.037267080745341616
0 0.8659450457951707 0.14363354037267081 0.020815986677768527 0.013975155279503106
0 0.7887177352206495 0.6358695652173914 0.007077435470441299 0.026397515527950312
0 0.13384679433805163 0.4052795031055901 0.008742714404662781 0.027950310559006212
0 0.10865945045795171 0.3870341614906832 0.010824313072439634 0.019409937888198756
0 0.6300999167360533 0.38509316770186336 0.00791007493755204 0.017080745341614908
0 0.8572023313905079 0.40023291925465837 0.017485428809325562 0.019409937888198756
0 0.8773938384679434 0.6343167701863354 0.014571190674437969 0.012422360248447204
0 0.5838884263114071 0.14402173913043478 0.017901748542880933 0.02717391304347826
0 0.1384263114071607 0.8893633540372671 0.017901748542880933 0.02717391304347826
0 0.7826810990840966 0.8889751552795031 0.011656952539550375 0.018633540372670808
0 0.5578684429641965 0.6230590062111802 0.006661115736885929 0.03493788819875776
0 0.268526228143214 0.8815993788819876 0.014154870940882597 0.03493788819875776
0 0.3713572023313905 0.8773291925465838 0.011656952539550375 0.043478260869565216
0 0.3900915903413822 0.39402173913043476 0.014154870940882597 0.011645962732919254
0 0.5122814321398834 0.6319875776397516 0.009575353871773521 0.023291925465838508
0 0.7310574521232306 0.13509316770186336 0.01498751040799334 0.017080745341614908
0 0.544338051623647 0.3878105590062112 0.019567027477102414 0.016304347826086956
0 0.3530391340549542 0.8815993788819876 0.014154870940882597 0.02096273291925466
0 0.09970857618651124 0.640916149068323 0.010407993338884263 0.02717391304347826
0 0.820774354704413 0.13858695652173914 0.007077435470441299 0.03493788819875776
0 0.19587843463780183 0.14402173913043478 0.010407993338884263 0.036490683229813664
0 0.8517901748542881 0.6362577639751553 0.02164862614487927 0.02406832298136646
0 0.8977935054121565 0.140527950310559 0.011240632805995004 0.018633540372670808
0 0.24188176519567028 0.8870341614906833 0.022481265611990008 0.02251552795031056
0 0.28476269775187346 0.3967391304347826 0.012489592006661115 0.012422360248447204
0 0.7266860949208993 0.8866459627329193 0.027893422148209824 0.013975155279503106
0 0.630932556203164 0.14246894409937888 0.012073272273105746 0.02717391304347826
0 0.2658201498751041 0.39285714285714285 0.019567027477102414 0.015527950310559006
0 0.5043713572023314 0.8792701863354038 0.012073272273105746 0.03493788819875776
0 0.3263946711074105 0.3967391304347826 0.018318068276436304 0.012422360248447204
0 0.832639467110741 0.6347049689440993 0.009159034138218152 0.04114906832298137
0 0.5027060782681099 0.14479813664596272 0.017901748542880933 0.03183229813664596
0 0.2273105745212323 0.15333850931677018 0.00749375520399667 0.019409937888198756
0 0.4789758534554538 0.8878105590062112 0.024562864279766863 0.017857142857142856
0 0.08971690258118235 0.40062111801242234 0.022064945878434637 0.013975155279503106
0 0.43255620316403 0.39402173913043476 0.00749375520399667 0.033385093167701864
0 0.6696502914238135 0.140527950310559 0.009575353871773521 0.03881987577639751
0 0.4379683597002498 0.889751552795031 0.01582014987510408 0.017080745341614908
0 0.5210241465445462 0.14169254658385094 0.01623646960865945 0.036490683229813664
0 0.9150707743547044 0.6385869565217391 0.013322231473771857 0.017857142857142856
0 0.4350541215653622 0.13819875776397517 0.00832639467110741 0.03260869565217391
0 0.17568692756036636 0.1347049689440994 0.01665278934221482 0.02251552795031056
0 0.15320566194837634 0.13975155279503104 0.018318068276436304 0.017080745341614908
0 0.8291007493755204 0.8874223602484472 0.03122398001665279 0.013975155279503106
0 0.29725228975853457 0.3769409937888199 0.013322231473771857 0.02096273291925466
0 0.920691090757702 0.1389751552795031 0.01623646960865945 0.026397515527950312
0 0.5174854288093256 0.3815993788819876 0.012489592006661115 0.014751552795031056
0 0.2885095753538718 0.8808229813664596 0.02164862614487927 0.030279503105590064
0 0.5622398001665279 0.39285714285714285 0.012905911740216486 0.021739130434782608
0 0.556203164029975 0.14324534161490685 0.019150707743547043 0.03493788819875776
0 0.4150707743547044 0.39479813664596275 0.01582014987510408 0.017857142857142856
0 0.8853039134054954 0.1482919254658385 0.007077435470441299 0.026397515527950312
0 0.32389675270607826 0.14130434782608695 0.019983347210657785 0.034161490683229816
0 0.8130724396336386 0.6242236024844721 0.02497918401332223 0.026397515527950312
0 0.6992089925062448 0.8757763975155279 0.014571190674437969 0.026397515527950312
0 0.6063696919233972 0.3932453416149068 0.012905911740216486 0.05512422360248447
0 0.46544546211490423 0.3889751552795031 0.02414654454621149 0.029503105590062112
0 0.7075353871773522 0.38548136645962733 0.015403830141548709 0.04580745341614907
0 0.09596169858451291 0.8823757763975155 0.0253955037468776 0.02872670807453416
0 0.3590757701915071 0.625388198757764 0.018734388009991675 0.039596273291925464
0 0.6097002497918401 0.14635093167701863 0.022064945878434637 0.033385093167701864
0 0.4760616153205662 0.14091614906832298 0.0253955037468776 0.02872670807453416
0 0.354496253122398 0.3893633540372671 0.033721898417985015 0.02406832298136646
0 0.20462114904246462 0.8975155279503105 0.004579517069109076 0.03881987577639751
0 0.49250624479600336 0.3823757763975155 0.025811823480432972 0.03493788819875776
0 0.582639467110741 0.390527950310559 0.01706910907577019 0.05434782608695652
0 0.3686511240632806 0.1502329192546584 0.010407993338884263 0.02717391304347826
0 0.5407993338884263 0.1471273291925466 0.010824313072439634 0.02251552795031056
0 0.7591590341382182 0.3893633540372671 0.014571190674437969 0.014751552795031056
0 0.1850541215653622 0.6277173913043478 0.017901748542880933 0.02562111801242236
0 0.7046211490424646 0.6300465838509317 0.009575353871773521 0.02251552795031056
0 0.21024146544546213 0.6529503105590062 0.00832639467110741 0.021739130434782608
0 0.2331390507910075 0.640139751552795 0.01665278934221482 0.016304347826086956
0 0.253955037468776 0.640916149068323 0.004995836802664446 0.02717391304347826
0 0.5947127393838468 0.6358695652173914 0.00791007493755204 0.009316770186335404
0 0.6163613655287261 0.6238354037267081 0.005412156536219817 0.02406832298136646
0 0.17735220649458786 0.8781055900621118 0.010824313072439634 0.024844720496894408
0 0.2175270607826811 0.8831521739130435 0.018734388009991675 0.017857142857142856
0 0.3982098251457119 0.8944099378881988 0.012905911740216486 0.017080745341614908
0 0.41715237302248126 0.8808229813664596 0.011656952539550375 0.036490683229813664
0 0.45545378850957535 0.8893633540372671 0.013322231473771857 0.013198757763975156
0 0.548293089092423 0.8885869565217391 0.012489592006661115 0.013198757763975156
0 0.5695253955037469 0.8784937888198758 0.011656952539550375 0.016304347826086956
