0 0.4292505592841163 0.13850415512465375 0.02181208053691275 0.0443213296398892
0 0.6879194630872483 0.6602031394275162 0.03243847874720358 0.038781163434903045
0 0.22343400447427292 0.9145891043397969 0.025167785234899327 0.048938134810710986
0 0.8238255033557047 0.9187442289935365 0.01901565995525727 0.06463527239150507
0 0.43596196868008946 0.6565096952908587 0.026286353467561523 0.03508771929824561
0 0.47371364653243847 0.40120036934441367 0.03691275167785235 0.04709141274238227
0 0.03551454138702461 0.9081255771006463 0.027404921700223715 0.032317636195752536
0 0.4935682326621924 0.9168975069252078 0.027404921700223715 0.03693444136657433
0 0.6157718120805369 0.9127423822714681 0.021252796420581657 0.02123730378578024
0 0.8215883668903803 0.6560480147737765 0.02796420581655481 0.04709141274238227
0 0.1040268456375839 0.39289012003693446 0.026845637583892617 0.06001846722068329
0 0.5254474272930649 0.14219759926131118 0.018456375838926176 0.06832871652816251
0 0.7239932885906041 0.65466297322253 0.03076062639821029 0.057248384118190214
0 0.47511185682326623 0.1440443213296399 0.031879194630872486 0.040627885503231764
0 0.4116331096196868 0.6611265004616805 0.020134228187919462 0.03693444136657433
0 0.9001677852348994 0.9168975069252078 0.015100671140939598 0.040627885503231764
0 0.6946308724832215 0.9192059095106186 0.012304250559284116 0.06001846722068329
0 0.8814317673378076 0.9113573407202216 0.024608501118568233 0.04247460757156048
0 0.5564876957494407 0.13388734995383195 0.02237136465324385 0.057248384118190214
0 0.4191834451901566 0.91735918744229 0.01621923937360179 0.05817174515235457
0 0.6647091722595079 0.65466297322253 0.012863534675615212 0.05909510618651893
0 0.9012863534675615 0.39704524469067404 0.0296420581655481 0.018467220683287166
0 0.19267337807606263 0.9192059095106186 0.019574944071588368 0.034164358264081256
0 0.25838926174496646 0.40766389658356417 0.03131991051454139 0.03785780240073869
0 0.44742729306487694 0.4067405355493998 0.039149888143176735 0.034164358264081256
0 0.16778523489932887 0.6551246537396122 0.03131991051454139 0.05263157894736842
0 0.8131991051454138 0.41089566020313945 0.024608501118568233 0.03139427516158818
0 0.9737136465324385 0.13988919667590027 0.029082774049217 0.036011080332409975
0 0.8475950782997763 0.65466297322253 0.015100671140939598 0.0332409972299169
0 0.3610178970917226 0.14450600184672208 0.025167785234899327 0.04155124653739612
0 0.7754474272930649 0.9215143120960295 0.01174496644295302 0.060941828254847646
0 0.3859060402684564 0.9095106186518929 0.0145413870246085 0.057248384118190214
0 0.28243847874720357 0.6555863342566943 0.026845637583892617 0.0332409972299169
0 0.15128635346756153 0.14450600184672208 0.03411633109619687 0.04339796860572484
0 0.9415548098434005 0.3975069252077562 0.024049217002237135 0.02123730378578024
0 0.9362416107382551 0.1348107109879963 0.021252796420581657 0.060941828254847646
0 0.11381431767337807 0.9030470914127424 0.018456375838926176 0.046168051708217916
0 0.23154362416107382 0.40581717451523547 0.025727069351230425 0.04155124653739612
0 0.08109619686800895 0.8988919667590027 0.016778523489932886 0.050784856879039705
0 0.8378076062639821 0.13434903047091412 0.0145413870246085 0.04709141274238227
0 0.7144854586129754 0.39519852262234534 0.03076062639821029 0.040627885503231764
0 0.6971476510067114 0.3975069252077562 0.015100671140939598 0.061865189289012
0 0.14038031319910516 0.9095106186518929 0.039149888143176735 0.0332409972299169
0 0.2860738255033557 0.909972299168975 0.012863534675615212 0.05632502308402586
0 0.5612416107382551 0.39658356417359186 0.024049217002237135 0.05263157894736842
0 0.4065995525727069 0.402123730378578 0.03243847874720358 0.04524469067405355
0 0.6814876957494407 0.14635272391505078 0.022930648769574943 0.02123730378578024
0 0.892337807606264 0.6431209602954755 0.01174496644295302 0.024930747922437674
0 0.7737695749440716 0.15004616805170823 0.025167785234899327 0.03970452446906741
0 0.6683445190156599 0.4048938134810711 0.02348993288590604 0.024930747922437674
0 0.5341163310961968 0.6611265004616805 0.016778523489932886 0.055401662049861494
0 0.1644295302013423 0.9159741458910434 0.03803131991051454 0.024007386888273315
0 0.284675615212528 0.3975069252077562 0.02796420581655481 0.02677746999076639
0 0.3193512304250559 0.13619575253924285 0.03467561521252797 0.032317636195752536
0 0.6470917225950783 0.9085872576177285 0.015659955257270694 0.060941828254847646
0 0.6532438478747203 0.14312096029547552 0.03131991051454139 0.024007386888273315
0 0.24496644295302014 0.15004616805170823 0.02348993288590604 0.032317636195752536
0 0.5864093959731543 0.39935364727608497 0.025167785234899327 0.02677746999076639
0 0.253076062639821 0.6588180978762697 0.027404921700223715 0.024930747922437674
0 0.7318232662192393 0.9108956602031394 0.032997762863534674 0.023084025854108958
0 0.38674496644295303 0.4053554939981533 0.03076062639821029 0.03693444136657433
0 0.6233221476510067 0.6588180978762697 0.03747203579418344 0.04155124653739612
0 0.36884787472035796 0.9058171745152355 0.022930648769574943 0.027700831024930747
0 0.31543624161073824 0.9076638965835642 0.021252796420581657 0.02585410895660203
0 0.6675055928411633 0.9104339796860572 0.02069351230425056 0.018467220683287166
0 0.5945190156599552 0.6528162511542013 0.021252796420581657 0.05909510618651893
0 0.17225950782997762 0.12326869806094183 0.029082774049217 0.032317636195752536
0 0.5167785234899329 0.6574330563250231 0.03355704697986577 0.027700831024930747
0 0.5413870246085011 0.39935364727608497 0.011185682326621925 0.05817174515235457
0 0.29949664429530204 0.12927054478301014 0.01621923937360179 0.07017543859649122
0 0.2746085011185682 0.13157894736842105 0.029082774049217 0.019390581717451522
0 0.31152125279642057 0.6560480147737765 0.013422818791946308 0.061865189289012
0 0.9519015659955258 0.13988919667590027 0.011185682326621925 0.05632502308402586
0 0.7519574944071589 0.14542936288088643 0.03747203579418344 0.04155124653739612
0 0.2273489932885906 0.1260387811634349 0.01621923937360179 0.04524469067405355
0 0.6048657718120806 0.6542012927054478 0.015100671140939598 0.050784856879039705
0 0.18456375838926176 0.394275161588181 0.02237136465324385 0.020313942751615882
0 0.5657158836689038 0.6620498614958449 0.00727069351230425 0.03508771929824561
0 0.7262304250559284 0.14450600184672208 0.01621923937360179 0.032317636195752536
0 0.6115771812080537 0.14312096029547552 0.012863534675615212 0.046168051708217916
0 0.5953579418344519 0.14312096029547552 0.024049217002237135 0.029547553093259463
0 0.5780201342281879 0.13988919667590027 0.015100671140939598 0.030470914127423823
0 0.3926174496644295 0.14219759926131118 0.02348993288590604 0.024007386888273315
0 0.3789149888143177 0.14681440443213298 0.024049217002237135 0.038781163434903045
0 0.203579418344519 0.12880886426592797 0.02348993288590604 0.028624192059095107
0 0.13394854586129754 0.39473684210526316 0.024049217002237135 0.02677746999076639
0 0.15715883668903805 0.4039704524469067 0.02237136465324385 0.019390581717451522
0 0.21001118568232663 0.39196675900277006 0.031879194630872486 0.028624192059095107
0 0.32186800894854584 0.39658356417359186 0.03411633109619687 0.023084025854108958
0 0.34395973154362414 0.4007386888273315 0.0145413870246085 0.038781163434903045
0 0.36213646532438476 0.39704524469067404 0.024049217002237135 0.0443213296398892
0 0.6146532438478747 0.4002770083102493 0.03243847874720358 0.024930747922437674
0 0.6364653243847874 0.39935364727608497 0.030201342281879196 0.019390581717451522
0 0.7505592841163311 0.39242843951985223 0.013422818791946308 0.04247460757156048
0 0.7684563758389261 0.39289012003693446 0.03467561521252797 0.034164358264081256
0 0.8489932885906041 0.40812557710064634 0.026845637583892617 0.0332409972299169
0 0.7754474272930649 0.6638965835641736 0.028523489932885907 0.029547553093259463
0 0.7645413870246085 0.6565096952908587 0.021252796420581657 0.0443213296398892
0 0.48126398210290827 0.6532779316712835 0.026286353467561523 0.02123730378578024
0 0.465324384787472 0.6615881809787627 0.02348993288590604 0.04524469067405355
0 0.35151006711409394 0.6680517082179132 0.027404921700223715 0.03970452446906741
0 0.3358501118568233 0.6583564173591875 0.02069351230425056 0.040627885503231764
0 0.23210290827740493 0.6560480147737765 0.020134228187919462 0.032317636195752536
0 0.20833333333333334 0.6458910433979687 0.025167785234899327 0.023084025854108958
0 0.1115771812080537 0.6491228070175439 0.022930648769574943 0.0221606648199446
0 0.08417225950782997 0.6578947368421053 0.025167785234899327 0.036011080332409975
0 0.8064876957494407 0.14496768236380425 0.024608501118568233 0.018467220683287166
0 0.8185123042505593 0.14265927977839335 0.02181208053691275 0.02677746999076639
0 0.8593400447427293 0.1394275161588181 0.031879194630872486 0.029547553093259463
0 0.8917785234899329 0.1458910433979686 0.03970917225950783 0.038781163434903045
0 0.0592841163310962 0.9007386888273314 0.020134228187919462 0.04155124653739612
0 0.27684563758389263 0.9205909510618652 0.0145413870246085 0.046168051708217916
0 0.4588926174496644 0.9159741458910434 0.019574944071588368 0.038781163434903045
0 0.47007829977628635 0.9076638965835642 0.02181208053691275 0.0332409972299169
0 0.5254474272930649 0.9178208679593721 0.02069351230425056 0.055401662049861494
0 0.5338366890380313 0.9168975069252078 0.012863534675615212 0.03139427516158818
