0 0.1515506143943827 0.6154071470415935 0.032767700409596257 0.025190392501464556
0 0.16325336454066705 0.050966608084358524 0.016383850204798128 0.022261277094317515
0 0.8019309537741369 0.9276508494434681 0.02984201287302516 0.008787346221441126
0 0.45845523698069046 0.4853544229642648 0.02633118782913985 0.012302284710017574
0 0.8592744294909304 0.7870533099004101 0.013458162668227034 0.026362038664323375
0 0.569631363370392 0.4994141769185706 0.04388531304856641 0.01698886936145284
0 0.5061439438267993 0.4917984768599883 0.04095962551199532 0.013473930872876391
0 0.8349912229373903 0.07557117750439367 0.017554125219426564 0.018746338605741066
0 0.2083089526038619 0.4876977152899824 0.023405500292568753 0.021675454012888107
0 0.14716208308952605 0.9147627416520211 0.012287887653598596 0.006444053895723492
0 0.4195435927442949 0.4865260691271236 0.021064950263311878 0.019332161687170474
0 0.786132241076653 0.07147041593438781 0.021650087770626096 0.009373169302870533
0 0.9060854300760679 0.9343878148799063 0.021650087770626096 0.014059753954305799
0 0.10064365125804564 0.7671353251318102 0.018724400234055003 0.03456356180433509
0 0.8993563487419544 0.6397188049209139 0.028086600351082503 0.008201523140011716
0 0.04856641310708017 0.9112478031634447 0.021064950263311878 0.01816051552431166
0 0.6416032767700409 0.06649091974223785 0.01930953774136922 0.006444053895723492
0 0.8744880046811001 0.22085530169888692 0.021650087770626096 0.03046280023432923
0 0.2080163838502048 0.3444639718804921 0.02984201287302516 0.01991798476859988
0 0.05295494441193681 0.47598125366139427 0.02399063779988297 0.013473930872876391
0 0.9008191925102399 0.7864674868189807 0.027501462843768285 0.015817223198594025
0 0.4332943241661791 0.9188635032220269 0.02633118782913985 0.013473930872876391
0 0.6284376828554711 0.2100175746924429 0.015213575190169689 0.022847100175746926
0 0.25833820947922764 0.487111892208553 0.014628437682855471 0.03456356180433509
0 0.5190169689877121 0.07117750439367311 0.007021650087770626 0.019332161687170474
0 0.42656524283206554 0.3529584065612185 0.03510825043885313 0.015817223198594025
0 0.6243417203042715 0.3602811950790861 0.016383850204798128 0.032806092560046865
0 0.35605617320070215 0.6262448740480375 0.02984201287302516 0.008201523140011716
0 0.5152135751901696 0.6321031048623316 0.038033937975424224 0.018746338605741066
0 0.556173200702165 0.9276508494434681 0.016968987712112346 0.019332161687170474
0 0.5646576945582212 0.6338605741066198 0.01989467524868344 0.022261277094317515
0 0.3540081919251024 0.7753368482718219 0.010532475131655939 0.03222026947861746
0 0.14716208308952605 0.4786174575278266 0.03218256290228204 0.01991798476859988
0 0.42393212404915154 0.6259519625073228 0.028671737858396724 0.01816051552431166
0 0.708308952603862 0.7838312829525483 0.02516091281451141 0.023432923257176334
0 0.2577530719719134 0.6241944932630346 0.013458162668227034 0.025190392501464556
0 0.1992393212404915 0.9135910954891623 0.00994733762434172 0.025190392501464556
0 0.3013458162668227 0.7674282366725249 0.029256875365710942 0.0210896309314587
0 0.14774722059684026 0.7595196250732279 0.02633118782913985 0.026362038664323375
0 0.8657109420713868 0.36262448740480374 0.02633118782913985 0.022261277094317515
0 0.6158572264482153 0.9285295840656121 0.02047981275599766 0.008201523140011716
0 0.4719133996489175 0.059461042765084945 0.011117612638970159 0.02401874633860574
0 0.7264482153306027 0.21528998242530756 0.02047981275599766 0.031048623315758642
0 0.2796957284961966 0.06561218512009373 0.015213575190169689 0.016403046280023433
0 0.2750146284376829 0.3532513181019332 0.018724400234055003 0.03046280023432923
0 0.5716793446459918 0.36115992970123023 0.014043300175541252 0.02753368482718219
0 0.647162083089526 0.9367311072056239 0.024575775307197192 0.011716461628588167
0 0.10678759508484494 0.9173989455184535 0.02516091281451141 0.01991798476859988
0 0.5064365125804564 0.7756297598125366 0.02399063779988297 0.025776215582893967
0 0.046811000585137506 0.7630345635618043 0.030427150380339378 0.020503807850029292
0 0.31802223522527795 0.9250146455770357 0.012287887653598596 0.01991798476859988
0 0.25043885313048564 0.7712360867018161 0.017554125219426564 0.029876977152899824
0 0.31217086015213574 0.48242530755711777 0.01930953774136922 0.03456356180433509
0 0.6641310708016384 0.5002929115407148 0.015213575190169689 0.025776215582893967
0 0.9724985371562317 0.37287639132981837 0.015213575190169689 0.02870533099004101
0 0.9526038619075483 0.6403046280023433 0.023405500292568753 0.01054481546572935
0 0.6015213575190169 0.7779730521382543 0.030427150380339378 0.01991798476859988
0 0.3768285547103569 0.2047451669595782 0.022235225277940317 0.014645577035735208
0 0.7598010532475131 0.7864674868189807 0.02047981275599766 0.038078500292911543
0 0.8139262726740784 0.22378441710603397 0.021064950263311878 0.016403046280023433
0 0.9370977179637214 0.07381370826010544 0.016968987712112346 0.012888107791446984
0 0.8864833235810415 0.07996485061511424 0.011702750146284377 0.02401874633860574
0 0.36688121708601523 0.4838898652606913 0.028086600351082503 0.01757469244288225
0 0.5705090696313634 0.0638547158758055 0.016383850204798128 0.015231400117164616
0 0.3557636044470451 0.9173989455184535 0.015213575190169689 0.011716461628588167
0 0.25073142188414277 0.9150556531927357 0.01930953774136922 0.018746338605741066
0 0.96255119953189 0.5017574692442882 0.021064950263311878 0.031048623315758642
0 0.4637214745465184 0.7770943175161101 0.02047981275599766 0.019332161687170474
0 0.8499122293739029 0.9323374340949033 0.02047981275599766 0.019332161687170474
0 0.818022235225278 0.3670181605155243 0.012873025160912814 0.031048623315758642
0 0.6582796957284962 0.6338605741066198 0.03393797542422469 0.011716461628588167
0 0.06173200702165009 0.18775629759812537 0.012287887653598596 0.019332161687170474
0 0.965184318314804 0.7908611599297012 0.02984201287302516 0.015231400117164616
0 0.19485078993563487 0.7727006444053895 0.016383850204798128 0.028119507908611598
0 0.11322410766530135 0.3512009373169303 0.018139262726740785 0.02753368482718219
0 0.6179052077238151 0.4985354422964265 0.024575775307197192 0.025776215582893967
0 0.9795201872440024 0.218804920913884 0.025746050321825628 0.02401874633860574
0 0.9125219426565243 0.4976567076742824 0.018139262726740785 0.02753368482718219
0 0.5623171445289643 0.7806092560046866 0.023405500292568753 0.02401874633860574
0 0.30895260386190754 0.6180433509080258 0.026916325336454067 0.01757469244288225
0 0.6717378583967232 0.07000585823081429 0.008191925102399064 0.021675454012888107
0 0.8136337039204213 0.7929115407147042 0.00994733762434172 0.029876977152899824
0 0.40813341135166764 0.9191564147627417 0.014628437682855471 0.018746338605741066
0 0.4262726740784084 0.06004686584651435 0.01579871269748391 0.020503807850029292
0 0.719133996489175 0.4964850615114236 0.01989467524868344 0.012302284710017574
0 0.7788180222352252 0.37024018746338605 0.015213575190169689 0.022261277094317515
0 0.7770626097132827 0.2182190978324546 0.021064950263311878 0.020503807850029292
0 0.7018724400234055 0.9326303456356181 0.01930953774136922 0.018746338605741066
0 0.6559391456992393 0.7838312829525483 0.014043300175541252 0.026947861745752782
0 0.4727911059098888 0.6280023432923257 0.022235225277940317 0.01991798476859988
0 0.8613224107665302 0.6423550087873462 0.011702750146284377 0.025190392501464556
0 0.6105909888823874 0.6344463971880492 0.014628437682855471 0.03046280023432923
0 0.580163838502048 0.2190978324545987 0.01930953774136922 0.032806092560046865
0 0.4166179052077238 0.7709431751611013 0.018724400234055003 0.01991798476859988
0 0.9233469865418373 0.2173403632103105 0.030427150380339378 0.01991798476859988
0 0.7147454651843184 0.6338605741066198 0.03686366296079579 0.012888107791446984
0 0.8124634289057928 0.6309314586994728 0.02047981275599766 0.023432923257176334
0 0.4771796372147455 0.20767428236672525 0.03920421299005266 0.019332161687170474
0 0.21708601521357518 0.05565319273579379 0.014043300175541252 0.008201523140011716
0 0.11322410766530135 0.05008787346221441 0.022820362785254535 0.00995899238429994
0 0.032767700409596257 0.04745166959578207 0.014043300175541252 0.0035149384885764497
0 0.16208308952603862 0.20152314001171645 0.028086600351082503 0.0210896309314587
0 0.2074312463428906 0.19449326303456357 0.03452311293153891 0.014059753954305799
0 0.27413692217671154 0.2026947861745753 0.013458162668227034 0.026947861745752782
0 0.32124049151550615 0.20240187463386058 0.021064950263311878 0.029876977152899824
0 0.4262726740784084 0.210896309314587 0.01930953774136922 0.03397773872290568
0 0.9049151550614395 0.3661394258933802 0.01579871269748391 0.03163444639718805
0 0.7156231714452896 0.36321031048623315 0.046811000585137506 0.016403046280023433
0 0.6661790520772382 0.36760398359695373 0.033352837916910474 0.03222026947861746
0 0.5149210064365126 0.35618043350908024 0.03627852545348157 0.012888107791446984
0 0.4727911059098888 0.35618043350908024 0.03627852545348157 0.011716461628588167
0 0.3753657109420714 0.35735207967193905 0.02399063779988297 0.03163444639718805
0 0.32767700409596257 0.3526654950205038 0.022235225277940317 0.03749267721148213
0 0.06319485078993564 0.3427065026362039 0.017554125219426564 0.0351493848857645
0 0.10590988882387362 0.4780316344463972 0.016383850204798128 0.03866432337434095
0 0.9874195435927443 0.07527826596367897 0.011117612638970159 0.006444053895723492
0 0.5210649502633119 0.2114821323960164 0.0310122878876536 0.0210896309314587
0 0.5356933879461674 0.2038664323374341 0.02633118782913985 0.022261277094317515
