0 0.9648401826484019 0.2706185567010309 0.0273972602739726 0.11512027491408934
0 0.9353881278538813 0.2663230240549828 0.036073059360730596 0.11683848797250859
0 0.8664383561643836 0.24484536082474226 0.031506849315068496 0.16323024054982818
0 0.8342465753424657 0.25257731958762886 0.033789954337899546 0.13058419243986255
0 0.7968036529680366 0.24484536082474226 0.047488584474885846 0.13573883161512026
0 0.7577625570776255 0.24484536082474226 0.028767123287671233 0.11168384879725086
0 0.7228310502283105 0.25257731958762886 0.03744292237442922 0.13402061855670103
0 0.6908675799086758 0.23109965635738833 0.0365296803652968 0.1323024054982818
0 0.6582191780821918 0.23883161512027493 0.03972602739726028 0.2027491408934708
0 0.6210045662100456 0.22079037800687284 0.03744292237442922 0.13573883161512026
0 0.5837899543378996 0.22422680412371135 0.027853881278538814 0.11855670103092783
0 0.5465753424657535 0.22336769759450173 0.033789954337899546 0.17525773195876287
0 0.5105022831050229 0.2190721649484536 0.033789954337899546 0.1254295532646048
0 0.4776255707762557 0.2104810996563574 0.04018264840182648 0.20103092783505155
0 0.44452054794520546 0.21219931271477663 0.031506849315068496 0.11168384879725086
0 0.4075342465753425 0.218213058419244 0.04246575342465753 0.13402061855670103
0 0.3778538812785388 0.19243986254295534 0.019634703196347032 0.07560137457044673
0 0.2719178082191781 0.19415807560137457 0.030593607305936073 0.10652920962199312
0 0.24315068493150685 0.18298969072164947 0.03424657534246575 0.12199312714776632
0 0.20981735159817352 0.18556701030927836 0.036986301369863014 0.17525773195876287
0 0.30753424657534245 0.2027491408934708 0.007762557077625571 0.037800687285223365
0 0.9609589041095891 0.5713058419243986 0.04246575342465753 0.13917525773195877
0 0.9228310502283105 0.5652920962199313 0.034703196347031964 0.13058419243986255
0 0.8878995433789955 0.5558419243986255 0.026027397260273973 0.1254295532646048
0 0.8552511415525114 0.5506872852233677 0.039269406392694065 0.0979381443298969
0 0.8203196347031964 0.5489690721649485 0.01872146118721461 0.04639175257731959
0 0.7808219178082192 0.5541237113402062 0.047488584474885846 0.13573883161512026
0 0.7465753424657534 0.5472508591065293 0.038356164383561646 0.18041237113402062
0 0.7148401826484019 0.5472508591065293 0.03424657534246575 0.13917525773195877
0 0.6773972602739726 0.5292096219931272 0.040639269406392696 0.15807560137457044
0 0.6458904109589041 0.531786941580756 0.045205479452054796 0.14604810996563575
0 0.541095890410959 0.5223367697594502 0.033789954337899546 0.10996563573883161
0 0.5102739726027398 0.506872852233677 0.03789954337899543 0.09621993127147767
0 0.4794520547945205 0.5197594501718213 0.03744292237442922 0.11168384879725086
0 0.4408675799086758 0.5146048109965635 0.03424657534246575 0.12886597938144329
0 0.4091324200913242 0.5103092783505154 0.04018264840182648 0.12714776632302405
0 0.3675799086757991 0.5034364261168385 0.0410958904109589 0.14776632302405499
0 0.9550228310502283 0.8548109965635738 0.054337899543379 0.17697594501718214
0 0.9168949771689497 0.8410652920962199 0.034703196347031964 0.14604810996563575
0 0.8858447488584474 0.8530927835051546 0.038356164383561646 0.1563573883161512
0 0.8511415525114155 0.8376288659793815 0.039269406392694065 0.18384879725085912
0 0.819634703196347 0.834192439862543 0.030136986301369864 0.12199312714776632
0 0.7878995433789955 0.8256013745704467 0.04885844748858448 0.1323024054982818
0 0.7490867579908675 0.8307560137457045 0.036073059360730596 0.14948453608247422
0 0.721689497716895 0.8307560137457045 0.028767123287671233 0.12886597938144329
0 0.6970319634703196 0.8067010309278351 0.02511415525114155 0.17353951890034364
0 0.678082191780822 0.8316151202749141 0.028310502283105023 0.15807560137457044
0 0.6440639269406393 0.8238831615120275 0.030593607305936073 0.08419243986254296
0 0.615296803652968 0.8152920962199313 0.03789954337899543 0.11168384879725086
0 0.5726027397260274 0.8170103092783505 0.0319634703196347 0.10824742268041238
0 0.5390410958904109 0.7998281786941581 0.02968036529680365 0.10824742268041238
0 0.5034246575342466 0.7981099656357389 0.036073059360730596 0.10481099656357389
0 0.47191780821917806 0.8006872852233677 0.031506849315068496 0.10309278350515463
0 0.43310502283105023 0.8015463917525774 0.032420091324200914 0.09450171821305842
0 0.40205479452054793 0.7946735395189003 0.03333333333333333 0.09450171821305842
0 0.36506849315068496 0.7843642611683849 0.028767123287671233 0.10824742268041238
0 0.3365296803652968 0.7929553264604811 0.033789954337899546 0.12886597938144329
0 0.2990867579908676 0.7809278350515464 0.03561643835616438 0.14604810996563575
0 0.2582191780821918 0.7731958762886598 0.031506849315068496 0.12027491408934708
0 0.2317351598173516 0.7689003436426117 0.030593607305936073 0.11512027491408934
0 0.1958904109589041 0.7637457044673539 0.034703196347031964 0.08419243986254296
0 0.16141552511415524 0.761168384879725 0.02968036529680365 0.08934707903780069
0 0.12762557077625572 0.7491408934707904 0.036073059360730596 0.12371134020618557
0 0.09223744292237443 0.7396907216494846 0.04018264840182648 0.1563573883161512
0 0.06255707762557078 0.7465635738831615 0.023744292237442923 0.11512027491408934
0 0.03287671232876712 0.7405498281786942 0.038356164383561646 0.10996563573883161
0 0.3315068493150685 0.5008591065292096 0.038356164383561646 0.11855670103092783
0 0.295662100456621 0.4836769759450172 0.04885844748858448 0.14261168384879724
0 0.2602739726027397 0.48711340206185566 0.031050228310502283 0.1563573883161512
0 0.2273972602739726 0.48711340206185566 0.0410958904109589 0.18041237113402062
0 0.19748858447488585 0.4690721649484536 0.026940639269406392 0.15807560137457044
0 0.16164383561643836 0.4742268041237113 0.023744292237442923 0.061855670103092786
0 0.13105022831050228 0.4699312714776632 0.052054794520547946 0.17353951890034364
0 0.06255707762557078 0.46735395189003437 0.03287671232876712 0.1134020618556701
0 0.03219178082191781 0.4647766323024055 0.036073059360730596 0.1563573883161512
0 0.17557077625570777 0.17697594501718214 0.027853881278538814 0.12027491408934708
0 0.14315068493150684 0.17096219931271478 0.03789954337899543 0.1563573883161512
0 0.11232876712328767 0.16580756013745704 0.03287671232876712 0.15292096219931273
0 0.06484018264840183 0.16323024054982818 0.042922374429223746 0.12371134020618557
0 0.03287671232876712 0.16237113402061856 0.0273972602739726 0.12886597938144329
