0 0.9140328697850821 0.10547667342799188 0.03961230509903076 0.09330628803245436
0 0.8784239359460598 0.11815415821501014 0.03666245259165613 0.09634888438133875
0 0.8491361146228403 0.13539553752535496 0.03286978508217446 0.09837728194726167
0 0.8175305520438264 0.14350912778904665 0.034555415086388534 0.10040567951318459
0 0.7867678044669195 0.1627789046653144 0.03876949009692372 0.10649087221095335
0 0.7511588706278972 0.1830628803245436 0.03666245259165613 0.08823529411764706
0 0.7201854193004635 0.18914807302231237 0.031184155077960386 0.08417849898580122
0 0.6894226717235566 0.20841784989858012 0.03202697008006743 0.0922920892494929
0 0.6580278128950695 0.22413793103448276 0.03413400758533502 0.09127789046653144
0 0.6238938053097345 0.2449290060851927 0.03581963758954909 0.10243407707910751
0 0.6005056890012642 0.2515212981744422 0.034555415086388534 0.09533468559837728
0 0.9412136536030341 0.26926977687626774 0.03497682258744206 0.07606490872210954
0 0.9070796460176991 0.28498985801217036 0.03666245259165613 0.10141987829614604
0 0.8752633796881585 0.30273833671399597 0.024441635061104087 0.07403651115618662
0 0.8171091445427728 0.33316430020283977 0.04129793510324484 0.09634888438133875
0 0.7823430257058576 0.3488843813387424 0.032448377581120944 0.10344827586206896
0 0.7482090181205225 0.3620689655172414 0.029919932574799833 0.07707910750507099
0 0.7208175305520438 0.3757606490872211 0.03413400758533502 0.08823529411764706
0 0.694479561736199 0.39401622718052737 0.031184155077960386 0.0720081135902637
0 0.6571849978929625 0.41886409736308317 0.01053518752633797 0.0486815415821501
0 0.6268436578171092 0.4264705882352941 0.033291192583227984 0.0922920892494929
0 0.596291613990729 0.4447261663286004 0.03792667509481669 0.09634888438133875
0 0.9587020648967551 0.45334685598377283 0.044669195111672985 0.07707910750507099
0 0.9222503160556258 0.4629817444219067 0.03581963758954909 0.08620689655172414
0 0.888748419721871 0.4847870182555781 0.035398230088495575 0.08519269776876268
0 0.8586177833965445 0.49594320486815413 0.032448377581120944 0.09127789046653144
0 0.8234302570585756 0.5172413793103449 0.034555415086388534 0.07910750507099391
0 0.7954066582385166 0.5218052738336714 0.029919932574799833 0.07606490872210954
0 0.7328276443320692 0.5613590263691683 0.04129793510324484 0.08417849898580122
0 0.7010113780025284 0.5704868154158215 0.028234302570585755 0.0720081135902637
0 0.6721449641803624 0.5841784989858012 0.031184155077960386 0.08316430020283976
0 0.6422250316055625 0.6004056795131846 0.03202697008006743 0.08924949290060852
0 0.6118836915297092 0.6217038539553753 0.03792667509481669 0.09939148073022312
0 0.5766961651917404 0.6389452332657201 0.041719342604298354 0.10953346855983773
0 0.5710071639275179 0.27028397565922924 0.036241045090602615 0.08823529411764706
0 0.5360303413400759 0.29411764705882354 0.0337126000842815 0.10141987829614604
0 0.506110408765276 0.28600405679513186 0.03034134007585335 0.07707910750507099
0 0.47113358617783396 0.3265720081135903 0.040455120101137804 0.09939148073022312
0 0.4410029498525074 0.3351926977687627 0.033291192583227984 0.10040567951318459
0 0.410661609776654 0.3438133874239351 0.039190897597977246 0.11967545638945233
0 0.562157606405394 0.460446247464503 0.035398230088495575 0.09939148073022312
0 0.5322376738305942 0.46906693711967545 0.029498525073746312 0.09837728194726167
0 0.5056890012642224 0.49290060851926976 0.036241045090602615 0.11156186612576065
0 0.4749262536873156 0.5020283975659229 0.03792667509481669 0.11156186612576065
0 0.4422671723556679 0.5136916835699797 0.03750526759376317 0.09634888438133875
0 0.5465655288664139 0.6572008113590264 0.029498525073746312 0.09330628803245436
0 0.517488411293721 0.6673427991886409 0.0337126000842815 0.09939148073022312
0 0.4856721449641804 0.6810344827586207 0.0316055625790139 0.1105476673427992
0 0.45469869363674675 0.6967545638945233 0.0337126000842815 0.12373225152129817
0 0.42077538980193846 0.710446247464503 0.03497682258744206 0.11460446247464504
0 0.38179519595448796 0.35953346855983775 0.03286978508217446 0.0821501014198783
0 0.34829329962073324 0.37677484787018256 0.042562157606405394 0.0922920892494929
0 0.3194268857985672 0.38843813387423937 0.03961230509903076 0.09330628803245436
0 0.2867678044669195 0.4011156186612576 0.03666245259165613 0.10243407707910751
0 0.2536873156342183 0.4274847870182556 0.034555415086388534 0.08823529411764706
0 0.22187104930467763 0.4279918864097363 0.032448377581120944 0.0973630831643002
0 0.19152970922882429 0.4477687626774848 0.03497682258744206 0.09634888438133875
0 0.4077117572692794 0.5385395537525355 0.041719342604298354 0.1075050709939148
0 0.37737041719342607 0.552738336713996 0.033291192583227984 0.08519269776876268
0 0.34513274336283184 0.5654158215010142 0.036241045090602615 0.07606490872210954
0 0.3139485882848715 0.5816430020283976 0.03792667509481669 0.10446247464503043
0 0.2838179519595449 0.5998985801217038 0.03581963758954909 0.08823529411764706
0 0.24652338811630847 0.6054766734279919 0.03876949009692372 0.09533468559837728
0 0.2153392330383481 0.6242393509127789 0.031184155077960386 0.08620689655172414
0 0.1873156342182891 0.6445233265720081 0.029919932574799833 0.0922920892494929
0 0.1561314791403287 0.6566937119675457 0.0316055625790139 0.07606490872210954
0 0.38980193847450484 0.7256592292089249 0.03034134007585335 0.0922920892494929
0 0.35967130214917825 0.7403651115618661 0.03666245259165613 0.10141987829614604
0 0.32595870206489674 0.7652129817444219 0.03076274757690687 0.0821501014198783
0 0.29835651074589126 0.7743407707910751 0.031184155077960386 0.08012170385395538
0 0.2661188369152971 0.7910750507099391 0.03666245259165613 0.1075050709939148
0 0.13463969658659924 0.48580121703853957 0.04003371260008428 0.11156186612576065
0 0.10240202275600506 0.4969574036511156 0.01685630004214075 0.05070993914807302
0 0.06805731142014328 0.5152129817444219 0.04003371260008428 0.11359026369168357
0 0.0316055625790139 0.5283975659229209 0.0337126000842815 0.11967545638945233
0 0.12536873156342182 0.6835699797160243 0.04003371260008428 0.1075050709939148
0 0.0922882427307206 0.6876267748478702 0.03034134007585335 0.1075050709939148
0 0.06026127265065318 0.7089249492900609 0.03961230509903076 0.09939148073022312
0 0.23388116308470291 0.7966531440162272 0.03708386009270965 0.10243407707910751
0 0.20248630425621575 0.8133874239350912 0.032448377581120944 0.08316430020283976
0 0.17088074167720185 0.8382352941176471 0.032448377581120944 0.11866125760649088
0 0.13822166034555414 0.8438133874239351 0.03286978508217446 0.1075050709939148
0 0.10556257901390645 0.8620689655172413 0.032448377581120944 0.07910750507099391
0 0.07374631268436578 0.8777890466531441 0.04382638010956595 0.10649087221095335
