0 0.9744867149758454 0.7891654465592972 0.010567632850241546 0.06149341142020498
0 0.950030193236715 0.794289897510981 0.009359903381642512 0.05124450951683748
0 0.9222524154589372 0.7796486090775988 0.011171497584541062 0.0629575402635432
0 0.9023248792270532 0.780380673499268 0.012983091787439614 0.06442166910688141
0 0.873641304347826 0.7650073206442167 0.012379227053140096 0.06588579795021962
0 0.8046497584541062 0.7584187408491947 0.010869565217391304 0.04685212298682284
0 0.7829106280193237 0.7576866764275256 0.011473429951690822 0.048316251830161056
0 0.7534722222222222 0.7459736456808199 0.011171497584541062 0.05124450951683748
0 0.7315821256038647 0.7481698389458272 0.008454106280193236 0.040995607613469986
0 0.7069746376811594 0.7408491947291361 0.010567632850241546 0.055636896046852125
0 0.6770833333333334 0.7379209370424598 0.012379227053140096 0.06442166910688141
0 0.6527777777777778 0.7291361639824304 0.010869565217391304 0.05856515373352855
0 0.6328502415458938 0.7313323572474377 0.013888888888888888 0.0746705710102489
0 0.6016002415458938 0.726207906295754 0.011171497584541062 0.0527086383601757
0 0.5552536231884058 0.718887262079063 0.008454106280193236 0.043923865300146414
0 0.5365338164251208 0.7071742313323572 0.015096618357487922 0.06442166910688141
0 0.5117753623188406 0.7020497803806734 0.010869565217391304 0.05710102489019034
0 0.4830917874396135 0.6939970717423133 0.010869565217391304 0.06442166910688141
0 0.4592391304347826 0.7005856515373353 0.007246376811594203 0.04538799414348463
0 0.43342391304347827 0.6903367496339677 0.011171497584541062 0.0629575402635432
0 0.4165157004830918 0.6874084919472914 0.006944444444444444 0.04538799414348463
0 0.3854166666666667 0.6793557833089312 0.01177536231884058 0.06149341142020498
0 0.9663345410628019 0.5080527086383602 0.011171497584541062 0.0527086383601757
0 0.9435386473429952 0.5029282576866764 0.00785024154589372 0.0629575402635432
0 0.9163647342995169 0.49267935578330896 0.010869565217391304 0.0629575402635432
0 0.893719806763285 0.49414348462664714 0.010869565217391304 0.06588579795021962
0 0.8706219806763285 0.48755490483162517 0.01177536231884058 0.06734992679355783
0 0.8460144927536232 0.4904831625183016 0.012077294685990338 0.07027818448023426
0 0.8239734299516909 0.4787701317715959 0.00966183574879227 0.0527086383601757
0 0.7969504830917874 0.47584187408491946 0.009963768115942028 0.05856515373352855
0 0.7718900966183575 0.48462664714494874 0.01177536231884058 0.04978038067349927
0 0.7478864734299517 0.4633967789165447 0.012681159420289856 0.05417276720351391
0 0.7193538647342995 0.46266471449487556 0.011171497584541062 0.06442166910688141
0 0.9907910628019324 0.23645680819912152 0.014190821256038648 0.060029282576866766
0 0.9654287439613527 0.2335285505124451 0.009359903381642512 0.05417276720351391
0 0.9397644927536232 0.232796486090776 0.0160024154589372 0.07320644216691069
0 0.9195350241545893 0.21888726207906295 0.016606280193236716 0.06881405563689605
0 0.8934178743961353 0.2247437774524158 0.010869565217391304 0.05417276720351391
0 0.8487318840579711 0.22035139092240116 0.00966183574879227 0.05417276720351391
0 0.823822463768116 0.21522693997071743 0.012983091787439614 0.06149341142020498
0 0.799969806763285 0.2020497803806735 0.01177536231884058 0.04685212298682284
0 0.7743055555555556 0.19546120058565153 0.014794685990338164 0.060029282576866766
0 0.7484903381642513 0.191800878477306 0.013285024154589372 0.06149341142020498
0 0.7234299516908212 0.19619326500732065 0.011473429951690822 0.04978038067349927
0 0.6991243961352657 0.1910688140556369 0.009963768115942028 0.05124450951683748
0 0.6711956521739131 0.18448023426061494 0.00966183574879227 0.043923865300146414
0 0.6452294685990339 0.17276720351390923 0.015096618357487922 0.06442166910688141
0 0.6254528985507246 0.1683748169838946 0.012983091787439614 0.06442166910688141
0 0.6035628019323671 0.17935578330893118 0.00966183574879227 0.04538799414348463
0 0.5741243961352657 0.16691068814055637 0.011171497584541062 0.0527086383601757
0 0.552536231884058 0.1595900439238653 0.015096618357487922 0.07613469985358712
0 0.6970108695652174 0.45973645680819913 0.009963768115942028 0.05856515373352855
0 0.6701388888888888 0.45973645680819913 0.015398550724637682 0.07320644216691069
0 0.6452294685990339 0.44875549048316254 0.015096618357487922 0.07759882869692533
0 0.6169987922705314 0.4458272327964861 0.014190821256038648 0.06588579795021962
0 0.5982789855072463 0.43997071742313326 0.012379227053140096 0.06588579795021962
0 0.5753321256038647 0.4407027818448023 0.009963768115942028 0.06734992679355783
0 0.5520833333333334 0.43191800878477304 0.009359903381642512 0.04978038067349927
0 0.5252113526570048 0.42313323572474376 0.012379227053140096 0.06149341142020498
0 0.5009057971014492 0.4238653001464129 0.010265700483091788 0.060029282576866766
0 0.47539251207729466 0.4150805270863836 0.011171497584541062 0.05124450951683748
0 0.4519927536231884 0.4150805270863836 0.009057971014492754 0.05417276720351391
0 0.423762077294686 0.40775988286969256 0.010567632850241546 0.05417276720351391
0 0.4033816425120773 0.4055636896046852 0.013888888888888888 0.06149341142020498
0 0.3771135265700483 0.40043923865300146 0.011473429951690822 0.06588579795021962
0 0.3633756038647343 0.39970717423133234 0.01177536231884058 0.06442166910688141
0 0.33303140096618356 0.390190336749634 0.012077294685990338 0.0629575402635432
0 0.36428140096618356 0.6808199121522694 0.011171497584541062 0.07027818448023426
0 0.3408816425120773 0.6691068814055637 0.013285024154589372 0.055636896046852125
0 0.5273248792270532 0.1581259150805271 0.009359903381642512 0.04978038067349927
0 0.5042270531400966 0.15373352855051245 0.00966183574879227 0.043923865300146414
0 0.4802234299516908 0.14641288433382138 0.010567632850241546 0.0527086383601757
0 0.4518417874396135 0.13689604685212298 0.007548309178743961 0.0424597364568082
0 0.4236111111111111 0.14568081991215226 0.010265700483091788 0.04538799414348463
0 0.4048913043478261 0.1273792093704246 0.015096618357487922 0.06149341142020498
0 0.37575483091787437 0.13323572474377746 0.007548309178743961 0.04978038067349927
0 0.3615640096618358 0.12298682284040996 0.007548309178743961 0.04685212298682284
0 0.3149154589371981 0.6632503660322109 0.009057971014492754 0.0527086383601757
0 0.2946859903381642 0.6617862371888726 0.013285024154589372 0.05856515373352855
0 0.27007850241545894 0.6603221083455344 0.012379227053140096 0.06442166910688141
0 0.24456521739130435 0.6493411420204978 0.015096618357487922 0.07759882869692533
0 0.2164855072463768 0.6471449487554904 0.014492753623188406 0.07320644216691069
0 0.19127415458937197 0.6493411420204978 0.010567632850241546 0.05417276720351391
0 0.16560990338164253 0.6420204978038068 0.014794685990338164 0.05710102489019034
0 0.13873792270531402 0.6303074670571011 0.012379227053140096 0.06588579795021962
0 0.11065821256038648 0.6332357247437774 0.009963768115942028 0.05124450951683748
0 0.09541062801932366 0.6266471449487555 0.012681159420289856 0.06149341142020498
0 0.30842391304347827 0.390190336749634 0.012983091787439614 0.06588579795021962
0 0.2866847826086957 0.383601756954612 0.014190821256038648 0.07027818448023426
0 0.26253019323671495 0.3784773060029283 0.015398550724637682 0.0629575402635432
0 0.23429951690821257 0.3689604685212299 0.012077294685990338 0.06442166910688141
0 0.3358997584541063 0.12664714494875548 0.01177536231884058 0.05417276720351391
0 0.3109903381642512 0.11786237188872621 0.011473429951690822 0.0424597364568082
0 0.2881944444444444 0.10980966325036604 0.012379227053140096 0.05856515373352855
0 0.2616243961352657 0.1054172767203514 0.008152173913043478 0.04685212298682284
0 0.2353562801932367 0.10248901903367497 0.01177536231884058 0.06149341142020498
0 0.20848429951690822 0.08784773060029283 0.008152173913043478 0.07906295754026355
0 0.1831219806763285 0.09297218155197658 0.010567632850241546 0.05124450951683748
0 0.15791062801932368 0.09077598828696926 0.010869565217391304 0.040995607613469986
0 0.133756038647343 0.07686676427525622 0.009057971014492754 0.05124450951683748
0 0.11231884057971014 0.07613469985358712 0.00966183574879227 0.05856515373352855
0 0.20772946859903382 0.36676427525622257 0.011473429951690822 0.05710102489019034
0 0.18463164251207728 0.36383601756954614 0.011171497584541062 0.0629575402635432
0 0.15806159420289856 0.35724743777452417 0.009963768115942028 0.03806734992679356
0 0.13420893719806765 0.35212298682284043 0.008152173913043478 0.0424597364568082
0 0.10869565217391304 0.3404099560761347 0.010869565217391304 0.060029282576866766
0 0.08288043478260869 0.3440702781844802 0.011171497584541062 0.04978038067349927
0 0.06265096618357488 0.33455344070278187 0.009359903381642512 0.0424597364568082
0 0.036533816425120776 0.33601756954612005 0.016304347826086956 0.0629575402635432
0 0.06853864734299517 0.6200585651537335 0.012077294685990338 0.06881405563689605
0 0.04574275362318841 0.6076134699853587 0.017814009661835748 0.07320644216691069
0 0.08680555555555555 0.07613469985358712 0.012379227053140096 0.06734992679355783
0 0.06446256038647342 0.07027818448023426 0.012983091787439614 0.06149341142020498
0 0.041817632850241544 0.06808199121522694 0.011171497584541062 0.06588579795021962
