0 0.9619212462137603 0.1776094276094276 0.014712245781047165 0.06228956228956229
0 0.9307659022068369 0.1750841750841751 0.018173950670705322 0.07744107744107744
0 0.8606663781912592 0.17676767676767677 0.027693639117265252 0.07407407407407407
0 0.8292946776287321 0.1936026936026936 0.02120294244915621 0.09427609427609428
0 0.7916486369536997 0.18181818181818182 0.023799221116399826 0.06734006734006734
0 0.7583297273907399 0.19023569023569023 0.014279532669839896 0.06060606060606061
0 0.7206836867157075 0.19528619528619529 0.02033751622674167 0.06734006734006734
0 0.6916919082648204 0.18602693602693604 0.02120294244915621 0.07912457912457913
0 0.6572912159238425 0.21043771043771045 0.028559065339679793 0.08754208754208755
0 0.6166161834703592 0.20622895622895623 0.016443098225876245 0.07575757575757576
0 0.5826482042405885 0.20707070707070707 0.015144958892254435 0.06397306397306397
0 0.5471657291215923 0.20622895622895623 0.01947209000432713 0.06228956228956229
0 0.5134141064474254 0.2138047138047138 0.023799221116399826 0.08417508417508418
0 0.48160969277369103 0.22053872053872053 0.027693639117265252 0.09090909090909091
0 0.959108610990913 0.4722222222222222 0.02120294244915621 0.08585858585858586
0 0.9257897014279532 0.4764309764309764 0.016875811337083515 0.08417508417508418
0 0.8883600173085244 0.4663299663299663 0.016443098225876245 0.06060606060606061
0 0.8574210298572047 0.484006734006734 0.012548680225010819 0.06565656565656566
0 0.7842925140631761 0.4823232323232323 0.018606663781912593 0.08249158249158249
0 0.7509736045002163 0.4957912457912458 0.024664647338814367 0.09259259259259259
0 0.7211163998269148 0.5075757575757576 0.016010385114668974 0.1127946127946128
0 0.685417568152315 0.5016835016835017 0.021635655560363478 0.09090909090909091
0 0.6529640848117698 0.51010101010101 0.025097360450021637 0.09090909090909091
0 0.9547814798788403 0.7718855218855218 0.018606663781912593 0.09932659932659933
0 0.9286023366508005 0.7735690235690236 0.02077022933794894 0.07575757575757576
0 0.8944180008654262 0.7710437710437711 0.021635655560363478 0.08080808080808081
0 0.8593682388576374 0.7870370370370371 0.021635655560363478 0.08249158249158249
0 0.8271311120726959 0.7811447811447811 0.02033751622674167 0.05387205387205387
0 0.7933794893985288 0.7853535353535354 0.03072263089571614 0.058922558922558925
0 0.76070964950238 0.7878787878787878 0.021635655560363478 0.06734006734006734
0 0.7276070964950238 0.7904040404040404 0.01947209000432713 0.05218855218855219
0 0.7072695802682821 0.7988215488215489 0.02033751622674167 0.07575757575757576
0 0.6888792730419732 0.7988215488215489 0.013846819558632626 0.06902356902356903
0 0.6531804413673734 0.803030303030303 0.006490696668109044 0.04713804713804714
0 0.6241886629164863 0.8072390572390572 0.010817827780181739 0.0723905723905724
0 0.5822154911293812 0.8063973063973064 0.015144958892254435 0.06734006734006734
0 0.5480311553440069 0.8047138047138047 0.014279532669839896 0.050505050505050504
0 0.5471657291215923 0.515993265993266 0.008221549112938122 0.05555555555555555
0 0.515361315447858 0.5143097643097643 0.01038511466897447 0.05555555555555555
0 0.4826914755517092 0.531986531986532 0.016875811337083515 0.08417508417508418
0 0.5149286023366508 0.8215488215488216 0.01125054089138901 0.0707070707070707
0 0.44504543487667675 0.2222222222222222 0.016010385114668974 0.04713804713804714
0 0.4132410212029424 0.234006734006734 0.0199048031155344 0.07407407407407407
0 0.3762440501947209 0.22306397306397308 0.015144958892254435 0.07912457912457913
0 0.27217654694937254 0.2297979797979798 0.019039376893119863 0.0723905723905724
0 0.2431847684984855 0.23737373737373738 0.01730852444829078 0.08754208754208755
0 0.2064041540458676 0.24494949494949494 0.0199048031155344 0.07912457912457913
0 0.17265253137170056 0.2398989898989899 0.01730852444829078 0.045454545454545456
0 0.1343574210298572 0.24326599326599327 0.02206836867157075 0.09259259259259259
0 0.10731285157940286 0.2516835016835017 0.015577672003461706 0.0723905723905724
0 0.06685417568152315 0.255050505050505 0.01947209000432713 0.09259259259259259
0 0.031804413673734315 0.2542087542087542 0.014279532669839896 0.0707070707070707
0 0.4452617914322804 0.5252525252525253 0.01730852444829078 0.05723905723905724
0 0.4104283859800952 0.5277777777777778 0.017741237559498052 0.07575757575757576
0 0.3712678494158373 0.5345117845117845 0.01730852444829078 0.07912457912457913
0 0.3357853742968412 0.531986531986532 0.012981393336218087 0.05723905723905724
0 0.30095196884465597 0.5395622895622896 0.02206836867157075 0.08922558922558922
0 0.264820424058849 0.5496632996632996 0.024231934227607096 0.07575757575757576
0 0.23344872349632192 0.5488215488215489 0.023799221116399826 0.07407407407407407
0 0.20575508437905668 0.5496632996632996 0.017741237559498052 0.07912457912457913
0 0.16767633059281697 0.5563973063973064 0.016010385114668974 0.05555555555555555
0 0.13349199480744267 0.5471380471380471 0.02293379489398529 0.0707070707070707
0 0.06793595845954133 0.5580808080808081 0.014712245781047165 0.06902356902356903
0 0.034833405452185204 0.5622895622895623 0.01947209000432713 0.08080808080808081
0 0.4813933362180874 0.8215488215488216 0.018606663781912593 0.06397306397306397
0 0.44244915620943315 0.8240740740740741 0.015144958892254435 0.06565656565656566
0 0.4112938122025097 0.8232323232323232 0.013414106447425357 0.06060606060606061
0 0.3777585460839463 0.8240740740740741 0.015577672003461706 0.06565656565656566
0 0.3453050627434011 0.8274410774410774 0.0199048031155344 0.06228956228956229
0 0.3072263089571614 0.8358585858585859 0.024231934227607096 0.06228956228956229
0 0.2674167027260926 0.8291245791245792 0.02077022933794894 0.06228956228956229
0 0.24037213327563825 0.8341750841750841 0.016875811337083515 0.058922558922558925
0 0.2027260926006058 0.8468013468013468 0.015144958892254435 0.050505050505050504
0 0.17135439203807876 0.8493265993265994 0.01125054089138901 0.05555555555555555
0 0.13522284725227174 0.8434343434343434 0.016010385114668974 0.07744107744107744
0 0.10493292946776288 0.8400673400673401 0.02120294244915621 0.08754208754208755
0 0.07009952401557767 0.851010101010101 0.012981393336218087 0.03872053872053872
0 0.038078753786239726 0.8501683501683501 0.012981393336218087 0.06397306397306397
