0 0.973170731707317 0.10606060606060606 0.04878048780487805 0.1335578002244669
0 0.8914634146341464 0.12626262626262627 0.028455284552845527 0.09764309764309764
0 0.9184959349593496 0.12738496071829405 0.01097560975609756 0.03254769921436588
0 0.865650406504065 0.1520763187429854 0.026422764227642278 0.08417508417508418
0 0.8339430894308943 0.15824915824915825 0.03780487804878049 0.10325476992143659
0 0.7997967479674797 0.18237934904601572 0.03048780487804878 0.10437710437710437
0 0.7715447154471544 0.1835016835016835 0.034959349593495934 0.13131313131313133
0 0.7398373983739838 0.20426487093153758 0.016260162601626018 0.038159371492704826
0 0.7154471544715447 0.20650953984287318 0.030894308943089432 0.09876543209876543
0 0.6815040650406504 0.22671156004489337 0.048373983739837395 0.11447811447811448
0 0.649390243902439 0.2362514029180696 0.034552845528455285 0.09764309764309764
0 0.615650406504065 0.265993265993266 0.03861788617886179 0.11447811447811448
0 0.9857723577235772 0.29854096520763185 0.023577235772357725 0.12570145903479238
0 0.9642276422764228 0.31874298540965207 0.034959349593495934 0.10101010101010101
0 0.933739837398374 0.3277216610549944 0.030894308943089432 0.13468013468013468
0 0.9054878048780488 0.32491582491582494 0.019105691056910568 0.06172839506172839
0 0.8774390243902439 0.34062850729517397 0.02804878048780488 0.09988776655443322
0 0.8502032520325203 0.3552188552188552 0.01991869918699187 0.08417508417508418
0 0.8233739837398374 0.367003367003367 0.03943089430894309 0.11896745230078563
0 0.7890243902439025 0.3984287317620651 0.03333333333333333 0.12345679012345678
0 0.7615853658536585 0.3939393939393939 0.03861788617886179 0.13916947250280584
0 0.7199186991869919 0.3995510662177329 0.02926829268292683 0.12794612794612795
0 0.6904471544715447 0.4377104377104377 0.03211382113821138 0.10549943883277217
0 0.9601626016260163 0.5185185185185185 0.05447154471544716 0.14814814814814814
0 0.9292682926829269 0.5196408529741863 0.03414634146341464 0.13468013468013468
0 0.9042682926829269 0.5364758698092031 0.03048780487804878 0.10774410774410774
0 0.8839430894308943 0.5679012345679012 0.034552845528455285 0.11896745230078563
0 0.8475609756097561 0.5684624017957352 0.03739837398373984 0.10662177328843996
0 0.8046747967479675 0.5735129068462402 0.025609756097560974 0.08754208754208755
0 0.7810975609756098 0.5813692480359147 0.03211382113821138 0.12121212121212122
0 0.7534552845528455 0.5982042648709316 0.036178861788617886 0.1324354657687991
0 0.7142276422764228 0.6212121212121212 0.03414634146341464 0.11560044893378227
0 0.6829268292682927 0.6257014590347924 0.030894308943089432 0.10437710437710437
0 0.6660569105691057 0.6475869809203143 0.0443089430894309 0.1324354657687991
0 0.6607723577235772 0.4332210998877666 0.034552845528455285 0.11672278338945005
0 0.6310975609756098 0.4601571268237935 0.03861788617886179 0.10101010101010101
0 0.5640243902439024 0.27048260381593714 0.032926829268292684 0.10774410774410774
0 0.5896341463414634 0.26823793490460157 0.015040650406504066 0.03367003367003367
0 0.5300813008130081 0.3002244668911336 0.032520325203252036 0.10213243546576879
0 0.4997967479674797 0.3052749719416386 0.036178861788617886 0.12121212121212122
0 0.5719512195121951 0.47474747474747475 0.04390243902439024 0.11896745230078563
0 0.5493902439024391 0.49270482603815935 0.03211382113821138 0.11447811447811448
0 0.6225609756097561 0.6627384960718294 0.03943089430894309 0.10437710437710437
0 0.6077235772357723 0.675645342312009 0.026016260162601626 0.08754208754208755
0 0.5776422764227642 0.6722783389450057 0.03414634146341464 0.12570145903479238
0 0.551219512195122 0.6958473625140292 0.04065040650406504 0.12794612794612795
0 0.5128048780487805 0.7098765432098766 0.0475609756097561 0.09764309764309764
0 0.5148373983739838 0.5117845117845118 0.02967479674796748 0.08978675645342311
0 0.48333333333333334 0.5157126823793491 0.04065040650406504 0.1447811447811448
0 0.45691056910569106 0.5375982042648709 0.041463414634146344 0.14590347923681257
0 0.44634146341463415 0.335016835016835 0.013008130081300813 0.030303030303030304
0 0.40508130081300814 0.34175084175084175 0.01097560975609756 0.050505050505050504
0 0.3878048780487805 0.35353535353535354 0.014634146341463415 0.038159371492704826
0 0.4113821138211382 0.5471380471380471 0.04715447154471545 0.1425364758698092
0 0.47235772357723577 0.7272727272727273 0.03333333333333333 0.11672278338945005
0 0.4432926829268293 0.7317620650953984 0.03780487804878049 0.1122334455667789
0 0.4201219512195122 0.745230078563412 0.042682926829268296 0.1324354657687991
0 0.38943089430894307 0.7738496071829405 0.036585365853658534 0.1111111111111111
0 0.3613821138211382 0.7755331088664422 0.026016260162601626 0.11896745230078563
0 0.3304878048780488 0.7912457912457912 0.03333333333333333 0.10549943883277217
0 0.36341463414634145 0.569023569023569 0.03008130081300813 0.10774410774410774
0 0.33455284552845527 0.574635241301908 0.04227642276422764 0.11896745230078563
0 0.3042682926829268 0.5942760942760943 0.01991869918699187 0.05499438832772166
0 0.3203252032520325 0.38159371492704824 0.028455284552845527 0.10549943883277217
0 0.2934959349593496 0.398989898989899 0.03414634146341464 0.1111111111111111
0 0.2556910569105691 0.41301907968574636 0.024390243902439025 0.09876543209876543
0 0.23028455284552846 0.4118967452300786 0.022357723577235773 0.06958473625140292
0 0.2758130081300813 0.6094276094276094 0.03373983739837398 0.11447811447811448
0 0.241869918699187 0.621773288439955 0.03414634146341464 0.10325476992143659
0 0.2961382113821138 0.8058361391694725 0.03373983739837398 0.10998877665544332
0 0.2678861788617886 0.8063973063973064 0.03008130081300813 0.122334455667789
0 0.24288617886178862 0.8249158249158249 0.03699186991869919 0.13468013468013468
0 0.2073170731707317 0.8462401795735129 0.03902439024390244 0.11896745230078563
0 0.174390243902439 0.8569023569023569 0.034959349593495934 0.11784511784511785
0 0.20894308943089432 0.6380471380471381 0.03170731707317073 0.07968574635241302
0 0.19349593495934958 0.4450056116722783 0.038211382113821135 0.09764309764309764
0 0.166869918699187 0.4405162738496072 0.023170731707317073 0.08866442199775533
0 0.1353658536585366 0.4618406285072952 0.03902439024390244 0.12906846240179573
0 0.10447154471544716 0.4826038159371493 0.036585365853658534 0.10549943883277217
0 0.06890243902439025 0.49382716049382713 0.04024390243902439 0.11672278338945005
0 0.03434959349593496 0.5129068462401796 0.026422764227642278 0.08978675645342311
0 0.010772357723577236 0.5078563411896745 0.020731707317073172 0.1111111111111111
0 0.17642276422764228 0.6470258136924804 0.03414634146341464 0.12008978675645342
0 0.14268292682926828 0.6616161616161617 0.03577235772357724 0.12906846240179573
0 0.11097560975609756 0.6683501683501684 0.034959349593495934 0.1335578002244669
0 0.08516260162601626 0.6891133557800224 0.04105691056910569 0.13019079685746351
0 0.02723577235772358 0.7171717171717171 0.044715447154471545 0.12794612794612795
0 0.11707317073170732 0.8574635241301908 0.024390243902439025 0.10325476992143659
0 0.10569105691056911 0.9012345679012346 0.024390243902439025 0.08305274971941638
0 0.07764227642276422 0.8978675645342312 0.03333333333333333 0.11447811447811448
0 0.048373983739837395 0.9152637485970819 0.036585365853658534 0.09988776655443322
0 0.01788617886178862 0.9191919191919192 0.034959349593495934 0.12121212121212122
0 0.35365853658536583 0.37429854096520765 0.013008130081300813 0.03479236812570146
0 0.13678861788617885 0.8765432098765432 0.03048780487804878 0.10774410774410774
