0 0.9302570585756427 0.0972644376899696 0.0316055625790139 0.07092198581560284
0 0.899283607248209 0.11448834853090173 0.035398230088495575 0.09321175278622088
0 0.8664138221660346 0.1276595744680851 0.035398230088495575 0.0668693009118541
0 0.83354403708386 0.1453900709219858 0.031184155077960386 0.08611955420466058
0 0.8008849557522124 0.1540020263424519 0.03750526759376317 0.0851063829787234
0 0.7678044669195112 0.1752786220871327 0.0337126000842815 0.08713272543059777
0 0.7372524230931311 0.19706180344478216 0.025705857564264644 0.06382978723404255
0 0.7045933417614834 0.20314083080040526 0.0337126000842815 0.07801418439716312
0 0.6731984829329962 0.22340425531914893 0.02654867256637168 0.0800405268490375
0 0.6474926253687315 0.22897669706180346 0.03666245259165613 0.0668693009118541
0 0.612937210282343 0.24924012158054712 0.027391487568478718 0.06484295845997974
0 0.9279393173198482 0.28520770010131713 0.03286978508217446 0.08206686930091185
0 0.8929624947324062 0.3044579533941236 0.03708386009270965 0.07396149949341439
0 0.859039190897598 0.31661600810536983 0.038348082595870206 0.07801418439716312
0 0.8234302570585756 0.3292806484295846 0.034555415086388534 0.09523809523809523
0 0.7930889169827223 0.3505572441742654 0.03034134007585335 0.08308004052684904
0 0.7623261694058154 0.3617021276595745 0.0337126000842815 0.08308004052684904
0 0.7300884955752213 0.3860182370820669 0.029919932574799833 0.08105369807497467
0 0.6997471554993678 0.39311043566362713 0.0316055625790139 0.09321175278622088
0 0.6691951116729877 0.4138804457953394 0.03202697008006743 0.08814589665653495
0 0.6350611040876527 0.4270516717325228 0.03034134007585335 0.09827760891590678
0 0.60598398651496 0.4371833839918946 0.03034134007585335 0.08611955420466058
0 0.9397387273493468 0.46504559270516715 0.0337126000842815 0.08105369807497467
0 0.9056047197640118 0.48632218844984804 0.029498525073746312 0.0729483282674772
0 0.8750526759376317 0.49746707193515705 0.032448377581120944 0.0911854103343465
0 0.8466076696165191 0.5075987841945289 0.031184155077960386 0.07497467071935157
0 0.8154235145385588 0.5288753799392097 0.04129793510324484 0.07700101317122594
0 0.7791824694479562 0.544579533941236 0.034555415086388534 0.08611955420466058
0 0.7461019806152549 0.5521783181357649 0.033291192583227984 0.0972644376899696
0 0.7130214917825537 0.5704154002026343 0.036241045090602615 0.09523809523809523
0 0.6862621154656553 0.585612968591692 0.027391487568478718 0.0851063829787234
0 0.6582385166455963 0.6008105369807497 0.03202697008006743 0.0911854103343465
0 0.622629582806574 0.6139817629179332 0.043404972608512435 0.10131712259371833
0 0.5853350189633375 0.2619047619047619 0.03034134007585335 0.09017223910840932
0 0.5524652338811631 0.28368794326241137 0.0337126000842815 0.0729483282674772
0 0.52275600505689 0.29027355623100304 0.033291192583227984 0.0800405268490375
0 0.4892541087231353 0.30851063829787234 0.03792667509481669 0.09827760891590678
0 0.45364517488411293 0.33282674772036475 0.028234302570585755 0.06990881458966565
0 0.42414664981036665 0.33890577507598785 0.0316055625790139 0.10435663627152988
0 0.3944374209860936 0.3596757852077001 0.03792667509481669 0.10131712259371833
0 0.36325326590813317 0.3779128672745694 0.02359882005899705 0.07497467071935157
0 0.3335440370838601 0.38855116514690985 0.03581963758954909 0.08206686930091185
0 0.30467762326169406 0.40526849037487334 0.0134850400337126 0.040526849037487336
0 0.5756426464391066 0.45390070921985815 0.036241045090602615 0.08308004052684904
0 0.5410872313527181 0.4756838905775076 0.036241045090602615 0.09625126646403243
0 0.5117994100294986 0.48024316109422494 0.03581963758954909 0.0911854103343465
0 0.4797724399494311 0.4989868287740628 0.027391487568478718 0.08206686930091185
0 0.44627054361567636 0.5202634245187436 0.031184155077960386 0.09422492401215805
0 0.4186683522966709 0.5319148936170213 0.03413400758533502 0.08105369807497467
0 0.38474504846186264 0.5466058763931104 0.035398230088495575 0.09827760891590678
0 0.3527180783817952 0.5643363728470111 0.03034134007585335 0.0851063829787234
0 0.320480404551201 0.5759878419452887 0.032448377581120944 0.0800405268490375
0 0.2890855457227139 0.5927051671732523 0.026127265065318164 0.09523809523809523
0 0.5931310577328276 0.6337386018237082 0.02654867256637168 0.10030395136778116
0 0.5592077538980194 0.6509625126646403 0.03202697008006743 0.0800405268490375
0 0.5318162663295407 0.6621073961499493 0.03286978508217446 0.08409321175278622
0 0.5018963337547409 0.6752786220871327 0.03202697008006743 0.10233029381965553
0 0.46860514117151286 0.6975683890577508 0.03286978508217446 0.10030395136778116
0 0.4367888748419722 0.7178318135764944 0.029919932574799833 0.09219858156028368
0 0.40686894226717235 0.7218844984802432 0.033291192583227984 0.09422492401215805
0 0.3725242309313106 0.7380952380952381 0.028655710071639275 0.09827760891590678
0 0.34365781710914456 0.7629179331306991 0.033291192583227984 0.09929078014184398
0 0.3109987357774968 0.7781155015197568 0.03876949009692372 0.10131712259371833
0 0.268857985672145 0.41691995947315097 0.03202697008006743 0.07193515704154002
0 0.23662031184155077 0.43617021276595747 0.032448377581120944 0.08206686930091185
0 0.20353982300884957 0.44832826747720367 0.028655710071639275 0.08611955420466058
0 0.17256637168141592 0.4630192502532928 0.033291192583227984 0.09523809523809523
0 0.14412136536030343 0.48226950354609927 0.024441635061104087 0.06484295845997974
0 0.11441213653603034 0.502532928064843 0.021491782553729456 0.0729483282674772
0 0.08723135271807839 0.5096251266464032 0.03202697008006743 0.0851063829787234
0 0.04530130636325327 0.5374873353596757 0.0316055625790139 0.07598784194528875
0 0.25747998314369996 0.5997973657548126 0.036241045090602615 0.09523809523809523
0 0.22945638432364096 0.6210739614994935 0.03076274757690687 0.0911854103343465
0 0.20185419300463547 0.6347517730496454 0.03286978508217446 0.09625126646403243
0 0.17024863042562158 0.6555217831813577 0.036241045090602615 0.08915906788247213
0 0.13611462284028655 0.6681864235055724 0.03202697008006743 0.08814589665653495
0 0.10598398651495997 0.6818642350557245 0.0316055625790139 0.08105369807497467
0 0.07437842393594606 0.6940222897669707 0.033291192583227984 0.0790273556231003
0 0.28192161820480405 0.78419452887538 0.03202697008006743 0.09523809523809523
0 0.2534766118836915 0.7963525835866262 0.032448377581120944 0.1033434650455927
0 0.22123893805309736 0.8069908814589666 0.03708386009270965 0.09219858156028368
0 0.18541930046354826 0.8282674772036475 0.040455120101137804 0.09625126646403243
0 0.15444584913611462 0.8500506585612969 0.025705857564264644 0.07497467071935157
0 0.12305099030762748 0.8667679837892603 0.03202697008006743 0.08611955420466058
0 0.09144542772861357 0.8834853090172239 0.031184155077960386 0.0911854103343465
0 0.06300042140750105 0.8951367781155015 0.03497682258744206 0.10030395136778116
