0 0.9772155876807039 0.7346938775510204 0.019170333123821496 0.09523809523809523
0 0.9541169076052797 0.7372448979591837 0.02011313639220616 0.09693877551020408
0 0.9300754242614707 0.7482993197278912 0.017284726587052168 0.10204081632653061
0 0.9066624764299183 0.7517006802721088 0.013199245757385292 0.06802721088435375
0 0.8813639220615965 0.7457482993197279 0.017913262099308613 0.09693877551020408
0 0.8577938403519799 0.75 0.021684475172847266 0.10884353741496598
0 0.8334380892520428 0.7457482993197279 0.020741671904462602 0.11394557823129252
0 0.8059396605908233 0.7474489795918368 0.02294154619736015 0.10034013605442177
0 0.7833123821495914 0.7517006802721088 0.019798868636077938 0.08843537414965986
0 0.7532998114393463 0.7585034013605442 0.021370207416719043 0.11224489795918367
0 0.9747014456316782 0.4413265306122449 0.0147705845380264 0.0663265306122449
0 0.9470458830923947 0.4370748299319728 0.012884978001257071 0.07482993197278912
0 0.9222187303582653 0.44302721088435376 0.017913262099308613 0.07993197278911565
0 0.896291640477687 0.4481292517006803 0.01508485229415462 0.07312925170068027
0 0.8730358265241986 0.45153061224489793 0.01508485229415462 0.08333333333333333
0 0.8447517284726587 0.445578231292517 0.023255813953488372 0.10884353741496598
0 0.8233815210559396 0.44387755102040816 0.01759899434318039 0.10884353741496598
0 0.7877121307353866 0.46258503401360546 0.02042740414833438 0.11564625850340136
0 0.9648020113136392 0.12159863945578231 0.020741671904462602 0.12414965986394558
0 0.9439032055311125 0.12585034013605442 0.010370835952231301 0.07482993197278912
0 0.9195474544311754 0.13010204081632654 0.01759899434318039 0.09013605442176871
0 0.8966059082338153 0.13690476190476192 0.018227529855436832 0.06972789115646258
0 0.8708359522313011 0.1326530612244898 0.01571338780641106 0.07142857142857142
0 0.8427089880578252 0.1445578231292517 0.017913262099308613 0.10204081632653061
0 0.8194531741043369 0.1377551020408163 0.024198617221873036 0.1292517006802721
0 0.7932118164676304 0.15476190476190477 0.01948460087994972 0.1326530612244898
0 0.7697988686360779 0.4608843537414966 0.02294154619736015 0.1360544217687075
0 0.7701131363922061 0.14965986394557823 0.015399120050282841 0.06802721088435375
0 0.740100565681961 0.14625850340136054 0.02765556253928347 0.14285714285714285
0 0.717316153362665 0.15136054421768708 0.02042740414833438 0.1292517006802721
0 0.7413576367064739 0.4549319727891156 0.02451288497800126 0.11394557823129252
0 0.7195160276555626 0.46258503401360546 0.02042740414833438 0.11904761904761904
0 0.6961030798240101 0.467687074829932 0.023255813953488372 0.11904761904761904
0 0.6659333752357008 0.4608843537414966 0.018227529855436832 0.09183673469387756
0 0.6464487743557511 0.46003401360544216 0.021370207416719043 0.10034013605442177
0 0.6227215587680704 0.4719387755102041 0.018541797611565054 0.10714285714285714
0 0.6030798240100566 0.46683673469387754 0.021370207416719043 0.11734693877551021
0 0.5774670018856065 0.467687074829932 0.019798868636077938 0.11564625850340136
0 0.7267441860465116 0.7542517006802721 0.022313010685103708 0.11734693877551021
0 0.7058453802639849 0.7576530612244898 0.02011313639220616 0.12074829931972789
0 0.6802325581395349 0.7780612244897959 0.021055939660590824 0.10374149659863946
0 0.6552482715273413 0.7678571428571429 0.02011313639220616 0.09693877551020408
0 0.6277498428661219 0.7687074829931972 0.017913262099308613 0.09863945578231292
0 0.6081081081081081 0.7678571428571429 0.01508485229415462 0.07993197278911565
0 0.5831238214959146 0.7772108843537415 0.012884978001257071 0.07482993197278912
0 0.6967316153362665 0.15901360544217688 0.020741671904462602 0.12755102040816327
0 0.6679761156505343 0.15476190476190477 0.022313010685103708 0.1054421768707483
0 0.6453488372093024 0.15816326530612246 0.02294154619736015 0.1054421768707483
0 0.6194217473287241 0.15476190476190477 0.023255813953488372 0.11904761904761904
0 0.5942803268384663 0.16666666666666666 0.02451288497800126 0.1360544217687075
0 0.5729101194217473 0.17261904761904762 0.021370207416719043 0.13435374149659865
0 0.5485543683218101 0.16326530612244897 0.02294154619736015 0.12585034013605442
0 0.5265556253928347 0.1760204081632653 0.018541797611565054 0.10034013605442177
0 0.5040854808296669 0.17431972789115646 0.02011313639220616 0.07993197278911565
0 0.47658705216844754 0.1879251700680272 0.021684475172847266 0.13095238095238096
0 0.4544311753614079 0.1836734693877551 0.01697045883092395 0.10204081632653061
0 0.42331866750471403 0.1828231292517007 0.02199874292897549 0.10374149659863946
0 0.5274984286612193 0.48299319727891155 0.02042740414833438 0.09183673469387756
0 0.502828409805154 0.4736394557823129 0.01948460087994972 0.10374149659863946
0 0.4773727215587681 0.48554421768707484 0.01508485229415462 0.10374149659863946
0 0.4558453802639849 0.4931972789115646 0.019170333123821496 0.12244897959183673
0 0.42928975487115023 0.4931972789115646 0.01697045883092395 0.1054421768707483
0 0.5364550597108737 0.7738095238095238 0.014456316781898177 0.08843537414965986
0 0.511313639220616 0.7814625850340136 0.023255813953488372 0.11394557823129252
0 0.48617221873035826 0.7687074829931972 0.01759899434318039 0.1054421768707483
0 0.4604022627278441 0.7857142857142857 0.014456316781898177 0.08503401360544217
0 0.4288183532369579 0.7840136054421769 0.019798868636077938 0.1292517006802721
0 0.4109050911376493 0.7865646258503401 0.021055939660590824 0.1377551020408163
0 0.4013199245757385 0.4897959183673469 0.018856065367693273 0.08503401360544217
0 0.39723444374607164 0.19047619047619047 0.02011313639220616 0.1292517006802721
0 0.3771213073538655 0.19472789115646258 0.018227529855436832 0.11394557823129252
0 0.3332809553739786 0.1989795918367347 0.011627906976744186 0.07482993197278912
0 0.3104965430546826 0.20408163265306123 0.021370207416719043 0.11564625850340136
0 0.2856693903205531 0.195578231292517 0.02011313639220616 0.1054421768707483
0 0.26131363922061596 0.20153061224489796 0.019170333123821496 0.09013605442176871
0 0.38152105593966057 0.48299319727891155 0.01759899434318039 0.11224489795918367
0 0.3563796354494029 0.5008503401360545 0.008799497171590195 0.07312925170068027
0 0.3313953488372093 0.49829931972789115 0.018541797611565054 0.1360544217687075
0 0.31112507856693905 0.5136054421768708 0.023255813953488372 0.14285714285714285
0 0.2867693274670019 0.5153061224489796 0.021055939660590824 0.1054421768707483
0 0.26398491514770583 0.5059523809523809 0.01697045883092395 0.10714285714285714
0 0.3873350094280327 0.7976190476190477 0.01225644248900063 0.08503401360544217
0 0.36486486486486486 0.8035714285714286 0.023255813953488372 0.11054421768707483
0 0.34380892520427403 0.7993197278911565 0.020741671904462602 0.1360544217687075
0 0.3199245757385292 0.8027210884353742 0.02451288497800126 0.14625850340136054
0 0.3001257071024513 0.8112244897959183 0.02199874292897549 0.12585034013605442
0 0.27309868007542426 0.8061224489795918 0.02199874292897549 0.10884353741496598
0 0.24685732243871777 0.8044217687074829 0.018541797611565054 0.1054421768707483
0 0.22140163419233186 0.8154761904761905 0.021055939660590824 0.09693877551020408
0 0.1968887492143306 0.8239795918367347 0.019170333123821496 0.09013605442176871
0 0.1464487743557511 0.8231292517006803 0.02262727844123193 0.10884353741496598
0 0.12303582652419862 0.8171768707482994 0.013513513513513514 0.07993197278911565
0 0.23774355751099938 0.5144557823129252 0.017913262099308613 0.11054421768707483
0 0.20961659333752358 0.5144557823129252 0.016341923318667503 0.0935374149659864
0 0.1893463230672533 0.516156462585034 0.021684475172847266 0.11394557823129252
0 0.16499057196731615 0.5272108843537415 0.01759899434318039 0.11564625850340136
0 0.13984915147705845 0.5195578231292517 0.02011313639220616 0.12414965986394558
0 0.1184789440603394 0.5306122448979592 0.016341923318667503 0.11224489795918367
0 0.2369578881206788 0.20408163265306123 0.023255813953488372 0.1360544217687075
0 0.2118164676304211 0.21428571428571427 0.018856065367693273 0.09863945578231292
0 0.18557510999371465 0.2151360544217687 0.009113764927718416 0.05272108843537415
0 0.1624764299182904 0.21598639455782312 0.02011313639220616 0.09183673469387756
0 0.13733500942803267 0.2227891156462585 0.02451288497800126 0.10884353741496598
0 0.11423632935260843 0.22108843537414966 0.016027655562539284 0.08503401360544217
0 0.09302325581395349 0.22534013605442177 0.018856065367693273 0.12414965986394558
0 0.06992457573852923 0.23809523809523808 0.021055939660590824 0.09183673469387756
0 0.09349465744814582 0.5382653061224489 0.026084223758642364 0.13095238095238096
0 0.07416719044626022 0.5382653061224489 0.01759899434318039 0.09693877551020408
0 0.10009428032683847 0.8205782312925171 0.021055939660590824 0.10034013605442177
0 0.07746700188560654 0.8231292517006803 0.018541797611565054 0.09863945578231292
0 0.05641106222501571 0.8273809523809523 0.015399120050282841 0.10034013605442177
0 0.031741043368950346 0.8358843537414966 0.02011313639220616 0.11734693877551021
0 0.04556882463859208 0.5433673469387755 0.02199874292897549 0.11734693877551021
0 0.0458830923947203 0.23129251700680273 0.026398491514770583 0.16326530612244897
0 0.023412947831552483 0.23979591836734693 0.007228158390949088 0.047619047619047616
