0 0.9874544718737354 0.06159014557670773 0.024281667341157425 0.11198208286674133
0 0.9647915823553217 0.08006718924972005 0.03480372318899231 0.13325867861142218
0 0.9378794010522056 0.083986562150056 0.03358963982193444 0.09630459126539753
0 0.9030756778632133 0.10582306830907055 0.04411169566976932 0.13997760358342665
0 0.8721165520032376 0.11086226203807391 0.029947389720760824 0.10302351623740201
0 0.8425738567381627 0.12486002239641657 0.03237555645487657 0.08174692049272117
0 0.8138405503844597 0.13773796192609183 0.03318494536624848 0.11422172452407615
0 0.78328611898017 0.1534154535274356 0.03763658437879401 0.13213885778275475
0 0.7484823957911777 0.1629339305711086 0.036827195467422094 0.12430011198208286
0 0.7229866450829624 0.1702127659574468 0.031161473087818695 0.10078387458006718
0 0.6950627276406314 0.1864501679731243 0.04087414002428167 0.1265397536394177
0 0.6639012545528127 0.20100783874580067 0.03763658437879401 0.14669652855543114
0 0.6361796843383246 0.2122060470324748 0.0339943342776204 0.11534154535274356
0 0.5977337110481586 0.2374020156774916 0.04208822339133954 0.10526315789473684
0 0.9866450829623634 0.261478163493841 0.025900445163901255 0.12206047032474804
0 0.9676244435451234 0.27547592385218367 0.035613112100364226 0.1343784994400896
0 0.9374747065965197 0.28387458006718924 0.02954269526507487 0.11758118701007839
0 0.9087414002428167 0.2973124300111982 0.03520841764467827 0.135498320268757
0 0.8804127883447996 0.3169092945128779 0.040064751112909754 0.1343784994400896
0 0.8474301902063942 0.31746920492721165 0.03156616754350466 0.11982082866741321
0 0.8193039255362201 0.3381858902575588 0.036827195467422094 0.10302351623740201
0 0.782476730068798 0.35442329227323627 0.04411169566976932 0.135498320268757
0 0.7494941319303926 0.36226203807390817 0.03075677863213274 0.11982082866741321
0 0.7189397005261028 0.37793952967525196 0.036827195467422094 0.13773796192609183
0 0.6869688385269122 0.387458006718925 0.03844597329016593 0.11198208286674133
0 0.5698097936058276 0.2525195968645017 0.025900445163901255 0.10414333706606943
0 0.5483609874544719 0.24860022396416573 0.03480372318899231 0.10750279955207166
0 0.51902063941724 0.2620380739081747 0.036017806556050184 0.11422172452407615
0 0.4842169162282477 0.27379619260918253 0.03520841764467827 0.12206047032474804
0 0.6428571428571429 0.4070548712206047 0.04087414002428167 0.13997760358342665
0 0.6050182112505059 0.4305711086226204 0.04208822339133954 0.1422172452407615
0 0.5696074463779847 0.4540873460246361 0.04330230675839741 0.11982082866741321
0 0.9728854714690409 0.4899216125419933 0.03480372318899231 0.11982082866741321
0 0.9429380817482801 0.49384098544232924 0.03480372318899231 0.09854423292273236
0 0.9129906920275193 0.503919372900336 0.02913800080938891 0.09182530795072788
0 0.8779846216106839 0.5128779395296752 0.02954269526507487 0.10526315789473684
0 0.848239579117766 0.5375139977603584 0.03318494536624848 0.11198208286674133
0 0.8170781060299473 0.5537513997760358 0.028328611898016998 0.0929451287793953
0 0.7887494941319304 0.5565509518477044 0.029947389720760824 0.12541993281075028
0 0.7592067988668555 0.5811870100783875 0.0339943342776204 0.11198208286674133
0 0.7213678672602185 0.5974244120940649 0.042492917847025496 0.1265397536394177
0 0.6942533387292594 0.6013437849944009 0.025495750708215296 0.0940649496080627
0 0.6659247268312424 0.6131019036954087 0.03358963982193444 0.09070548712206047
0 0.6361796843383246 0.6287793952967525 0.0339943342776204 0.11086226203807391
0 0.6052205584783489 0.6343784994400896 0.03358963982193444 0.11310190369540873
0 0.5793201133144475 0.6601343784994401 0.026305139619587213 0.1019036954087346
0 0.5495750708215298 0.6578947368421053 0.035613112100364226 0.11982082866741321
0 0.5254957507082153 0.6657334826427772 0.036017806556050184 0.10414333706606943
0 0.5459328207203561 0.46024636058230683 0.0339943342776204 0.09182530795072788
0 0.5129502225819507 0.46808510638297873 0.04330230675839741 0.14109742441209405
0 0.4775394577094294 0.4820828667413214 0.036422501011736136 0.09966405375139978
0 0.45265074868474303 0.4966405375139978 0.036827195467422094 0.13773796192609183
0 0.4206798866855524 0.31187010078387456 0.042492917847025496 0.13101903695408734
0 0.3876972885471469 0.3141097424412094 0.029947389720760824 0.10414333706606943
0 0.3520841764467827 0.3337066069428891 0.03480372318899231 0.1187010078387458
0 0.3251719951436665 0.33762597984322507 0.03197086199919061 0.09518477043673013
0 0.29765277215702146 0.35106382978723405 0.02954269526507487 0.11758118701007839
0 0.4878591663294213 0.6959686450167973 0.027114528530959126 0.07726763717805152
0 0.4585188182921894 0.7049272116461366 0.0339943342776204 0.09966405375139978
0 0.4231080534196682 0.70996640537514 0.02792391744233104 0.09854423292273236
0 0.39417239983812224 0.7161254199328108 0.036422501011736136 0.11758118701007839
0 0.4131930392553622 0.4932810750279955 0.03156616754350466 0.10414333706606943
0 0.39012545528126263 0.5201567749160134 0.023472278429785512 0.09518477043673013
0 0.36584378794010525 0.5212765957446809 0.026709834075273168 0.1019036954087346
0 0.33407527316875757 0.5436730123180291 0.040064751112909754 0.1265397536394177
0 0.30412788344799674 0.5627099664053752 0.036827195467422094 0.11758118701007839
0 0.26487252124645894 0.5733482642777156 0.04492108458114124 0.1343784994400896
0 0.2709429380817483 0.3673012318029115 0.032780250910562525 0.10750279955207166
0 0.23978146499392958 0.3824188129899216 0.036827195467422094 0.1444568868980963
0 0.20861999190611089 0.396976483762598 0.030352084176446782 0.1601343784994401
0 0.17563739376770537 0.4132138857782755 0.03804127883447997 0.16573348264277715
0 0.1479158235532173 0.41993281075027994 0.03925536220153784 0.12094064949608063
0 0.11554026709834075 0.4216125419932811 0.02954269526507487 0.09742441209406495
0 0.08741400242816673 0.45464725643896975 0.03075677863213274 0.10974244120940649
0 0.056454876568191016 0.45576707726763716 0.03844597329016593 0.1276595744680851
0 0.21853500607041684 0.6035834266517357 0.03480372318899231 0.13213885778275475
0 0.18798057466612708 0.6052631578947368 0.02954269526507487 0.12430011198208286
0 0.15985430999595304 0.6254199328107503 0.03480372318899231 0.06606942889137737
0 0.12140833670578713 0.6416573348264277 0.03885066774585188 0.13213885778275475
0 0.09044921084581141 0.654535274356103 0.03763658437879401 0.12206047032474804
0 0.05402670983407527 0.6690929451287794 0.04815864022662889 0.1534154535274356
0 0.36179684338324564 0.7418812989921613 0.02913800080938891 0.06606942889137737
0 0.33407527316875757 0.7553191489361702 0.027114528530959126 0.07502799552071669
0 0.30513961958721164 0.7637178051511758 0.03156616754350466 0.09630459126539753
0 0.2776203966005666 0.7754759238521837 0.03075677863213274 0.09966405375139978
0 0.25050586806960745 0.7917133258678611 0.03885066774585188 0.09630459126539753
0 0.2132739781464994 0.8062709966405375 0.03723188992310805 0.10078387458006718
0 0.02063941723998381 0.47928331466965285 0.03318494536624848 0.09630459126539753
0 0.01962768110076892 0.6752519596864501 0.03844597329016593 0.15453527435610304
0 0.17867260218535005 0.8157894736842105 0.030352084176446782 0.09966405375139978
0 0.1527721570214488 0.8359462486002239 0.02792391744233104 0.07950727883538634
0 0.12585997571833266 0.8393057110862262 0.03885066774585188 0.11758118701007839
0 0.09125859975718333 0.8594624860022396 0.028733306353702956 0.09742441209406495
0 0.06252529340348037 0.8673012318029115 0.031161473087818695 0.11982082866741321
0 0.03460137596114933 0.8852183650615901 0.02954269526507487 0.0929451287793953
