0 0.9330985915492958 0.11419753086419752 0.02112676056338028 0.05555555555555555
0 0.9125586854460094 0.125 0.03169014084507042 0.07921810699588477
0 0.8814553990610329 0.13786008230452676 0.026604068857589983 0.047325102880658436
0 0.8591549295774648 0.15483539094650206 0.019561815336463225 0.060699588477366256
0 0.8333333333333334 0.16718106995884774 0.028169014084507043 0.06481481481481481
0 0.8082942097026604 0.18364197530864199 0.023474178403755867 0.07304526748971193
0 0.7601721439749609 0.20113168724279834 0.023474178403755867 0.06481481481481481
0 0.7402190923317684 0.21296296296296297 0.025821596244131457 0.047325102880658436
0 0.7097026604068858 0.23251028806584362 0.024256651017214397 0.05555555555555555
0 0.6827073552425665 0.24382716049382716 0.026604068857589983 0.04938271604938271
0 0.6588419405320813 0.25771604938271603 0.02190923317683881 0.05864197530864197
0 0.6328247261345853 0.2664609053497942 0.02543035993740219 0.0720164609053498
0 0.6077856025039123 0.2875514403292181 0.027777777777777776 0.05246913580246913
0 0.5811815336463224 0.301440329218107 0.02621283255086072 0.0720164609053498
0 0.9595070422535211 0.26337448559670784 0.027777777777777776 0.06790123456790123
0 0.931924882629108 0.2808641975308642 0.028951486697965573 0.08641975308641975
0 0.903755868544601 0.2926954732510288 0.024256651017214397 0.046296296296296294
0 0.877151799687011 0.30401234567901236 0.019561815336463225 0.06275720164609054
0 0.8526995305164319 0.31738683127572015 0.02621283255086072 0.06893004115226338
0 0.8006651017214398 0.35185185185185186 0.01917057902973396 0.059670781893004114
0 0.7775821596244131 0.3559670781893004 0.02464788732394366 0.06172839506172839
0 0.7527386541471048 0.3713991769547325 0.024256651017214397 0.06790123456790123
0 0.7278951486697965 0.38786008230452673 0.018388106416275432 0.059670781893004114
0 0.7036384976525821 0.39711934156378603 0.023865414710485134 0.0411522633744856
0 0.6768388106416275 0.4176954732510288 0.028169014084507043 0.0720164609053498
0 0.6535602503912363 0.419238683127572 0.030907668231611892 0.07098765432098765
0 0.6294992175273866 0.4367283950617284 0.024256651017214397 0.050411522633744855
0 0.6038732394366197 0.4567901234567901 0.01995305164319249 0.05555555555555555
0 0.5780516431924883 0.46810699588477367 0.02621283255086072 0.06378600823045268
0 0.5543818466353677 0.4809670781893004 0.024256651017214397 0.07098765432098765
0 0.9702660406885759 0.4254115226337449 0.03051643192488263 0.0668724279835391
0 0.945226917057903 0.4434156378600823 0.026604068857589983 0.0720164609053498
0 0.9190140845070423 0.4531893004115226 0.018779342723004695 0.056584362139917695
0 0.8973004694835681 0.4686213991769547 0.023865414710485134 0.05864197530864197
0 0.8718701095461658 0.4758230452674897 0.03169014084507042 0.08127572016460906
0 0.844679186228482 0.4984567901234568 0.024256651017214397 0.07304526748971193
0 0.8214006259780907 0.507201646090535 0.02543035993740219 0.059670781893004114
0 0.7906885758998435 0.5267489711934157 0.025039123630672927 0.0720164609053498
0 0.7695618153364632 0.5349794238683128 0.02112676056338028 0.05555555555555555
0 0.7458920187793427 0.5457818930041153 0.02699530516431925 0.07304526748971193
0 0.7192879499217527 0.5606995884773662 0.02699530516431925 0.059670781893004114
0 0.6938575899843505 0.5756172839506173 0.018388106416275432 0.05246913580246913
0 0.667057902973396 0.5905349794238683 0.02112676056338028 0.053497942386831275
0 0.6226525821596244 0.6059670781893004 0.023082942097026604 0.059670781893004114
0 0.594679186228482 0.6219135802469136 0.025039123630672927 0.060699588477366256
0 0.5553599374021909 0.3117283950617284 0.028560250391236306 0.06995884773662552
0 0.5299295774647887 0.3230452674897119 0.02543035993740219 0.06378600823045268
0 0.5072378716744914 0.3333333333333333 0.02464788732394366 0.07818930041152264
0 0.4816118935837246 0.3513374485596708 0.032081377151799685 0.0874485596707819
0 0.45774647887323944 0.3647119341563786 0.03442879499217527 0.08950617283950617
0 0.42859937402190923 0.3801440329218107 0.021517996870109544 0.07510288065843622
0 0.4055164319248826 0.389917695473251 0.023865414710485134 0.06995884773662552
0 0.3830203442879499 0.404320987654321 0.026604068857589983 0.07407407407407407
0 0.35700312989045385 0.419238683127572 0.02543035993740219 0.07510288065843622
0 0.32961658841940533 0.42849794238683125 0.02464788732394366 0.05246913580246913
0 0.3037949921752739 0.4470164609053498 0.022300469483568074 0.04835390946502058
0 0.27719092331768386 0.4691358024691358 0.02621283255086072 0.07407407407407407
0 0.2513693270735524 0.4773662551440329 0.021517996870109544 0.06790123456790123
0 0.22613458528951486 0.48302469135802467 0.028169014084507043 0.07510288065843622
0 0.2007042253521127 0.5010288065843621 0.01486697965571205 0.0411522633744856
0 0.17703442879499218 0.5087448559670782 0.018388106416275432 0.056584362139917695
0 0.526017214397496 0.4974279835390947 0.023865414710485134 0.060699588477366256
0 0.5013693270735524 0.5164609053497943 0.02543035993740219 0.06995884773662552
0 0.4769170579029734 0.5252057613168725 0.023474178403755867 0.08333333333333333
0 0.4507042253521127 0.5349794238683128 0.024256651017214397 0.08641975308641975
0 0.42977308294209704 0.5390946502057613 0.017605633802816902 0.059670781893004114
0 0.3982785602503912 0.5622427983539094 0.0297339593114241 0.06893004115226338
0 0.37539123630672927 0.5787037037037037 0.02621283255086072 0.060699588477366256
0 0.34624413145539906 0.588477366255144 0.02269170579029734 0.0720164609053498
0 0.3225743348982786 0.6008230452674898 0.023865414710485134 0.059670781893004114
0 0.2965571205007825 0.6172839506172839 0.0297339593114241 0.07613168724279835
0 0.24413145539906103 0.6414609053497943 0.03286384976525822 0.06893004115226338
0 0.2214397496087637 0.654320987654321 0.025821596244131457 0.07613168724279835
0 0.19679186228482004 0.6748971193415638 0.024256651017214397 0.059670781893004114
0 0.17155712050078248 0.6774691358024691 0.023865414710485134 0.07921810699588477
0 0.5672926447574335 0.6496913580246914 0.027386541471048513 0.08539094650205761
0 0.543035993740219 0.6604938271604939 0.02034428794992175 0.06995884773662552
0 0.517018779342723 0.6707818930041153 0.01995305164319249 0.07613168724279835
0 0.4910015649452269 0.6826131687242798 0.03286384976525822 0.0874485596707819
0 0.46263693270735523 0.6918724279835391 0.023865414710485134 0.08950617283950617
0 0.4379890453834116 0.7098765432098766 0.030125195618153366 0.07613168724279835
0 0.41236306729264477 0.7289094650205762 0.02269170579029734 0.0874485596707819
0 0.3933881064162754 0.7319958847736625 0.02699530516431925 0.07921810699588477
0 0.3595461658841941 0.7546296296296297 0.02112676056338028 0.07098765432098765
0 0.34057120500782473 0.76440329218107 0.02699530516431925 0.07407407407407407
0 0.3131846635367762 0.7829218106995884 0.03403755868544601 0.08847736625514403
0 0.28599374021909235 0.7932098765432098 0.03442879499217527 0.08847736625514403
0 0.25997652582159625 0.8040123456790124 0.02621283255086072 0.09362139917695474
0 0.23571987480438183 0.8168724279835391 0.029342723004694836 0.0823045267489712
0 0.2106807511737089 0.8317901234567902 0.021517996870109544 0.07304526748971193
0 0.18779342723004694 0.8446502057613169 0.03129890453834116 0.08641975308641975
0 0.15982003129890454 0.8544238683127572 0.02699530516431925 0.08539094650205761
0 0.13478090766823161 0.8708847736625515 0.02464788732394366 0.056584362139917695
0 0.10700312989045384 0.8883744855967078 0.030907668231611892 0.07716049382716049
0 0.08509389671361503 0.8955761316872428 0.021517996870109544 0.09156378600823045
0 0.06298904538341157 0.9125514403292181 0.027386541471048513 0.06172839506172839
0 0.04655712050078247 0.7469135802469136 0.017996870109546165 0.05555555555555555
0 0.06748826291079812 0.7386831275720165 0.02543035993740219 0.06378600823045268
0 0.09370109546165885 0.7232510288065843 0.02543035993740219 0.07407407407407407
0 0.12167449139280125 0.713477366255144 0.024256651017214397 0.06481481481481481
0 0.14632237871674492 0.6975308641975309 0.026604068857589983 0.059670781893004114
0 0.15238654147104852 0.5205761316872428 0.027777777777777776 0.06995884773662552
0 0.12715179968701096 0.5416666666666666 0.028951486697965573 0.07098765432098765
0 0.09878716744913928 0.5565843621399177 0.02464788732394366 0.07613168724279835
0 0.0721830985915493 0.5637860082304527 0.02543035993740219 0.08436213991769548
0 0.04831768388106416 0.5828189300411523 0.022300469483568074 0.04218106995884774
0 0.645735524256651 0.5992798353909465 0.009780907668231613 0.023662551440329218
