0 0.9486183074265976 0.1797658862876254 0.018134715025906734 0.06521739130434782
0 0.918825561312608 0.1705685618729097 0.010362694300518135 0.08361204013377926
0 0.8814766839378239 0.18394648829431437 0.015112262521588947 0.06020066889632107
0 0.8514680483592401 0.18729096989966554 0.017271157167530225 0.056856187290969896
0 0.8160621761658031 0.1806020066889632 0.02072538860103627 0.06020066889632107
0 0.7808721934369602 0.18394648829431437 0.020293609671848015 0.0903010033444816
0 0.7627374784110535 0.1939799331103679 0.027202072538860103 0.06020066889632107
0 0.7154576856649395 0.18812709030100336 0.018998272884283247 0.05518394648829431
0 0.6839378238341969 0.20317725752508362 0.022452504317789293 0.06856187290969899
0 0.646804835924007 0.20317725752508362 0.018998272884283247 0.06521739130434782
0 0.6142055267702936 0.20986622073578595 0.021157167530224525 0.05518394648829431
0 0.5738341968911918 0.20066889632107024 0.022452504317789293 0.07692307692307693
0 0.5433937823834197 0.2140468227424749 0.020293609671848015 0.056856187290969896
0 0.5492227979274611 0.5025083612040134 0.01468048359240069 0.061872909698996656
0 0.5781519861830743 0.49414715719063546 0.018998272884283247 0.09531772575250837
0 0.6167962003454232 0.4916387959866221 0.021157167530224525 0.07023411371237458
0 0.6547927461139896 0.49665551839464883 0.021157167530224525 0.06688963210702341
0 0.6878238341968912 0.49498327759197325 0.023316062176165803 0.10367892976588629
0 0.7225820379965457 0.49665551839464883 0.021157167530224525 0.10702341137123746
0 0.7577720207253886 0.4774247491638796 0.010362694300518135 0.07859531772575251
0 0.7927461139896373 0.4816053511705686 0.024179620034542316 0.08695652173913043
0 0.825993091537133 0.4774247491638796 0.023316062176165803 0.07859531772575251
0 0.8635578583765112 0.47240802675585286 0.01468048359240069 0.07190635451505016
0 0.9004749568221071 0.45484949832775917 0.015112262521588947 0.07023411371237458
0 0.9300518134715026 0.4782608695652174 0.019861830742659757 0.07023411371237458
0 0.961139896373057 0.45484949832775917 0.02072538860103627 0.056856187290969896
0 0.9380397236614854 0.7658862876254181 0.026338514680483593 0.05351170568561873
0 0.9034974093264249 0.7692307692307693 0.03065630397236615 0.06020066889632107
0 0.8700345423143351 0.7842809364548495 0.016407599309153715 0.07023411371237458
0 0.8382987910189983 0.7675585284280937 0.021157167530224525 0.05016722408026756
0 0.7985751295336787 0.7951505016722408 0.007340241796200345 0.03177257525083612
0 0.761873920552677 0.7851170568561873 0.018566493955094993 0.061872909698996656
0 0.7292746113989638 0.790133779264214 0.018134715025906734 0.051839464882943144
0 0.6938687392055267 0.7851170568561873 0.016407599309153715 0.09531772575250837
0 0.6662348877374784 0.7968227424749164 0.019861830742659757 0.08193979933110368
0 0.6284542314335061 0.7968227424749164 0.011658031088082901 0.07525083612040134
0 0.5973661485319517 0.8051839464882943 0.022884283246977548 0.07525083612040134
0 0.5567789291882557 0.8110367892976589 0.022884283246977548 0.07357859531772576
0 0.5066925734024179 0.23076923076923078 0.018566493955094993 0.05351170568561873
0 0.47603626943005184 0.21739130434782608 0.018566493955094993 0.06688963210702341
0 0.4386873920552677 0.2165551839464883 0.025043177892918825 0.08193979933110368
0 0.40932642487046633 0.23494983277591974 0.023316062176165803 0.07859531772575251
0 0.36852331606217614 0.229933110367893 0.01079447322970639 0.05518394648829431
0 0.3337651122625216 0.23578595317725753 0.025906735751295335 0.07692307692307693
0 0.30310880829015546 0.2391304347826087 0.02072538860103627 0.09364548494983277
0 0.26316925734024177 0.24414715719063546 0.022020725388601035 0.08695652173913043
0 0.4788428324697755 0.5133779264214047 0.022452504317789293 0.06020066889632107
0 0.44905008635578586 0.5083612040133779 0.017271157167530225 0.0903010033444816
0 0.4123488773747841 0.5192307692307693 0.015544041450777202 0.10869565217391304
0 0.3812607944732297 0.5234113712374582 0.023316062176165803 0.09364548494983277
0 0.3454231433506045 0.5351170568561873 0.027633851468048358 0.07692307692307693
0 0.3069948186528497 0.5275919732441472 0.025906735751295335 0.07525083612040134
0 0.27288428324697755 0.532608695652174 0.018134715025906734 0.08528428093645485
0 0.49093264248704666 0.810200668896321 0.015544041450777202 0.05852842809364549
0 0.4581174438687392 0.818561872909699 0.022452504317789293 0.05852842809364549
0 0.4255181347150259 0.8135451505016722 0.01770293609671848 0.06856187290969899
0 0.38795336787564766 0.8177257525083612 0.015975820379965457 0.08361204013377926
0 0.35621761658031087 0.8294314381270903 0.019861830742659757 0.056856187290969896
0 0.3171416234887737 0.8260869565217391 0.015975820379965457 0.07357859531772576
0 0.2808721934369603 0.8294314381270903 0.021157167530224525 0.056856187290969896
0 0.23834196891191708 0.5392976588628763 0.023316062176165803 0.07525083612040134
0 0.20898100172711573 0.5334448160535117 0.018134715025906734 0.07692307692307693
0 0.17292746113989638 0.5459866220735786 0.013385146804835924 0.08528428093645485
0 0.13665803108808292 0.544314381270903 0.022020725388601035 0.09531772575250837
0 0.10211571675302246 0.540133779264214 0.02461139896373057 0.06688963210702341
0 0.0714594127806563 0.5501672240802675 0.01770293609671848 0.06020066889632107
0 0.041882556131260795 0.552675585284281 0.023316062176165803 0.05518394648829431
0 0.22797927461139897 0.24414715719063546 0.025043177892918825 0.06354515050167224
0 0.19624352331606218 0.23494983277591974 0.022020725388601035 0.061872909698996656
0 0.16062176165803108 0.25418060200668896 0.012089810017271158 0.05351170568561873
0 0.13061312607944733 0.2516722408026756 0.029792746113989636 0.09531772575250837
0 0.09693436960276339 0.26755852842809363 0.026338514680483593 0.09364548494983277
0 0.06088082901554404 0.25668896321070234 0.018134715025906734 0.06521739130434782
0 0.029145077720207253 0.27675585284280935 0.015975820379965457 0.05852842809364549
0 0.24568221070811744 0.8336120401337793 0.017271157167530225 0.09866220735785954
0 0.21804835924006907 0.8411371237458194 0.022452504317789293 0.05016722408026756
0 0.14810017271157166 0.842809364548495 0.02072538860103627 0.07023411371237458
0 0.08290155440414508 0.8511705685618729 0.018134715025906734 0.06020066889632107
0 0.0481433506044905 0.8486622073578596 0.013385146804835924 0.06521739130434782
