0 0.9607472712006717 0.1332312404287902 0.04575986565910999 0.15926493108728942
0 0.9269521410579346 0.1447166921898928 0.038623005877413935 0.18223583460949463
0 0.8929471032745592 0.1562021439509954 0.038623005877413935 0.18989280245022971
0 0.8662888329135181 0.17304747320061256 0.030646515533165407 0.14701378254211334
0 0.8373215785054576 0.14548238897396631 0.035684298908480266 0.17457886676875958
0 0.7991183879093199 0.15773353751914243 0.03736356003358522 0.21439509954058192
0 0.7695214105793451 0.17381316998468607 0.03190596137699412 0.12404287901990811
0 0.735936188077246 0.16921898928024504 0.03946263643996641 0.17917304747320062
0 0.6962636439966414 0.18376722817764166 0.05415617128463476 0.2082695252679939
0 0.6609991603694374 0.19448698315467075 0.04408060453400504 0.16539050535987748
0 0.635600335852225 0.18453292496171517 0.042821158690176324 0.16079632465543645
0 0.5984466834592779 0.19218989280245022 0.0382031905961377 0.19142419601837674
0 0.5640218303946264 0.20214395099540583 0.02980688497061293 0.1439509954058193
0 0.5329554995801847 0.21286370597243492 0.02980688497061293 0.1807044410413476
0 0.49832073887489503 0.22052067381316998 0.0436607892527288 0.13476263399693722
0 0.4622166246851385 0.21669218989280245 0.038623005877413935 0.14241960183767227
0 0.934718723761545 0.42649310872894336 0.03736356003358522 0.16079632465543645
0 0.9059613769941226 0.4165390505359878 0.03526448362720403 0.17457886676875958
0 0.8736356003358522 0.43797856049004597 0.04617968094038623 0.1562021439509954
0 0.8408900083963057 0.4387442572741195 0.051217464315701094 0.1546707503828484
0 0.8018471872376155 0.45176110260336905 0.04785894206549118 0.15926493108728942
0 0.7680520570948782 0.45788667687595713 0.03736356003358522 0.1776416539050536
0 0.7401343408900084 0.4686064318529862 0.04030226700251889 0.16232771822358347
0 0.7036104114189756 0.4555895865237366 0.03526448362720403 0.18223583460949463
0 0.6723341729638959 0.4655436447166922 0.041561712846347604 0.19295558958652373
0 0.6412678421494542 0.4571209800918836 0.039882451721242655 0.16079632465543645
0 0.6051637279596978 0.4877488514548239 0.041561712846347604 0.16998468606431852
0 0.5724181360201511 0.49234303215926495 0.0382031905961377 0.15160796324655437
0 0.5432409739714525 0.5 0.02938706968933669 0.09647779479326186
0 0.512384550797649 0.5022970903522205 0.04072208228379513 0.10719754977029096
0 0.9513014273719563 0.6983154670750383 0.047019311502938706 0.15313935681470137
0 0.9179261125104954 0.6975497702909648 0.03736356003358522 0.11485451761102604
0 0.8870696893366918 0.7029096477794793 0.036943744752308987 0.14701378254211334
0 0.8528547439126785 0.7090352220520674 0.039882451721242655 0.15007656967840735
0 0.8138119227539883 0.725114854517611 0.04659949622166247 0.16998468606431852
0 0.7848446683459278 0.7312404287901991 0.0382031905961377 0.16079632465543645
0 0.7474811083123426 0.7312404287901991 0.04659949622166247 0.1883614088820827
0 0.7117968094038623 0.7373660030627871 0.030646515533165407 0.14854517611026033
0 0.6815701091519731 0.7442572741194488 0.041561712846347604 0.18376722817764166
0 0.6431570109151973 0.7557427258805512 0.042821158690176324 0.1638591117917305
0 0.6162888329135181 0.7519142419601837 0.03526448362720403 0.16232771822358347
0 0.5827036104114189 0.7557427258805512 0.03610411418975651 0.18529862174578868
0 0.5499580184718724 0.7611026033690659 0.041981528127623846 0.11332312404287902
0 0.5195214105793451 0.774885145482389 0.03400503778337532 0.16845329249617153
0 0.4811083123425693 0.7725880551301685 0.051217464315701094 0.13016845329249618
0 0.4336691855583543 0.21516079632465543 0.038623005877413935 0.1332312404287902
0 0.40218303946263645 0.2228177641653905 0.042821158690176324 0.1546707503828484
0 0.367968094038623 0.23736600306278713 0.04240134340890008 0.14701378254211334
0 0.3322837951301427 0.26033690658499237 0.04575986565910999 0.14701378254211334
0 0.29869857262804367 0.2434915773353752 0.0382031905961377 0.1439509954058193
0 0.26574307304785894 0.24119448698315468 0.03946263643996641 0.17917304747320062
0 0.2315281276238455 0.2611026033690659 0.04575986565910999 0.1546707503828484
0 0.19836272040302266 0.26186830015313933 0.03736356003358522 0.18989280245022971
0 0.16729638958858103 0.2434915773353752 0.03736356003358522 0.16539050535987748
0 0.12909319899244331 0.2664624808575804 0.04575986565910999 0.15926493108728942
0 0.09613769941225861 0.27105666156202146 0.04030226700251889 0.1562021439509954
0 0.0675902602854744 0.2901990811638591 0.03526448362720403 0.12404287901990811
0 0.44164567590260284 0.5130168453292496 0.05961376994122586 0.14088820826952528
0 0.3713266162888329 0.5076569678407351 0.036523929471032744 0.14854517611026033
0 0.3354324097397145 0.5199081163859112 0.04534005037783375 0.19142419601837674
0 0.3035264483627204 0.5267993874425727 0.03610411418975651 0.17457886676875958
0 0.2699412258606213 0.5344563552833078 0.03526448362720403 0.15007656967840735
0 0.20696893366918556 0.557427258805513 0.037783375314861464 0.10413476263399694
0 0.17086481947942905 0.5421133231240429 0.03442485306465155 0.15926493108728942
0 0.14252728799328296 0.5535987748851455 0.03316540722082284 0.15773353751914243
0 0.10831234256926953 0.5673813169984686 0.03526448362720403 0.10872894333843798
0 0.07304785894206549 0.5597243491577335 0.03946263643996641 0.13935681470137826
0 0.04093198992443325 0.5643185298621746 0.039882451721242655 0.14548238897396631
0 0.4462636439966415 0.7978560490045942 0.02938706968933669 0.10107197549770292
0 0.4160369437447523 0.7993874425727412 0.0436607892527288 0.1225114854517611
0 0.38266162888329136 0.7970903522205207 0.036523929471032744 0.11791730474732007
0 0.31297229219143574 0.8078101071975498 0.0382031905961377 0.18223583460949463
0 0.28295549958018473 0.8093415007656968 0.038623005877413935 0.1332312404287902
0 0.24622166246851385 0.8246554364471669 0.04324097397145256 0.12710566615620214
0 0.21431570109151973 0.8231240428790199 0.041561712846347604 0.14854517611026033
0 0.1156591099916037 0.8376722817764165 0.03736356003358522 0.10719754977029096
0 0.08690176322418136 0.8407350689127105 0.03610411418975651 0.13476263399693722
0 0.05583543240973971 0.8407350689127105 0.0436607892527288 0.15926493108728942
0 0.0327455919395466 0.3001531393568147 0.05289672544080604 0.1439509954058193
