0 0.9799478317574176 0.40444711538461536 0.027714378871861754 0.09735576923076923
0 0.9585914574502772 0.40024038461538464 0.021519400065210303 0.07211538461538461
0 0.9297358982719269 0.37740384615384615 0.032279100097815455 0.11057692307692307
0 0.9026736224323443 0.3864182692307692 0.020541245516791654 0.09735576923076923
0 0.8805021193348549 0.3864182692307692 0.021845451581349852 0.0829326923076923
0 0.8537658950114118 0.35877403846153844 0.025105966742745355 0.09975961538461539
0 0.8267036191718291 0.36538461538461536 0.03162699706553636 0.1201923076923077
0 0.954352787740463 0.6304086538461539 0.024127812194326703 0.054086538461538464
0 0.9298989240299967 0.6237980769230769 0.022823606129768505 0.07932692307692307
0 0.8940332572546462 0.6231971153846154 0.017606781871535703 0.054086538461538464
0 0.8741441147701337 0.6153846153846154 0.022823606129768505 0.09375
0 0.8477339419628301 0.6081730769230769 0.021519400065210303 0.09375
0 0.8237691555265731 0.5949519230769231 0.028366481904140855 0.11298076923076923
0 0.7975220084773395 0.5901442307692307 0.029344636452559504 0.0985576923076923
0 0.7722530159765243 0.5805288461538461 0.029670687968699056 0.11778846153846154
0 0.7424193022497555 0.5667067307692307 0.023475709162047602 0.06850961538461539
0 0.7178024127812195 0.5576923076923077 0.025105966742745355 0.11778846153846154
0 0.6838930551027063 0.5456730769230769 0.04140854254972286 0.08173076923076923
0 0.7735572220410825 0.3425480769230769 0.027714378871861754 0.10576923076923077
0 0.7466579719595696 0.3347355769230769 0.027388327355722206 0.1045673076923077
0 0.7208999021845451 0.3191105769230769 0.025432018258884904 0.11899038461538461
0 0.6940006521030323 0.3173076923076923 0.023801760678187154 0.08653846153846154
0 0.9587544832083469 0.8719951923076923 0.019237039452233453 0.0829326923076923
0 0.9316922073687642 0.8647836538461539 0.016628627323117054 0.046875
0 0.9028366481904141 0.859375 0.026736224323443105 0.07451923076923077
0 0.8728399087055755 0.8545673076923077 0.020215194000652102 0.06971153846153846
0 0.8524616889468536 0.8365384615384616 0.025758069775024452 0.08173076923076923
0 0.8276817737202478 0.8227163461538461 0.025105966742745355 0.0829326923076923
0 0.8011085751548744 0.8317307692307693 0.028040430388001303 0.10096153846153846
0 0.7742093250733616 0.8263221153846154 0.024453863710466255 0.09495192307692307
0 0.7492663840886861 0.8082932692307693 0.028692533420280403 0.1045673076923077
0 0.7249755461362896 0.8010817307692307 0.023149657645908053 0.09014423076923077
0 0.6685686338441473 0.7818509615384616 0.022497554613628953 0.09254807692307693
0 0.6682425823280078 0.31971153846153844 0.019237039452233453 0.0673076923076923
0 0.6468862080208673 0.30228365384615385 0.028692533420280403 0.1045673076923077
0 0.6162373655037496 0.2920673076923077 0.023475709162047602 0.10576923076923077
0 0.592761656341702 0.28846153846153844 0.022171503097489404 0.08413461538461539
0 0.5650472774698402 0.2824519230769231 0.021519400065210303 0.07211538461538461
0 0.5402673622432345 0.2722355769230769 0.026084121291164004 0.09254807692307693
0 0.5140202151940007 0.2668269230769231 0.023149657645908053 0.0889423076923077
0 0.4915226605803717 0.26021634615384615 0.03162699706553636 0.09495192307692307
0 0.46494946201499837 0.25060096153846156 0.024127812194326703 0.08052884615384616
0 0.43641995435278774 0.23737980769230768 0.024453863710466255 0.078125
0 0.41098793609390283 0.2283653846153846 0.029018584936419956 0.10096153846153846
0 0.3871861754157157 0.2265625 0.01793283338767525 0.06850961538461539
0 0.6387349201173785 0.5348557692307693 0.0313009455493968 0.11057692307692307
0 0.6113465927616564 0.5222355769230769 0.026084121291164004 0.08774038461538461
0 0.588359960873818 0.5246394230769231 0.025758069775024452 0.0733173076923077
0 0.5655363547440495 0.5186298076923077 0.021193348549070755 0.07572115384615384
0 0.5379850016302575 0.5048076923076923 0.022171503097489404 0.0673076923076923
0 0.5119008803390935 0.5054086538461539 0.023475709162047602 0.10216346153846154
0 0.48972937724160415 0.5 0.023475709162047602 0.10096153846153846
0 0.460873818063254 0.49158653846153844 0.018584936419954352 0.07932692307692307
0 0.4370720573850668 0.4807692307692308 0.022497554613628953 0.0889423076923077
0 0.3857189435930877 0.4573317307692308 0.020215194000652102 0.0733173076923077
0 0.6375937398108901 0.7740384615384616 0.023801760678187154 0.09375
0 0.6157482882295403 0.7764423076923077 0.022497554613628953 0.12259615384615384
0 0.5935767851320508 0.7584134615384616 0.024453863710466255 0.10096153846153846
0 0.5647212259537007 0.7475961538461539 0.018258884903814804 0.0625
0 0.5353765895011412 0.7379807692307693 0.022823606129768505 0.07932692307692307
0 0.5127160091294425 0.7289663461538461 0.021845451581349852 0.08052884615384616
0 0.4864688620802087 0.7223557692307693 0.024779915226605803 0.0625
0 0.4631561786762308 0.7181490384615384 0.023801760678187154 0.0733173076923077
0 0.4367460058689273 0.7091346153846154 0.021845451581349852 0.0889423076923077
0 0.41261819367460056 0.6995192307692307 0.020541245516791654 0.0673076923076923
0 0.3583306162373655 0.2109375 0.026084121291164004 0.09495192307692307
0 0.332572546462341 0.20612980769230768 0.025432018258884904 0.08533653846153846
0 0.30779263123573525 0.20372596153846154 0.026084121291164004 0.078125
0 0.2795891750896642 0.19290865384615385 0.027062275839582654 0.0829326923076923
0 0.25220084773394197 0.1856971153846154 0.029018584936419956 0.09014423076923077
0 0.3609390283664819 0.45372596153846156 0.022171503097489404 0.054086538461538464
0 0.3314313661558526 0.4362980769230769 0.021845451581349852 0.0889423076923077
0 0.3045321160743397 0.4206730769230769 0.026084121291164004 0.06971153846153846
0 0.2533420280404304 0.4128605769230769 0.022171503097489404 0.08052884615384616
0 0.23051842191066188 0.4152644230769231 0.0156504727746984 0.054086538461538464
0 0.2029670687968699 0.4050480769230769 0.022497554613628953 0.0625
0 0.38995761330290185 0.6905048076923077 0.028040430388001303 0.08774038461538461
0 0.3591457450277144 0.6881009615384616 0.021845451581349852 0.056490384615384616
0 0.33126834039778286 0.6790865384615384 0.024127812194326703 0.0625
0 0.3040430388001304 0.6670673076923077 0.024453863710466255 0.06971153846153846
0 0.28056732963808284 0.6574519230769231 0.026410172807303553 0.07692307692307693
0 0.25741767199217475 0.6538461538461539 0.022497554613628953 0.08173076923076923
0 0.2323117052494294 0.6454326923076923 0.020541245516791654 0.05048076923076923
0 0.20378219758721877 0.6418269230769231 0.021519400065210303 0.07211538461538461
0 0.1768829475057059 0.625 0.026410172807303553 0.0889423076923077
0 0.15389631561786762 0.6159855769230769 0.022171503097489404 0.10697115384615384
0 0.17443756113465927 0.3948317307692308 0.022171503097489404 0.06850961538461539
0 0.2279100097815455 0.1796875 0.021519400065210303 0.08052884615384616
0 0.20687968699054451 0.17247596153846154 0.023149657645908053 0.078125
0 0.1814476687316596 0.15985576923076922 0.024453863710466255 0.0889423076923077
0 0.1547114444082165 0.14723557692307693 0.029670687968699056 0.08774038461538461
0 0.12813824584284317 0.14182692307692307 0.022823606129768505 0.057692307692307696
0 0.09700032605151614 0.13641826923076922 0.022497554613628953 0.08533653846153846
0 0.0749918487120965 0.13221153846153846 0.024127812194326703 0.07932692307692307
0 0.04401695467883926 0.3503605769230769 0.020867297032931203 0.07091346153846154
0 0.07433974567981741 0.3671875 0.024127812194326703 0.06370192307692307
0 0.09911966090642321 0.36899038461538464 0.022823606129768505 0.06971153846153846
0 0.12634496250407565 0.3816105769230769 0.020541245516791654 0.05889423076923077
0 0.1481904140854255 0.3870192307692308 0.027062275839582654 0.10576923076923077
0 0.12960547766547115 0.6141826923076923 0.032279100097815455 0.07932692307692307
0 0.10140202151940006 0.6027644230769231 0.028692533420280403 0.09975961538461539
0 0.049396804695141835 0.5931490384615384 0.022497554613628953 0.06610576923076923
