0 0.9579378774805867 0.1456953642384106 0.02631578947368421 0.09271523178807947
0 0.9281708369283865 0.15149006622516556 0.02631578947368421 0.08112582781456953
0 0.8936583261432269 0.14486754966887416 0.02200172562553926 0.13079470198675497
0 0.8628127696289906 0.16225165562913907 0.027610008628127698 0.09271523178807947
0 0.8265746333045729 0.15149006622516556 0.02070750647109577 0.12086092715231789
0 0.7970232959447799 0.16390728476821192 0.02200172562553926 0.07947019867549669
0 0.7592752372735116 0.17052980132450332 0.025021570319240724 0.08278145695364239
0 0.7305867126833477 0.17135761589403972 0.028904227782571183 0.09437086092715231
0 0.6911130284728214 0.17798013245033112 0.028472821397756688 0.09105960264900662
0 0.6615616911130284 0.173841059602649 0.02286453839516825 0.08940397350993377
0 0.6309318377911993 0.1912251655629139 0.02286453839516825 0.09105960264900662
0 0.5987920621225195 0.18460264900662252 0.021570319240724764 0.10099337748344371
0 0.5655737704918032 0.18874172185430463 0.01898188093183779 0.059602649006622516
0 0.5319240724762726 0.19536423841059603 0.023295944779982744 0.076158940397351
0 0.4987057808455565 0.19701986754966888 0.01984469370146678 0.076158940397351
0 0.46635030198446936 0.20033112582781457 0.01725625539257981 0.04966887417218543
0 0.932916307161346 0.4503311258278146 0.02286453839516825 0.08609271523178808
0 0.9055220017256256 0.4470198675496689 0.024158757549611734 0.076158940397351
0 0.864969801553063 0.44950331125827814 0.023295944779982744 0.1076158940397351
0 0.8401639344262295 0.4552980132450331 0.02286453839516825 0.08609271523178808
0 0.8028472821397756 0.44867549668874174 0.025884383088869714 0.09933774834437085
0 0.7650992234685073 0.472682119205298 0.030629853321829163 0.08112582781456953
0 0.7370578084555651 0.46771523178807944 0.018550474547023296 0.08774834437086093
0 0.7034081104400345 0.47019867549668876 0.02545297670405522 0.07947019867549669
0 0.6688955996548749 0.4776490066225166 0.02631578947368421 0.07450331125827815
0 0.6378343399482312 0.48344370860927155 0.02545297670405522 0.0695364238410596
0 0.6076358930112166 0.49337748344370863 0.02459016393442623 0.08940397350993377
0 0.5692407247627265 0.4900662251655629 0.02545297670405522 0.0695364238410596
0 0.5394736842105263 0.4966887417218543 0.014236410698878344 0.06291390728476821
0 0.5064710957722174 0.4908940397350993 0.01639344262295082 0.06456953642384106
0 0.9447799827437446 0.722682119205298 0.02070750647109577 0.12086092715231789
0 0.910267471958585 0.7309602649006622 0.01639344262295082 0.08443708609271523
0 0.8792062122519413 0.7417218543046358 0.01725625539257981 0.09271523178807947
0 0.8470664365832614 0.7392384105960265 0.02113891285591027 0.06456953642384106
0 0.811044003451251 0.7417218543046358 0.023295944779982744 0.11258278145695365
0 0.7793356341673857 0.7508278145695364 0.02545297670405522 0.07119205298013245
0 0.7441760138050043 0.7541390728476821 0.027610008628127698 0.07119205298013245
0 0.7068593615185504 0.7615894039735099 0.02113891285591027 0.06622516556291391
0 0.6786022433132011 0.777317880794702 0.030198446937014668 0.09768211920529801
0 0.6430112165660051 0.7789735099337748 0.02459016393442623 0.1076158940397351
0 0.6128127696289906 0.7706953642384106 0.02459016393442623 0.07450331125827815
0 0.5776531492666092 0.7756622516556292 0.021570319240724764 0.07781456953642384
0 0.5418464193270061 0.7947019867549668 0.013805004314063849 0.056291390728476824
0 0.515746333045729 0.7872516556291391 0.02113891285591027 0.061258278145695365
0 0.43550474547023293 0.19701986754966888 0.02200172562553926 0.09933774834437085
0 0.3973252804141501 0.20860927152317882 0.024158757549611734 0.09602649006622517
0 0.3630284728213978 0.2152317880794702 0.02113891285591027 0.10264900662251655
0 0.3287316652286454 0.22764900662251655 0.024158757549611734 0.11092715231788079
0 0.29465056082830027 0.22764900662251655 0.022433132010353754 0.1076158940397351
0 0.2640207075064711 0.21937086092715233 0.03278688524590164 0.09768211920529801
0 0.23080241587575495 0.22433774834437087 0.01984469370146678 0.11754966887417219
0 0.1956427955133736 0.2508278145695364 0.018550474547023296 0.06788079470198675
0 0.16630716134598791 0.22682119205298013 0.02459016393442623 0.08609271523178808
0 0.135030198446937 0.2367549668874172 0.026747195858498704 0.10596026490066225
0 0.0964193270060397 0.24089403973509935 0.02545297670405522 0.10099337748344371
0 0.06471095772217429 0.24834437086092714 0.021570319240724764 0.08940397350993377
0 0.03537532355478861 0.26572847682119205 0.025884383088869714 0.08774834437086093
0 0.43787748058671266 0.5182119205298014 0.021570319240724764 0.10264900662251655
0 0.3703623813632442 0.5132450331125827 0.02372735116479724 0.08940397350993377
0 0.3356341673856773 0.5198675496688742 0.031061259706643658 0.09271523178807947
0 0.30349439171699744 0.527317880794702 0.02459016393442623 0.08112582781456953
0 0.2730802415875755 0.5256622516556292 0.023295944779982744 0.08774834437086093
0 0.20125107851596202 0.5322847682119205 0.015099223468507334 0.08443708609271523
0 0.16954270923209663 0.5438741721854304 0.01984469370146678 0.08443708609271523
0 0.13848144952545297 0.5422185430463576 0.022433132010353754 0.08112582781456953
0 0.10202761000862813 0.5496688741721855 0.016824849007765316 0.0728476821192053
0 0.07075064710957722 0.5422185430463576 0.02070750647109577 0.06788079470198675
0 0.039257981018119066 0.5405629139072847 0.0181190681622088 0.09437086092715231
0 0.47799827437446074 0.7938741721854304 0.01639344262295082 0.07119205298013245
0 0.4432700603968939 0.7938741721854304 0.0090595340811044 0.06788079470198675
0 0.41242450388265744 0.7955298013245033 0.0181190681622088 0.08112582781456953
0 0.3776962899050906 0.8062913907284768 0.017687661777394306 0.08278145695364239
0 0.3110440034512511 0.8054635761589404 0.023295944779982744 0.07781456953642384
0 0.28235547886108714 0.8120860927152318 0.02113891285591027 0.08443708609271523
0 0.2441760138050043 0.8245033112582781 0.022433132010353754 0.08278145695364239
0 0.2169974115616911 0.8261589403973509 0.023295944779982744 0.09602649006622517
0 0.11238136324417601 0.8336092715231788 0.016824849007765316 0.06456953642384106
0 0.0811044003451251 0.8385761589403974 0.01898188093183779 0.07781456953642384
0 0.0498274374460742 0.8352649006622517 0.02286453839516825 0.08443708609271523
