0 0.9863013698630136 0.07039106145251396 0.0265914585012087 0.12513966480446928
0 0.9582997582594682 0.06927374301675977 0.038275584206285254 0.11173184357541899
0 0.9319097502014504 0.09888268156424582 0.0378726833199033 0.1463687150837989
0 0.9010878323932313 0.10837988826815642 0.03424657534246575 0.09162011173184358
0 0.8652296535052377 0.12067039106145251 0.036663980660757454 0.08715083798882682
0 0.8372280419016922 0.12737430167597766 0.0443190975020145 0.1340782122905028
0 0.967365028203062 0.2865921787709497 0.041901692183722805 0.12849162011173185
0 0.9333199033037872 0.311731843575419 0.033440773569701855 0.11396648044692738
0 0.9016921837228042 0.3167597765363129 0.033037872683319904 0.12402234636871508
0 0.8696615632554392 0.3223463687150838 0.036663980660757454 0.09720670391061452
0 0.8430701047542305 0.32793296089385476 0.03263497179693795 0.13743016759776536
0 0.814464141821112 0.3547486033519553 0.038275584206285254 0.12402234636871508
0 0.7767929089443997 0.364804469273743 0.0427074939564867 0.12625698324022347
0 0.9625302175664786 0.4793296089385475 0.0378726833199033 0.11620111731843576
0 0.9302981466559227 0.5106145251396648 0.0378726833199033 0.1340782122905028
0 0.8980660757453667 0.5167597765363129 0.04754230459307011 0.15083798882681565
0 0.8646253021756648 0.535195530726257 0.03384367445608381 0.11843575418994413
0 0.8344077356970185 0.5486033519553073 0.038678485092667206 0.12737430167597766
0 0.8082191780821918 0.5486033519553073 0.023368251410153102 0.0670391061452514
0 0.7812248186946011 0.5687150837988827 0.0410958904109589 0.12737430167597766
0 0.7467767929089444 0.5709497206703911 0.043916196615632556 0.1318435754189944
0 0.7159548751007252 0.5849162011173185 0.023368251410153102 0.12849162011173185
0 0.7441579371474617 0.3743016759776536 0.04754230459307011 0.17653631284916202
0 0.8104351329572925 0.1418994413407821 0.038275584206285254 0.12960893854748604
0 0.7838436744560838 0.15810055865921788 0.048751007252215955 0.1217877094972067
0 0.75 0.16089385474860335 0.03424657534246575 0.14748603351955308
0 0.7149476228847703 0.18212290502793296 0.036663980660757454 0.12737430167597766
0 0.6857373086220789 0.188268156424581 0.031426269137792104 0.10167597765363129
0 0.7080983078162773 0.38994413407821227 0.033440773569701855 0.13631284916201117
0 0.6823126510878323 0.38324022346368714 0.026188557614826753 0.09162011173184358
0 0.6649879129734085 0.4072625698324022 0.03424657534246575 0.11731843575418995
0 0.6524979854955681 0.19832402234636873 0.036663980660757454 0.1217877094972067
0 0.6259065269943593 0.20614525139664805 0.030217566478646252 0.09273743016759776
0 0.6946011281224819 0.5994413407821229 0.031426269137792104 0.11955307262569832
0 0.6657937147461724 0.6089385474860335 0.03585817888799355 0.1318435754189944
0 0.628726833199033 0.6251396648044693 0.038275584206285254 0.11955307262569832
0 0.5997179693795326 0.6396648044692738 0.04069298952457696 0.11955307262569832
0 0.5701047542304593 0.6491620111731844 0.014504431909750202 0.04022346368715084
0 0.5423045930701047 0.6620111731843575 0.028203062046736505 0.07932960893854749
0 0.6305398871877518 0.41508379888268154 0.0273972602739726 0.07932960893854749
0 0.57232070910556 0.2340782122905028 0.035052377115229655 0.09273743016759776
0 0.5388799355358582 0.253072625698324 0.035052377115229655 0.12625698324022347
0 0.5104754230459307 0.26927374301675977 0.030620467365028204 0.09385474860335195
0 0.47643029814665594 0.26927374301675977 0.041498791297340853 0.1452513966480447
0 0.6033440773569702 0.4340782122905028 0.026994359387590653 0.11955307262569832
0 0.5787671232876712 0.44972067039106145 0.04311039484286865 0.1217877094972067
0 0.5427074939564867 0.4541899441340782 0.0378726833199033 0.1418994413407821
0 0.5171232876712328 0.4681564245810056 0.031023368251410152 0.11843575418994413
0 0.48851732473811443 0.48547486033519555 0.038275584206285254 0.11508379888268157
0 0.4536663980660757 0.49050279329608937 0.040290088638195005 0.12513966480446928
0 0.5130942788074134 0.6608938547486034 0.03908138597904915 0.1418994413407821
0 0.4812651087832393 0.6810055865921788 0.045527800161160356 0.11731843575418995
0 0.4520547945205479 0.6994413407821229 0.046736502820306204 0.13854748603351955
0 0.44157937147461723 0.2865921787709497 0.0394842868654311 0.15307262569832403
0 0.4135777598710717 0.3027932960893855 0.03746978243352135 0.1564245810055866
0 0.37550362610797744 0.3139664804469274 0.0443190975020145 0.14748603351955308
0 0.4170024174053183 0.5111731843575419 0.048348106365834004 0.1463687150837989
0 0.40934730056406127 0.7106145251396648 0.04754230459307011 0.12737430167597766
0 0.38497179693795325 0.517877094972067 0.030217566478646252 0.11508379888268157
0 0.36099919419822724 0.5273743016759777 0.040290088638195005 0.1340782122905028
0 0.3287671232876712 0.5452513966480447 0.038678485092667206 0.1340782122905028
0 0.29391619661563256 0.5592178770949721 0.038275584206285254 0.1418994413407821
0 0.2669218372280419 0.576536312849162 0.038275584206285254 0.15195530726256984
0 0.23045930701047543 0.5849162011173185 0.0362610797743755 0.11284916201117319
0 0.19661563255439163 0.6039106145251396 0.035455278001611606 0.1217877094972067
0 0.16317485898468978 0.6145251396648045 0.029814665592264304 0.11396648044692738
0 0.13759065269943593 0.6229050279329609 0.03585817888799355 0.1329608938547486
0 0.35132957292506045 0.33519553072625696 0.0257856567284448 0.06256983240223464
0 0.3261482675261886 0.3324022346368715 0.029411764705882353 0.10167597765363129
0 0.29653505237711525 0.3564245810055866 0.033037872683319904 0.11843575418994413
0 0.26651893634165996 0.35977653631284917 0.030217566478646252 0.09162011173184358
0 0.23529411764705882 0.37486033519553075 0.028203062046736505 0.09050279329608939
0 0.2000402900886382 0.38100558659217876 0.031829170024174055 0.1005586592178771
0 0.1708299758259468 0.3994413407821229 0.0273972602739726 0.07486033519553073
0 0.11079774375503626 0.43072625698324024 0.029008863819500404 0.05921787709497207
0 0.09689766317485898 0.44078212290502794 0.02215954875100725 0.1418994413407821
0 0.07594681708299758 0.4335195530726257 0.029411764705882353 0.09608938547486033
0 0.3827558420628525 0.729050279329609 0.040290088638195005 0.12849162011173185
0 0.35394842868654314 0.7279329608938547 0.035052377115229655 0.11284916201117319
0 0.32937147461724414 0.740782122905028 0.03585817888799355 0.11173184357541899
0 0.2943190975020145 0.7569832402234636 0.03424657534246575 0.1441340782122905
0 0.2655116841257051 0.770949720670391 0.037066881547139406 0.11843575418994413
0 0.2395245769540693 0.7849162011173184 0.04472199838839645 0.11508379888268157
0 0.201651893634166 0.8 0.03746978243352135 0.11620111731843576
0 0.04532634971796938 0.4553072625698324 0.03424657534246575 0.09273743016759776
0 0.018331990330378727 0.4692737430167598 0.031829170024174055 0.09385474860335195
0 0.09226430298146655 0.6385474860335195 0.03384367445608381 0.12849162011173185
0 0.06345688960515714 0.6407821229050279 0.027800161160354553 0.13743016759776536
0 0.03646253021756648 0.6636871508379888 0.027800161160354553 0.09832402234636871
0 0.0128928283642224 0.676536312849162 0.022562449637389202 0.09497206703910614
0 0.17022562449637388 0.8162011173184358 0.035052377115229655 0.14860335195530727
0 0.023972602739726026 0.8770949720670391 0.03585817888799355 0.11620111731843576
0 0.14000805801772764 0.4229050279329609 0.03424657534246575 0.10837988826815642
0 0.06587429492344883 0.8569832402234637 0.05600322320709106 0.1318435754189944
0 0.11039484286865431 0.8474860335195531 0.0547945205479452 0.17318435754189945
0 0.13839645447219984 0.840782122905028 0.041498791297340853 0.1664804469273743
