0 0.0689081225033289 0.7293333333333333 0.03661784287616511 0.014666666666666666
0 0.41910785619174434 0.074 0.013981358189081226 0.018666666666666668
0 0.08621837549933423 0.459 0.035286284953395475 0.01
0 0.27463382157123833 0.06666666666666667 0.020639147802929428 0.016
0 0.25932090545938746 0.604 0.031291611185086554 0.009333333333333334
0 0.05525965379494008 0.33266666666666667 0.013315579227696404 0.028
0 0.3202396804260985 0.4716666666666667 0.041278295605858856 0.018
0 0.5109853528628495 0.6256666666666667 0.02330226364846871 0.023333333333333334
0 0.7130492676431425 0.9243333333333333 0.019973368841544607 0.020666666666666667
0 0.07256990679094541 0.18433333333333332 0.02529960053262317 0.022
0 0.48468708388814913 0.49333333333333335 0.023968042609853527 0.036
0 0.24533954727030627 0.8956666666666667 0.019307589880159785 0.024666666666666667
0 0.8868175765645806 0.7943333333333333 0.02529960053262317 0.024666666666666667
0 0.9507323568575233 0.525 0.02130492676431425 0.024666666666666667
0 0.31358189081225035 0.7476666666666667 0.019973368841544607 0.023333333333333334
0 0.42043941411451397 0.9003333333333333 0.02330226364846871 0.019333333333333334
0 0.024966711051930757 0.7266666666666667 0.017976031957390146 0.014666666666666666
0 0.04860186418109188 0.453 0.019973368841544607 0.022
0 0.7583222370173103 0.5156666666666667 0.037283621837549935 0.014
0 0.10286284953395473 0.33466666666666667 0.03262316910785619 0.012
0 0.978029294274301 0.258 0.014647137150466045 0.014666666666666666
0 0.8492010652463382 0.6523333333333333 0.020639147802929428 0.026
0 0.5312916111850865 0.36566666666666664 0.03462050599201065 0.015333333333333332
0 0.34820239680426096 0.21233333333333335 0.03861517976031957 0.026
0 0.1707723035952064 0.6023333333333334 0.019307589880159785 0.016666666666666666
0 0.7756324900133156 0.3893333333333333 0.007989347536617843 0.017333333333333333
0 0.9394141145139814 0.6563333333333333 0.019973368841544607 0.020666666666666667
0 0.19673768308921438 0.7416666666666667 0.04061251664447404 0.022
0 0.6790945406125166 0.38233333333333336 0.03994673768308921 0.022
0 0.3651797603195739 0.6126666666666667 0.03661784287616511 0.009333333333333334
0 0.2919440745672437 0.347 0.04061251664447404 0.015333333333333332
0 0.9037949400798935 0.5303333333333333 0.03395472703062583 0.019333333333333334
0 0.7330226364846871 0.237 0.011984021304926764 0.027333333333333334
0 0.7809587217043942 0.651 0.023968042609853527 0.020666666666666667
0 0.6231691078561917 0.5 0.02130492676431425 0.02266666666666667
0 0.05359520639147803 0.873 0.02330226364846871 0.019333333333333334
0 0.8285619174434088 0.7876666666666666 0.012649800266311585 0.019333333333333334
0 0.7802929427430093 0.23766666666666666 0.03195739014647137 0.015333333333333332
0 0.303595206391478 0.197 0.018641810918774968 0.023333333333333334
0 0.9191078561917443 0.8026666666666666 0.021970705725699067 0.02
0 0.39014647137150466 0.908 0.02130492676431425 0.021333333333333333
0 0.3948069241011984 0.7586666666666667 0.022636484687083888 0.02
0 0.4330892143808256 0.48133333333333334 0.020639147802929428 0.029333333333333333
0 0.9037949400798935 0.6526666666666666 0.019307589880159785 0.028
0 0.11351531291611185 0.5893333333333334 0.02330226364846871 0.005333333333333333
0 0.5442743009320905 0.22433333333333333 0.021970705725699067 0.03133333333333333
0 0.5902130492676432 0.7746666666666666 0.02862849533954727 0.008
0 0.5725699067909454 0.9163333333333333 0.013315579227696404 0.023333333333333334
0 0.5878828229027963 0.37133333333333335 0.017310252996005325 0.028
0 0.8535286284953395 0.521 0.03861517976031957 0.016666666666666666
0 0.11384820239680427 0.19 0.019973368841544607 0.02666666666666667
0 0.38948069241011984 0.352 0.013315579227696404 0.025333333333333333
0 0.4560585885486019 0.7626666666666667 0.022636484687083888 0.02266666666666667
0 0.6498002663115846 0.09966666666666667 0.015978695073235686 0.015333333333333332
0 0.4936750998668442 0.36733333333333335 0.02463382157123835 0.036
0 0.5695739014647138 0.5033333333333333 0.015312916111850865 0.037333333333333336
0 0.8328894806924101 0.25066666666666665 0.015978695073235686 0.03333333333333333
0 0.22569906790945407 0.4676666666666667 0.019973368841544607 0.022
0 0.25 0.20366666666666666 0.021970705725699067 0.028666666666666667
0 0.5236351531291611 0.49633333333333335 0.015312916111850865 0.026
0 0.6118508655126498 0.6273333333333333 0.017310252996005325 0.025333333333333333
0 0.2506657789613848 0.746 0.02596537949400799 0.017333333333333333
0 0.4177762982689747 0.629 0.016644474034620507 0.024666666666666667
0 0.37316910785619173 0.48433333333333334 0.020639147802929428 0.028666666666666667
0 0.8159121171770972 0.5093333333333333 0.016644474034620507 0.030666666666666665
0 0.6541278295605859 0.5113333333333333 0.015312916111850865 0.024
0 0.690745672436751 0.7763333333333333 0.03661784287616511 0.026
0 0.7826231691078562 0.785 0.016644474034620507 0.027333333333333334
0 0.07723035952063914 0.5883333333333334 0.033288948069241014 0.015333333333333332
0 0.7027296937416777 0.643 0.02330226364846871 0.026
0 0.6361517976031957 0.7753333333333333 0.03395472703062583 0.006666666666666667
0 0.4503994673768309 0.207 0.02463382157123835 0.027333333333333334
0 0.5056591211717709 0.776 0.007323568575233023 0.021333333333333333
0 0.8818242343541944 0.11633333333333333 0.02463382157123835 0.011333333333333334
0 0.742676431424767 0.6453333333333333 0.02463382157123835 0.018666666666666668
0 0.5968708388814914 0.22366666666666668 0.020639147802929428 0.026
0 0.49134487350199735 0.21733333333333332 0.023968042609853527 0.028
0 0.3325565912117177 0.351 0.021970705725699067 0.011333333333333334
0 0.62982689747004 0.37333333333333335 0.019973368841544607 0.030666666666666665
0 0.24500665778961384 0.3486666666666667 0.013315579227696404 0.030666666666666665
0 0.40579227696404796 0.211 0.02463382157123835 0.03133333333333333
0 0.6484687083888149 0.23066666666666666 0.02529960053262317 0.02
0 0.20672436750998668 0.19733333333333333 0.02330226364846871 0.02
0 0.9364181091877497 0.25266666666666665 0.017976031957390146 0.025333333333333333
0 0.5652463382157124 0.6283333333333333 0.02529960053262317 0.018
0 0.16611185086551264 0.19933333333333333 0.02463382157123835 0.02666666666666667
0 0.6874167776298269 0.235 0.02463382157123835 0.011333333333333334
0 0.8831557922769641 0.25233333333333335 0.02596537949400799 0.028666666666666667
0 0.14613848202396804 0.33666666666666667 0.02463382157123835 0.02666666666666667
0 0.16877496671105194 0.06466666666666666 0.008655126498002663 0.012
0 0.11617842876165113 0.057666666666666665 0.015312916111850865 0.008666666666666666
0 0.19607190412782957 0.462 0.020639147802929428 0.030666666666666665
0 0.03761651131824234 0.5896666666666667 0.019307589880159785 0.007333333333333333
0 0.7326897470039947 0.788 0.017976031957390146 0.009333333333333334
0 0.15013315579227696 0.88 0.021970705725699067 0.009333333333333334
0 0.2073901464713715 0.8906666666666667 0.007323568575233023 0.02
0 0.28695073235685753 0.895 0.023968042609853527 0.01
0 0.7669773635153129 0.9316666666666666 0.015978695073235686 0.012666666666666666
0 0.9833555259653795 0.12233333333333334 0.017310252996005325 0.012666666666666666
0 0.8455392809587217 0.111 0.007989347536617843 0.012666666666666666
0 0.1900798934753662 0.34 0.02996005326231691 0.012
0 0.20173102529960052 0.3446666666666667 0.03195739014647137 0.012
0 0.716711051930759 0.38233333333333336 0.015312916111850865 0.008666666666666666
