0 0.9749918273945734 0.8157575757575758 0.008172605426610004 0.041212121212121214
0 0.9560313828048382 0.8133333333333334 0.008172605426610004 0.03636363636363636
0 0.9362536776724419 0.8078787878787879 0.009807126511932003 0.04727272727272727
0 0.9033998038574698 0.7951515151515152 0.008826413860738803 0.03393939393939394
0 0.8846028113762667 0.7957575757575758 0.008499509643674403 0.03272727272727273
0 0.860248447204969 0.7824242424242425 0.006211180124223602 0.037575757575757575
0 0.8357306309251389 0.7745454545454545 0.009480222294867604 0.03878787878787879
0 0.8151356652500817 0.7636363636363637 0.010134030728996404 0.048484848484848485
0 0.7927427263811703 0.7533333333333333 0.009153318077803204 0.04
0 0.7687152664269369 0.7496969696969698 0.008172605426610004 0.03515151515151515
0 0.9797319385420072 0.6115151515151516 0.006538084341288003 0.03272727272727273
0 0.9558679306963059 0.6072727272727273 0.009807126511932003 0.04363636363636364
0 0.9339653481529911 0.5915151515151515 0.009153318077803204 0.03878787878787879
0 0.9065053939195815 0.5860606060606061 0.009153318077803204 0.03272727272727273
0 0.8836220987250736 0.5836363636363636 0.009153318077803204 0.027878787878787878
0 0.8631905851585485 0.5684848484848485 0.010134030728996404 0.03636363636363636
0 0.838182412553122 0.5581818181818182 0.008499509643674403 0.03272727272727273
0 0.8180778032036613 0.5593939393939394 0.006211180124223602 0.03515151515151515
0 0.7958483164432821 0.5466666666666666 0.008172605426610004 0.03636363636363636
0 0.7732919254658385 0.5430303030303031 0.009480222294867604 0.04363636363636364
0 0.977116704805492 0.4066666666666667 0.009807126511932003 0.03272727272727273
0 0.9548872180451128 0.4 0.011114743380189604 0.03878787878787879
0 0.9328211833932658 0.39515151515151514 0.008172605426610004 0.03393939393939394
0 0.9048708728342596 0.3787878787878788 0.007191892775416803 0.025454545454545455
0 0.8862373324615888 0.37454545454545457 0.009807126511932003 0.03636363636363636
0 0.8627002288329519 0.36666666666666664 0.005884275907159202 0.03515151515151515
0 0.838182412553122 0.3593939393939394 0.007191892775416803 0.04
0 0.7930696305982348 0.34424242424242424 0.009153318077803204 0.041212121212121214
0 0.7685518143184047 0.3387878787878788 0.008499509643674403 0.030303030303030304
0 0.7433801896044459 0.33090909090909093 0.009153318077803204 0.03636363636363636
0 0.7193527296502125 0.31757575757575757 0.010787839163125205 0.041212121212121214
0 0.6757110166721151 0.29757575757575755 0.009807126511932003 0.03272727272727273
0 0.648741418764302 0.2884848484848485 0.009480222294867604 0.03151515151515152
0 0.6284733573063093 0.2818181818181818 0.010134030728996404 0.037575757575757575
0 0.6036286368094148 0.27151515151515154 0.010134030728996404 0.03878787878787879
0 0.579274272638117 0.2606060606060606 0.011114743380189604 0.04606060606060606
0 0.745831971232429 0.5333333333333333 0.007518796992481203 0.03878787878787879
0 0.7254004576659039 0.5242424242424243 0.011114743380189604 0.037575757575757575
0 0.6981039555410264 0.5157575757575757 0.008826413860738803 0.03515151515151515
0 0.6760379208891795 0.5072727272727273 0.009153318077803204 0.04242424242424243
0 0.6533180778032036 0.49818181818181817 0.011441647597254004 0.04363636363636364
0 0.6319058515854854 0.49454545454545457 0.009807126511932003 0.03393939393939394
0 0.6077149395227198 0.4860606060606061 0.009153318077803204 0.03636363636363636
0 0.5849950964367441 0.47878787878787876 0.007518796992481203 0.03393939393939394
0 0.7406015037593985 0.7393939393939394 0.008826413860738803 0.03878787878787879
0 0.7214776070611311 0.7357575757575757 0.009807126511932003 0.03636363636363636
0 0.6994115724092841 0.7284848484848485 0.008826413860738803 0.041212121212121214
0 0.6748937561294541 0.7169696969696969 0.012095456031382805 0.04242424242424243
0 0.6510297482837528 0.7018181818181818 0.010787839163125205 0.03393939393939394
0 0.6260215756783263 0.7006060606060606 0.009153318077803204 0.041212121212121214
0 0.6023210199411573 0.6866666666666666 0.008172605426610004 0.03515151515151515
0 0.5782935599869238 0.6818181818181818 0.009807126511932003 0.03272727272727273
0 0.5516508662961752 0.6727272727272727 0.011441647597254004 0.04363636363636364
0 0.555573716900948 0.46060606060606063 0.007518796992481203 0.03151515151515152
0 0.531873161163779 0.46060606060606063 0.007845701209545603 0.041212121212121214
0 0.5063746322327558 0.4448484848484848 0.007845701209545603 0.03878787878787879
0 0.5053939195815627 0.6533333333333333 0.009153318077803204 0.024242424242424242
0 0.4766263484798954 0.6424242424242425 0.005230467473030402 0.024242424242424242
0 0.455050670153645 0.6387878787878788 0.007845701209545603 0.03878787878787879
0 0.43494606080418435 0.6321212121212121 0.008172605426610004 0.03515151515151515
0 0.41451454723765935 0.6242424242424243 0.008499509643674403 0.03393939393939394
0 0.46077149395227196 0.43212121212121213 0.008826413860738803 0.04
0 0.43690748610657076 0.41333333333333333 0.006864988558352402 0.02666666666666667
0 0.41238966982674075 0.4084848484848485 0.006211180124223602 0.03878787878787879
0 0.5573716900948023 0.26484848484848483 0.009153318077803204 0.04242424242424243
0 0.5323635174893756 0.24909090909090909 0.009480222294867604 0.03515151515151515
0 0.5052304674730304 0.23515151515151514 0.008826413860738803 0.03151515151515152
0 0.4798953906505394 0.2290909090909091 0.012422360248447204 0.041212121212121214
0 0.45521412226217717 0.2175757575757576 0.012095456031382805 0.037575757575757575
0 0.43592677345537756 0.21454545454545454 0.011441647597254004 0.04606060606060606
0 0.41353383458646614 0.20606060606060606 0.012422360248447204 0.04606060606060606
0 0.38852566198103955 0.19333333333333333 0.010787839163125205 0.044848484848484846
0 0.36580581889506375 0.18606060606060607 0.008499509643674403 0.04727272727272727
0 0.3403072899640405 0.17333333333333334 0.011114743380189604 0.048484848484848485
0 0.31840470742072574 0.16363636363636364 0.011768551814318405 0.04606060606060606
0 0.37005557371690095 0.39151515151515154 0.011768551814318405 0.03636363636363636
0 0.3190585158548545 0.37636363636363634 0.008499509643674403 0.03272727272727273
0 0.38542007191892774 0.6084848484848485 0.009807126511932003 0.04363636363636364
0 0.36368094148414515 0.5993939393939394 0.012749264465511605 0.044848484848484846
0 0.3414514547237659 0.5993939393939394 0.010134030728996404 0.037575757575757575
0 0.3166067342268715 0.5866666666666667 0.013403072899640406 0.04606060606060606
0 0.2922523700555737 0.573939393939394 0.009153318077803204 0.04242424242424243
0 0.2683883622098725 0.5745454545454546 0.007191892775416803 0.03393939393939394
0 0.2407649558679307 0.5563636363636364 0.010134030728996404 0.04363636363636364
0 0.2942137953579601 0.36787878787878786 0.011114743380189604 0.04
0 0.2723112128146453 0.3606060606060606 0.009153318077803204 0.03515151515151515
0 0.2477933965348153 0.3496969696969697 0.010460934946060804 0.04727272727272727
0 0.2268715266426937 0.34606060606060607 0.009153318077803204 0.037575757575757575
0 0.29257927427263813 0.15333333333333332 0.012422360248447204 0.04242424242424243
0 0.2670807453416149 0.1496969696969697 0.005884275907159202 0.030303030303030304
0 0.2420725727361883 0.13696969696969696 0.010787839163125205 0.041212121212121214
0 0.2224583197123243 0.1296969696969697 0.012749264465511605 0.048484848484848485
0 0.21837201699901929 0.5509090909090909 0.007191892775416803 0.03272727272727273
0 0.19467146126185028 0.5436363636363636 0.008826413860738803 0.03272727272727273
0 0.20398823144818568 0.3333333333333333 0.007845701209545603 0.02666666666666667
0 0.17734553775743708 0.32666666666666666 0.007518796992481203 0.027878787878787878
0 0.17031709709055246 0.5363636363636364 0.007845701209545603 0.03515151515151515
0 0.14841451454723767 0.5193939393939394 0.011114743380189604 0.04242424242424243
0 0.11948349133703824 0.5127272727272727 0.008826413860738803 0.048484848484848485
0 0.09561948349133703 0.5060606060606061 0.011441647597254004 0.04727272727272727
0 0.06848643347499182 0.5060606060606061 0.011441647597254004 0.04242424242424243
0 0.15053939195815627 0.31272727272727274 0.009480222294867604 0.03151515151515152
0 0.19695979078130108 0.12545454545454546 0.011441647597254004 0.04
0 0.17244197450147106 0.11575757575757575 0.012749264465511605 0.04242424242424243
0 0.14988558352402745 0.10787878787878788 0.012749264465511605 0.04363636363636364
0 0.12013729977116705 0.10121212121212121 0.012749264465511605 0.04242424242424243
0 0.09594638770840144 0.08666666666666667 0.012749264465511605 0.0496969696969697
0 0.04642039882314482 0.07212121212121213 0.011768551814318405 0.04727272727272727
0 0.10134030728996404 0.2909090909090909 0.005884275907159202 0.03151515151515152
0 0.07420725727361883 0.2812121212121212 0.010460934946060804 0.04363636363636364
0 0.05639097744360902 0.2793939393939394 0.010787839163125205 0.030303030303030304
0 0.04543968617195162 0.4909090909090909 0.013076168682576005 0.04606060606060606
