0 0.9059468578658794 0.12664640324214793 0.036271615352172076 0.1033434650455927
0 0.8760016870518769 0.14437689969604864 0.027836355967946015 0.08814589665653495
0 0.8466891606916913 0.15045592705167174 0.03500632644453817 0.10030395136778116
0 0.8118937157317587 0.16818642350557245 0.04133277098270772 0.0790273556231003
0 0.7783635596794601 0.182370820668693 0.04091100801349642 0.09523809523809523
0 0.7477857444116407 0.19756838905775076 0.03458456347532687 0.08713272543059777
0 0.7186840995360607 0.2077001013171226 0.030366933783213833 0.07497467071935157
0 0.6851539434837621 0.22847011144883486 0.029945170814002532 0.06585612968591692
0 0.924926191480388 0.30344478216818643 0.0396457191058625 0.07598784194528875
0 0.8973007169970476 0.31965552178318135 0.03331927456769296 0.06990881458966565
0 0.8620835090679039 0.3333333333333333 0.02361872627583298 0.05876393110435663
0 0.8213833825390131 0.35106382978723405 0.026571067060312106 0.09017223910840932
0 0.7956558414171235 0.3667679837892604 0.034162800506115566 0.0729483282674772
0 0.7665541965415437 0.37537993920972645 0.02825811893715732 0.06990881458966565
0 0.7321805145508224 0.38753799392097266 0.03289751159848165 0.09422492401215805
0 0.7024462252214255 0.3951367781155015 0.02066638549135386 0.07497467071935157
0 0.6691269506537326 0.4214792299898683 0.034162800506115566 0.0729483282674772
0 0.9491775622100379 0.46707193515704154 0.036693378321383384 0.09523809523809523
0 0.9162800506115563 0.4868287740628166 0.03500632644453817 0.08814589665653495
0 0.8857022353437368 0.5075987841945289 0.025305778152678194 0.0547112462006079
0 0.8551244200759174 0.5187436676798379 0.0392239561366512 0.09523809523809523
0 0.8173766343315056 0.5374873353596757 0.04048924504428511 0.09219858156028368
0 0.7874314635175031 0.5486322188449848 0.026149304091100802 0.06382978723404255
0 0.7541121889498102 0.5643363728470111 0.03121045972163644 0.08308004052684904
0 0.7271193589202868 0.5820668693009119 0.027836355967946015 0.07598784194528875
0 0.6975959510754955 0.5891590678824722 0.03374103753690426 0.08814589665653495
0 0.6678616617460987 0.6008105369807497 0.029101644875579924 0.07700101317122594
0 0.6566849430619992 0.24012158054711247 0.0388021931674399 0.10739614994934144
0 0.6208350906790384 0.2558257345491388 0.03374103753690426 0.08611955420466058
0 0.5632644453816955 0.2877406281661601 0.03753690425980599 0.08915906788247213
0 0.5259384226064951 0.30243161094224924 0.036271615352172076 0.09017223910840932
0 0.49894559257697174 0.3069908814589666 0.03374103753690426 0.08915906788247213
0 0.43483762125685366 0.34194528875379937 0.029523407844791228 0.07396149949341439
0 0.40953184310417545 0.353596757852077 0.021088148460565163 0.060790273556231005
0 0.6372838464782792 0.43667679837892603 0.029523407844791228 0.0729483282674772
0 0.6088148460565163 0.4513677811550152 0.03163222269084774 0.07396149949341439
0 0.579291438211725 0.4630192502532928 0.03163222269084774 0.07092198581560284
0 0.5449177562210038 0.477710233029382 0.037115141290594685 0.07396149949341439
0 0.5179249261914803 0.49138804457953394 0.02361872627583298 0.07092198581560284
0 0.48966680725432304 0.502532928064843 0.04048924504428511 0.07700101317122594
0 0.4586672290172923 0.513677811550152 0.03331927456769296 0.09321175278622088
0 0.6054407423028259 0.6362715298885512 0.030788696752425137 0.07700101317122594
0 0.5733867566427667 0.64387031408308 0.03331927456769296 0.08206686930091185
0 0.538169548713623 0.6717325227963525 0.04048924504428511 0.10536980749746708
0 0.5054829185997469 0.6833839918946302 0.03163222269084774 0.09219858156028368
0 0.47785744411640657 0.6904761904761905 0.03121045972163644 0.08611955420466058
0 0.44538169548713624 0.7112462006079028 0.035428089413749475 0.08713272543059777
0 0.41332770982707717 0.7254305977710233 0.03205398566005905 0.09321175278622088
0 0.3800084352593842 0.7391084093211753 0.03458456347532687 0.09625126646403243
0 0.354702657106706 0.7497467071935157 0.02361872627583298 0.07497467071935157
0 0.32939687895402786 0.7624113475177305 0.037115141290594685 0.09219858156028368
0 0.2952340784479123 0.7897669706180345 0.0388021931674399 0.09219858156028368
0 0.42387178405735976 0.5334346504559271 0.03289751159848165 0.09422492401215805
0 0.39308308730493463 0.5547112462006079 0.036271615352172076 0.10233029381965553
0 0.36292703500632645 0.5648429584599798 0.030788696752425137 0.08814589665653495
0 0.3336145086461409 0.583080040526849 0.03205398566005905 0.09219858156028368
0 0.3015605229860818 0.5891590678824722 0.027836355967946015 0.08611955420466058
0 0.27266975959510753 0.6099290780141844 0.03500632644453817 0.0911854103343465
0 0.3749472796288486 0.3723404255319149 0.043863348797975536 0.09827760891590678
0 0.3452129902994517 0.38703140830800403 0.03331927456769296 0.0911854103343465
0 0.3169548713622944 0.4017223910840932 0.03331927456769296 0.0800405268490375
0 0.25347954449599325 0.43059777102330293 0.02867988190636862 0.0911854103343465
0 0.2636018557570645 0.7963525835866262 0.035428089413749475 0.09929078014184398
0 0.233656684943062 0.806484295845998 0.02867988190636862 0.08915906788247213
0 0.20012652889076338 0.8302938196555217 0.03331927456769296 0.08206686930091185
0 0.17018135807676085 0.8424518743667679 0.03331927456769296 0.09219858156028368
0 0.139814424293547 0.8515704154002026 0.03331927456769296 0.09827760891590678
0 0.10649514972585407 0.8693009118541033 0.04091100801349642 0.09523809523809523
0 0.07697174188106284 0.8799392097264438 0.025727541121889498 0.07801418439716312
0 0.24441164065795024 0.6231003039513677 0.03247574862927035 0.0972644376899696
0 0.21193589202867988 0.6377912867274569 0.029945170814002532 0.08409321175278622
0 0.18072543230704344 0.6453900709219859 0.03753690425980599 0.11550151975683891
0 0.14656263180092788 0.6697061803444783 0.034162800506115566 0.08105369807497467
0 0.11408688317165752 0.6869300911854104 0.035849852382960776 0.08308004052684904
0 0.08308730493462674 0.6975683890577508 0.025305778152678194 0.07193515704154002
0 0.04997891185153944 0.7066869300911854 0.029945170814002532 0.08814589665653495
0 0.22437789962041332 0.4331306990881459 0.030366933783213833 0.08814589665653495
0 0.19675242513707297 0.4584599797365755 0.026571067060312106 0.06788247213779129
0 0.16701813580767608 0.47011144883485306 0.03795866722901729 0.09523809523809523
0 0.13264445381695486 0.4817629179331307 0.03247574862927035 0.08409321175278622
0 0.09363137916490932 0.5055724417426545 0.026149304091100802 0.06889564336372847
0 0.0649514972585407 0.5141843971631206 0.03374103753690426 0.07801418439716312
0 0.037326022775200335 0.5298885511651469 0.029945170814002532 0.07497467071935157
0 0.285111767186841 0.41134751773049644 0.027836355967946015 0.07700101317122594
0 0.4664698439477014 0.3343465045592705 0.01940109658371995 0.03850050658561297
