0 0.9433432441361084 0.8379186602870813 0.008259002312520648 0.03229665071770335
0 0.917575156921044 0.8241626794258373 0.00958044268252395 0.03827751196172249
0 0.894780310538487 0.8139952153110048 0.008259002312520648 0.03708133971291866
0 0.872811364387182 0.7984449760765551 0.007928642220019821 0.034688995215311005
0 0.8493557978196233 0.7918660287081339 0.009910802775024777 0.03588516746411483
0 0.8260654112983151 0.7816985645933014 0.008259002312520648 0.034688995215311005
0 0.9730756524611827 0.6423444976076556 0.010241162867525603 0.045454545454545456
0 0.9491245457548728 0.638755980861244 0.009910802775024777 0.03588516746411483
0 0.9266600594648167 0.6297846889952153 0.009910802775024777 0.034688995215311005
0 0.8994053518334986 0.6106459330143541 0.00958044268252395 0.039473684210526314
0 0.8789230260984473 0.604066985645933 0.007598282127518996 0.03349282296650718
0 0.8536504790221341 0.5998803827751196 0.00726792203501817 0.03708133971291866
0 0.8308556326395772 0.5813397129186603 0.008589362405021473 0.03827751196172249
0 0.8078956062107697 0.5783492822966507 0.010901883052527254 0.04425837320574163
0 0.7839444995044599 0.5663875598086124 0.009910802775024777 0.03708133971291866
0 0.7618103733069045 0.5651913875598086 0.009910802775024777 0.039473684210526314
0 0.7347208457218368 0.5526315789473685 0.007928642220019821 0.045454545454545456
0 0.9692765113974232 0.43720095693779903 0.009910802775024777 0.029904306220095694
0 0.9436736042286091 0.4276315789473684 0.006937561942517344 0.039473684210526314
0 0.9207135777998018 0.416866028708134 0.008589362405021473 0.03229665071770335
0 0.8972580112322431 0.41566985645933013 0.007928642220019821 0.041866028708133975
0 0.8709943838784275 0.40669856459330145 0.008919722497522299 0.0430622009569378
0 0.8495209778658738 0.3869617224880383 0.011562603237528906 0.04904306220095694
0 0.829203832177073 0.38217703349282295 0.010571522960026428 0.039473684210526314
0 0.8017839444995044 0.3708133971291866 0.009250082590023126 0.0430622009569378
0 0.7794846382556987 0.37021531100478466 0.006937561942517344 0.025119617224880382
0 0.7550379914106375 0.361244019138756 0.010241162867525603 0.04066985645933014
0 0.7297654443343244 0.34868421052631576 0.010571522960026428 0.039473684210526314
0 0.708787578460522 0.340311004784689 0.006937561942517344 0.039473684210526314
0 0.8032705649157582 0.7721291866028708 0.010901883052527254 0.039473684210526314
0 0.7781631978856954 0.7727272727272727 0.00958044268252395 0.04066985645933014
0 0.7542120911793855 0.7601674641148325 0.00726792203501817 0.029904306220095694
0 0.7317476048893293 0.7541866028708134 0.007928642220019821 0.025119617224880382
0 0.7063098777667658 0.7446172248803827 0.009250082590023126 0.04425837320574163
0 0.7157251404030394 0.5472488038277512 0.008919722497522299 0.03708133971291866
0 0.6836802114304592 0.7350478468899522 0.007598282127518996 0.041866028708133975
0 0.6891311529567228 0.5328947368421053 0.011232243145028081 0.04425837320574163
0 0.6840105715229601 0.33851674641148327 0.008919722497522299 0.0430622009569378
0 0.6605550049554014 0.32715311004784686 0.00958044268252395 0.04425837320574163
0 0.6674925668979187 0.5257177033492823 0.008919722497522299 0.039473684210526314
0 0.6617112652791542 0.7272727272727273 0.008589362405021473 0.03827751196172249
0 0.633961017509085 0.7171052631578947 0.011892963330029732 0.04665071770334928
0 0.6433762801453584 0.5203349282296651 0.008919722497522299 0.028708133971291867
0 0.6138090518665346 0.7051435406698564 0.00726792203501817 0.03229665071770335
0 0.6197555335315494 0.5113636363636364 0.009250082590023126 0.05382775119617225
0 0.6400726792203502 0.31220095693779903 0.00958044268252395 0.03349282296650718
0 0.6152956722827883 0.30023923444976075 0.00958044268252395 0.0430622009569378
0 0.5916749256689792 0.29246411483253587 0.011232243145028081 0.04665071770334928
0 0.5642550379914106 0.2834928229665072 0.011892963330029732 0.05263157894736842
0 0.5437727122563595 0.2757177033492823 0.009250082590023126 0.04665071770334928
0 0.5982821275189957 0.5023923444976076 0.012553683515031383 0.0430622009569378
0 0.57598282127519 0.49940191387559807 0.008919722497522299 0.039473684210526314
0 0.5488932936901222 0.48145933014354064 0.010241162867525603 0.03708133971291866
0 0.5905186653452263 0.6997607655502392 0.008919722497522299 0.04066985645933014
0 0.567228278823918 0.694377990430622 0.006607201850016518 0.04425837320574163
0 0.5462504129501157 0.6907894736842105 0.006937561942517344 0.029904306220095694
0 0.5160224644862901 0.6746411483253588 0.009910802775024777 0.04066985645933014
0 0.5221341261975553 0.48086124401913877 0.008259002312520648 0.03349282296650718
0 0.5191608853650479 0.2673444976076555 0.010241162867525603 0.039473684210526314
0 0.48909811694747274 0.6674641148325359 0.007598282127518996 0.03349282296650718
0 0.4682854311199207 0.6471291866028708 0.012223323422530559 0.03827751196172249
0 0.4207135777998018 0.6333732057416268 0.012223323422530559 0.041866028708133975
0 0.3997357119259993 0.6297846889952153 0.009250082590023126 0.04425837320574163
0 0.37248100429468123 0.6226076555023924 0.00958044268252395 0.039473684210526314
0 0.35133795837462833 0.6124401913875598 0.010241162867525603 0.03588516746411483
0 0.4965312190287413 0.46710526315789475 0.011232243145028081 0.039473684210526314
0 0.4729104724149323 0.4557416267942584 0.012223323422530559 0.04066985645933014
0 0.44962008589362407 0.44557416267942584 0.007928642220019821 0.04425837320574163
0 0.4273207796498183 0.43779904306220097 0.006276841757515692 0.045454545454545456
0 0.4043607532210109 0.43241626794258375 0.00726792203501817 0.039473684210526314
0 0.3817310868847043 0.4192583732057416 0.010901883052527254 0.03708133971291866
0 0.4940535183349851 0.24880382775119617 0.010241162867525603 0.03827751196172249
0 0.4729104724149323 0.24700956937799043 0.008259002312520648 0.03708133971291866
0 0.4499504459861249 0.23145933014354067 0.011232243145028081 0.034688995215311005
0 0.4235216385860588 0.22547846889952153 0.013214403700033036 0.041866028708133975
0 0.4015526924347539 0.21949760765550239 0.007598282127518996 0.03708133971291866
0 0.37248100429468123 0.2063397129186603 0.013544763792533861 0.041866028708133975
0 0.3597621407333994 0.19796650717703348 0.011892963330029732 0.04425837320574163
0 0.3584407003633961 0.40789473684210525 0.009250082590023126 0.03588516746411483
0 0.33102081268582756 0.6034688995215312 0.009250082590023126 0.039473684210526314
0 0.3062438057482656 0.5861244019138756 0.009910802775024777 0.03588516746411483
0 0.27618103733069044 0.5825358851674641 0.008589362405021473 0.03588516746411483
0 0.25421209117938554 0.5753588516746412 0.011562603237528906 0.050239234449760764
0 0.3288734720845722 0.39712918660287083 0.010241162867525603 0.0430622009569378
0 0.3087215064420218 0.38935406698564595 0.010901883052527254 0.04425837320574163
0 0.3313511727783284 0.1895933014354067 0.009910802775024777 0.041866028708133975
0 0.3062438057482656 0.17523923444976078 0.010571522960026428 0.03708133971291866
0 0.2793194582094483 0.16925837320574164 0.008259002312520648 0.029904306220095694
0 0.2770069375619425 0.37559808612440193 0.013544763792533861 0.0430622009569378
0 0.2588371324743971 0.3618421052631579 0.011562603237528906 0.04425837320574163
0 0.2537165510406343 0.1632775119617225 0.007928642220019821 0.034688995215311005
0 0.23439048562933598 0.15490430622009568 0.008919722497522299 0.04665071770334928
0 0.23703336636934258 0.35944976076555024 0.011562603237528906 0.04665071770334928
0 0.2130822596630327 0.35944976076555024 0.00726792203501817 0.03229665071770335
0 0.18929633300297324 0.33672248803827753 0.007928642220019821 0.034688995215311005
0 0.16815328708292038 0.33133971291866027 0.010571522960026428 0.03588516746411483
0 0.13908159894284772 0.3181818181818182 0.009910802775024777 0.03588516746411483
0 0.11645193260654113 0.31399521531100477 0.011562603237528906 0.039473684210526314
0 0.23026098447307566 0.5610047846889952 0.007928642220019821 0.03110047846889952
0 0.1864882722167162 0.5484449760765551 0.006276841757515692 0.03708133971291866
0 0.1635282457879088 0.5287081339712919 0.009910802775024777 0.04066985645933014
0 0.13858605880409647 0.5257177033492823 0.008919722497522299 0.04665071770334928
0 0.2129170796167823 0.14772727272727273 0.008919722497522299 0.041866028708133975
0 0.18698381235546746 0.13576555023923445 0.011232243145028081 0.04904306220095694
0 0.16418896597291047 0.125 0.012553683515031383 0.04665071770334928
0 0.13577799801783944 0.11064593301435406 0.009250082590023126 0.04425837320574163
0 0.11067063098777667 0.10705741626794259 0.009250082590023126 0.03229665071770335
0 0.08572844400396432 0.09629186602870814 0.015526924347538818 0.061004784688995214
0 0.06161215725140403 0.08552631578947369 0.010241162867525603 0.034688995215311005
0 0.09150974562272877 0.3020334928229665 0.010571522960026428 0.034688995215311005
0 0.06475057813016187 0.2942583732057416 0.011892963330029732 0.04066985645933014
0 0.038486950776346215 0.284688995215311 0.010241162867525603 0.04066985645933014
0 0.11446977205153618 0.5143540669856459 0.006937561942517344 0.028708133971291867
0 0.08754542451271886 0.5095693779904307 0.008589362405021473 0.04066985645933014
0 0.06524611826891312 0.5011961722488039 0.008919722497522299 0.03588516746411483
0 0.03468780971258672 0.4922248803827751 0.006607201850016518 0.03229665071770335
