0 0.9409090909090909 0.20729537366548043 0.04181818181818182 0.19395017793594305
0 0.8818181818181818 0.21263345195729538 0.045454545454545456 0.11565836298932385
0 0.845 0.2215302491103203 0.03363636363636364 0.12277580071174377
0 0.8188636363636363 0.2179715302491103 0.03409090909090909 0.11921708185053381
0 0.7809090909090909 0.20373665480427047 0.04909090909090909 0.1512455516014235
0 0.7436363636363637 0.20195729537366547 0.03363636363636364 0.15480427046263345
0 0.7104545454545454 0.199288256227758 0.034545454545454546 0.1494661921708185
0 0.6813636363636364 0.1903914590747331 0.03727272727272727 0.15658362989323843
0 0.645 0.21441281138790036 0.03636363636363636 0.15480427046263345
0 0.6104545454545455 0.2099644128113879 0.03272727272727273 0.11743772241992882
0 0.5775 0.18861209964412812 0.028636363636363637 0.14590747330960854
0 0.5459090909090909 0.19128113879003558 0.034545454545454546 0.11209964412811388
0 0.5097727272727273 0.18327402135231316 0.02590909090909091 0.13523131672597866
0 0.9511363636363637 0.5311387900355872 0.035 0.11209964412811388
0 0.9172727272727272 0.5124555160142349 0.03909090909090909 0.1103202846975089
0 0.8825 0.5142348754448398 0.04409090909090909 0.1103202846975089
0 0.8465909090909091 0.5204626334519573 0.04863636363636364 0.16548042704626334
0 0.8122727272727273 0.5151245551601423 0.04 0.17615658362989323
0 0.7727272727272727 0.5222419928825622 0.04727272727272727 0.1619217081850534
0 0.7404545454545455 0.5249110320284698 0.01 0.0498220640569395
0 0.7129545454545455 0.49377224199288255 0.02772727272727273 0.0693950177935943
0 0.6779545454545455 0.5044483985765125 0.04863636363636364 0.18683274021352314
0 0.645 0.4991103202846975 0.02909090909090909 0.10142348754448399
0 0.6156818181818182 0.48131672597864766 0.031363636363636364 0.12277580071174377
0 0.5795454545454546 0.49110320284697506 0.04727272727272727 0.16370106761565836
0 0.543409090909091 0.5044483985765125 0.03227272727272727 0.18683274021352314
0 0.5068181818181818 0.4750889679715303 0.04090909090909091 0.1494661921708185
0 0.9377272727272727 0.8327402135231317 0.042727272727272725 0.10676156583629894
0 0.9025 0.8362989323843416 0.03681818181818182 0.17793594306049823
0 0.8665909090909091 0.8202846975088968 0.05045454545454545 0.18861209964412812
0 0.8311363636363637 0.8300711743772242 0.020454545454545454 0.08362989323843416
0 0.7993181818181818 0.8265124555160143 0.03954545454545454 0.11921708185053381
0 0.7706818181818181 0.8193950177935944 0.038636363636363635 0.10498220640569395
0 0.7375 0.8389679715302492 0.041363636363636366 0.12633451957295375
0 0.7027272727272728 0.800711743772242 0.04181818181818182 0.10676156583629894
0 0.6643181818181818 0.8131672597864769 0.045909090909090906 0.12811387900355872
0 0.6290909090909091 0.806049822064057 0.02909090909090909 0.1494661921708185
0 0.5995454545454545 0.7953736654804271 0.028181818181818183 0.15302491103202848
0 0.5697727272727273 0.7980427046263345 0.04045454545454545 0.12277580071174377
0 0.5331818181818182 0.798932384341637 0.04181818181818182 0.13523131672597866
0 0.49386363636363634 0.7962633451957295 0.028636363636363637 0.10498220640569395
0 0.46454545454545454 0.8051601423487544 0.028181818181818183 0.12277580071174377
0 0.4690909090909091 0.47419928825622776 0.03272727272727273 0.1619217081850534
0 0.44477272727272726 0.1806049822064057 0.03681818181818182 0.17259786476868327
0 0.43977272727272726 0.48487544483985767 0.030454545454545453 0.11209964412811388
0 0.4159090909090909 0.4608540925266904 0.038181818181818185 0.18861209964412812
0 0.38045454545454543 0.48398576512455516 0.045454545454545456 0.16725978647686832
0 0.3409090909090909 0.48131672597864766 0.03272727272727273 0.14056939501779359
0 0.3968181818181818 0.7838078291814946 0.02909090909090909 0.11209964412811388
0 0.3286363636363636 0.7766903914590747 0.04181818181818182 0.14412811387900357
0 0.3384090909090909 0.17348754448398576 0.03318181818181818 0.10498220640569395
0 0.31227272727272726 0.1583629893238434 0.02909090909090909 0.13167259786476868
0 0.2772727272727273 0.1601423487544484 0.03909090909090909 0.13167259786476868
0 0.24159090909090908 0.16548042704626334 0.04045454545454545 0.14590747330960854
0 0.20931818181818182 0.1592526690391459 0.03409090909090909 0.13345195729537365
0 0.17954545454545454 0.15035587188612098 0.028181818181818183 0.17615658362989323
0 0.14454545454545453 0.1592526690391459 0.03 0.10498220640569395
0 0.11431818181818182 0.14679715302491103 0.030454545454545453 0.0800711743772242
0 0.07659090909090908 0.1423487544483986 0.042272727272727274 0.12455516014234876
0 0.014318181818181818 0.1396797153024911 0.02772727272727273 0.10142348754448399
0 0.2822727272727273 0.47330960854092524 0.04090909090909091 0.14590747330960854
0 0.24409090909090908 0.4626334519572954 0.04 0.19217081850533807
0 0.20931818181818182 0.4697508896797153 0.042272727272727274 0.12811387900355872
0 0.17431818181818182 0.447508896797153 0.029545454545454545 0.14412811387900357
0 0.1431818181818182 0.46886120996441283 0.03363636363636364 0.11921708185053381
0 0.11159090909090909 0.4581850533807829 0.020454545454545454 0.06227758007117438
0 0.08 0.43683274021352314 0.03090909090909091 0.14056939501779359
0 0.045909090909090906 0.43683274021352314 0.04363636363636364 0.1583629893238434
0 0.015 0.445729537366548 0.02909090909090909 0.12277580071174377
0 0.2968181818181818 0.7775800711743772 0.02909090909090909 0.099644128113879
0 0.265 0.7838078291814946 0.03909090909090909 0.1298932384341637
0 0.2318181818181818 0.7615658362989324 0.02909090909090909 0.0711743772241993
0 0.20636363636363636 0.7838078291814946 0.03727272727272727 0.13345195729537365
0 0.16318181818181818 0.7686832740213523 0.02727272727272727 0.11743772241992882
0 0.13386363636363635 0.7571174377224199 0.042272727272727274 0.10498220640569395
0 0.09954545454545455 0.74644128113879 0.03909090909090909 0.10854092526690391
0 0.0715909090909091 0.7491103202846975 0.02590909090909091 0.13167259786476868
0 0.035227272727272725 0.7491103202846975 0.038636363636363635 0.13167259786476868
