0 0.8951034191642043 0.14148073022312374 0.032503165892781766 0.09026369168356999
0 0.8626002532714225 0.15872210953346855 0.03419164204305614 0.08417849898580122
0 0.8252427184466019 0.17545638945233266 0.034613761080624736 0.08924949290060852
0 0.7967496834107218 0.1795131845841785 0.036724356268467706 0.08924949290060852
0 0.7650907555930773 0.2063894523326572 0.03334740396791895 0.09634888438133875
0 0.7334318277754327 0.21957403651115617 0.03419164204305614 0.09432048681541583
0 0.7034613761080625 0.23123732251521298 0.028281975517095822 0.06693711967545639
0 0.6749683410721824 0.24188640973630832 0.03208104685521317 0.07606490872210954
0 0.6473195441114394 0.26217038539553755 0.027437737441958633 0.059837728194726165
0 0.6127057830308147 0.2773833671399594 0.04854368932038835 0.10040567951318459
0 0.5785141409877586 0.2936105476673428 0.03334740396791895 0.11460446247464504
0 0.5481215702828197 0.2986815415821501 0.030814689742507388 0.07403651115618662
0 0.5204727733220769 0.31085192697768765 0.027859856479527226 0.08012170385395538
0 0.4896580835795694 0.3209939148073022 0.03376952300548755 0.0821501014198783
0 0.45040101308569014 0.35141987829614607 0.041367665681722246 0.09634888438133875
0 0.9347826086956522 0.3017241379310345 0.02912621359223301 0.07403651115618662
0 0.9050232165470663 0.3209939148073022 0.03545799915576193 0.09432048681541583
0 0.8750527648796961 0.3306288032454361 0.03292528493035036 0.07707910750507099
0 0.8410721823554242 0.3443204868154158 0.03419164204305614 0.07403651115618662
0 0.8102574926129168 0.359026369168357 0.03334740396791895 0.06896551724137931
0 0.7800759814267624 0.3747464503042596 0.027015618404390037 0.06592292089249494
0 0.746517517940059 0.38995943204868155 0.031658927817644573 0.08012170385395538
0 0.7083157450401013 0.404158215010142 0.041367665681722246 0.09837728194726167
0 0.6840439003799071 0.42697768762677485 0.039257070493879276 0.09127789046653144
0 0.6287463064584212 0.4447261663286004 0.032503165892781766 0.0922920892494929
0 0.5922330097087378 0.4614604462474645 0.04390037990713381 0.09127789046653144
0 0.5593077247783875 0.4746450304259635 0.027859856479527226 0.0872210953346856
0 0.5308146897425073 0.49290060851926976 0.03334740396791895 0.06896551724137931
0 0.49788940481215704 0.5081135902636917 0.0375685943436049 0.09939148073022312
0 0.4649641198818067 0.5294117647058824 0.031658927817644573 0.07707910750507099
0 0.4371042634022794 0.5390466531440162 0.036724356268467706 0.10446247464503043
0 0.4031236808780076 0.5491886409736308 0.03630223723089911 0.10851926977687627
0 0.9349936682144365 0.49594320486815413 0.029548332629801603 0.09127789046653144
0 0.9018573237653018 0.5116632860040567 0.036724356268467706 0.09837728194726167
0 0.8706205149852259 0.5228194726166329 0.03334740396791895 0.0922920892494929
0 0.8376952300548755 0.5344827586206896 0.039257070493879276 0.10344827586206896
0 0.8058252427184466 0.5547667342799188 0.027859856479527226 0.08113590263691683
0 0.7716336006753904 0.5664300202839757 0.029548332629801603 0.08012170385395538
0 0.7395525538201773 0.5882352941176471 0.043056141831996624 0.10344827586206896
0 0.7119037568594344 0.59026369168357 0.025749261291684256 0.0872210953346856
0 0.6842549598986915 0.5993914807302231 0.03630223723089911 0.10141987829614604
0 0.6502743773744196 0.6288032454361054 0.04010130856901646 0.10344827586206896
0 0.6213592233009708 0.6419878296146044 0.03376952300548755 0.09939148073022312
0 0.5909666525960321 0.65973630831643 0.03376952300548755 0.09837728194726167
0 0.5631067961165048 0.6683569979716024 0.03545799915576193 0.07707910750507099
0 0.5249050232165471 0.6815415821501014 0.045166737019839594 0.10344827586206896
0 0.46728577458843396 0.718052738336714 0.044744617982271 0.11359026369168357
0 0.4320388349514563 0.72920892494929 0.03334740396791895 0.11561866125760649
0 0.3972140143520473 0.7449290060851927 0.03630223723089911 0.10649087221095335
0 0.373575348248206 0.7641987829614605 0.03123680878007598 0.08620689655172414
0 0.340227944280287 0.7748478701825557 0.03545799915576193 0.13184584178498987
0 0.3064584212747995 0.7920892494929006 0.03208104685521317 0.09533468559837728
0 0.37484170536091177 0.5780933062880325 0.03630223723089911 0.0973630831643002
0 0.39214858590122414 0.3813387423935091 0.03967918953144787 0.09939148073022312
0 0.35690164626424653 0.3924949290060852 0.039257070493879276 0.08519269776876268
0 0.3281975517095821 0.40466531440162273 0.024060785141409878 0.060851926977687626
0 0.30181511186154497 0.4127789046653144 0.028704094554664415 0.07099391480730223
0 0.27226677923174336 0.4315415821501014 0.03630223723089911 0.11866125760649088
0 0.24461798227100043 0.45993914807302233 0.024905023216547067 0.0720081135902637
0 0.21232587589700294 0.4629817444219067 0.03799071338117349 0.0720081135902637
0 0.34107218235542425 0.5907707910750507 0.03630223723089911 0.09837728194726167
0 0.3123680878007598 0.5953346855983773 0.030392570704938792 0.06693711967545639
0 0.2813423385394681 0.6110547667342799 0.03588011819333052 0.09837728194726167
0 0.25158294639088224 0.6237322515212982 0.03967918953144787 0.10547667342799188
0 0.21929084001688476 0.6435091277890467 0.03503588011819333 0.10243407707910751
0 0.28028704094554663 0.7910750507099391 0.03376952300548755 0.09939148073022312
0 0.24905023216547068 0.8225152129817445 0.03208104685521317 0.11967545638945233
0 0.21591388771633602 0.8265720081135902 0.031658927817644573 0.0872210953346856
0 0.18467707893626004 0.8438133874239351 0.0375685943436049 0.09939148073022312
0 0.1794005909666526 0.48073022312373226 0.026171380329252848 0.08519269776876268
0 0.14605318699873365 0.5015212981744422 0.048121570282819756 0.10243407707910751
0 0.08273533136344449 0.5233265720081136 0.038834951456310676 0.09533468559837728
0 0.050232165470662726 0.5390466531440162 0.03545799915576193 0.08417849898580122
0 0.15892781764457578 0.6673427991886409 0.043478260869565216 0.09127789046653144
0 0.12790206838328408 0.6901622718052738 0.034613761080624736 0.08823529411764706
0 0.09476572393414943 0.7008113590263692 0.03588011819333052 0.07505070993914807
0 0.06141831996623048 0.7150101419878296 0.04094554664415365 0.08113590263691683
0 0.15576192486281132 0.8595334685598377 0.03376952300548755 0.0922920892494929
0 0.12389193752638245 0.8696754563894523 0.036724356268467706 0.10243407707910751
0 0.09117771211481637 0.8864097363083164 0.038834951456310676 0.0973630831643002
