0 0.938091143594153 0.14285714285714285 0.027515047291487533 0.09852216748768473
0 0.8684436801375752 0.1535303776683087 0.02407566638005159 0.10016420361247948
0 0.838993981083405 0.16995073891625614 0.026225279449699053 0.12643678160919541
0 0.810189165950129 0.16748768472906403 0.026225279449699053 0.08866995073891626
0 0.7790197764402408 0.1683087027914614 0.027515047291487533 0.09688013136288999
0 0.7431212381771282 0.16748768472906403 0.024505588993981083 0.08866995073891626
0 0.7091573516766982 0.18144499178981938 0.026225279449699053 0.08374384236453201
0 0.678847807394669 0.17980295566502463 0.03181427343078246 0.10344827586206896
0 0.6397248495270851 0.18719211822660098 0.029234737747205503 0.0722495894909688
0 0.6165090283748925 0.1896551724137931 0.023215821152192607 0.08374384236453201
0 0.944969905417025 0.4302134646962233 0.02407566638005159 0.09523809523809523
0 0.9116509028374893 0.4400656814449918 0.02536543422184007 0.10509031198686371
0 0.8783319002579536 0.451559934318555 0.026655202063628546 0.09523809523809523
0 0.8435081685296647 0.44745484400656815 0.025795356835769563 0.11330049261083744
0 0.8112639724849527 0.4540229885057471 0.02407566638005159 0.10016420361247948
0 0.7807394668959587 0.46551724137931033 0.02235597592433362 0.10016420361247948
0 0.7474204643164231 0.4548440065681445 0.021926053310404127 0.06568144499178982
0 0.7134565778159931 0.4490968801313629 0.0176268271711092 0.054187192118226604
0 0.6807824591573517 0.4696223316912972 0.02880481513327601 0.10180623973727422
0 0.6468185726569218 0.4753694581280788 0.024505588993981083 0.08045977011494253
0 0.6154342218400688 0.47126436781609193 0.02106620808254514 0.0722495894909688
0 0.5851246775580395 0.47372742200328405 0.02235597592433362 0.07717569786535304
0 0.5776010318142735 0.18719211822660098 0.021926053310404127 0.08210180623973727
0 0.9320722269991402 0.7331691297208539 0.027515047291487533 0.07717569786535304
0 0.9047721410146173 0.7233169129720853 0.026225279449699053 0.08702791461412152
0 0.8697334479793637 0.7446633825944171 0.03009458297506449 0.11330049261083744
0 0.8069647463456577 0.7430213464696224 0.018056749785038694 0.07389162561576355
0 0.7783748925193466 0.7536945812807881 0.021926053310404127 0.0755336617405583
0 0.7373172828890799 0.7577996715927751 0.027515047291487533 0.06732348111658457
0 0.7072226999140154 0.7561576354679803 0.018056749785038694 0.06403940886699508
0 0.6751934651762683 0.7528735632183908 0.021926053310404127 0.09359605911330049
0 0.6349957007738607 0.7684729064039408 0.026655202063628546 0.08210180623973727
0 0.6079105760963026 0.7660098522167488 0.018916595012897677 0.08374384236453201
0 0.5786758383490972 0.7758620689655172 0.029234737747205503 0.08045977011494253
0 0.5438521066208083 0.19129720853858784 0.02235597592433362 0.06403940886699508
0 0.5109630266552021 0.19950738916256158 0.02536543422184007 0.06403940886699508
0 0.47893379191745483 0.2019704433497537 0.028374892519346516 0.06896551724137931
0 0.44368013757523644 0.21428571428571427 0.028374892519346516 0.07717569786535304
0 0.5462166809974205 0.49014778325123154 0.031384350816852966 0.08374384236453201
0 0.5133276010318143 0.49014778325123154 0.025795356835769563 0.09359605911330049
0 0.48215821152192606 0.4967159277504105 0.02880481513327601 0.090311986863711
0 0.4484092863284609 0.5 0.023215821152192607 0.07389162561576355
0 0.4165950128976784 0.4942528735632184 0.025795356835769563 0.08538587848932677
0 0.38005159071367156 0.5024630541871922 0.028374892519346516 0.07881773399014778
0 0.3463026655202064 0.5098522167487685 0.024505588993981083 0.060755336617405585
0 0.34157351676698194 0.23070607553366174 0.020206362854686157 0.07717569786535304
0 0.31212381771281167 0.22660098522167488 0.02235597592433362 0.07881773399014778
0 0.27815993121238175 0.22249589490968802 0.026655202063628546 0.09359605911330049
0 0.24011177987962168 0.22824302134646962 0.02536543422184007 0.11494252873563218
0 0.21109200343938092 0.24302134646962234 0.024935511607910577 0.10837438423645321
0 0.18121238177128116 0.23809523809523808 0.020206362854686157 0.0755336617405583
0 0.540627687016337 0.7848932676518884 0.020206362854686157 0.08866995073891626
0 0.5010748065348237 0.7807881773399015 0.024505588993981083 0.07389162561576355
0 0.47012037833190023 0.784072249589491 0.020206362854686157 0.08702791461412152
0 0.40455717970765265 0.7881773399014779 0.01633705932932072 0.07881773399014778
0 0.14896818572656922 0.24055829228243022 0.01934651762682717 0.06403940886699508
0 0.11715391229578676 0.2438423645320197 0.02106620808254514 0.07389162561576355
0 0.07523645743766122 0.2504105090311987 0.026655202063628546 0.08702791461412152
0 0.04729148753224419 0.2471264367816092 0.02235597592433362 0.08045977011494253
0 0.01956147893379192 0.25287356321839083 0.02106620808254514 0.0722495894909688
0 0.28546861564918313 0.5139573070607554 0.026655202063628546 0.06239737274220033
0 0.24742046431642303 0.5090311986863711 0.024505588993981083 0.08210180623973727
0 0.21797076526225279 0.5188834154351396 0.018916595012897677 0.09195402298850575
0 0.18207222699914016 0.5246305418719212 0.023645743766122097 0.07389162561576355
0 0.1502579535683577 0.5262725779967159 0.015047291487532245 0.07389162561576355
0 0.07846087704213242 0.5435139573070608 0.024505588993981083 0.08538587848932677
0 0.05266552020636286 0.5476190476190477 0.02106620808254514 0.08374384236453201
0 0.02063628546861565 0.5459770114942529 0.018056749785038694 0.08045977011494253
0 0.33662940670679276 0.8087027914614121 0.021496130696474634 0.09688013136288999
0 0.3028804815133276 0.8078817733990148 0.02106620808254514 0.09852216748768473
0 0.2732158211521926 0.8144499178981938 0.02106620808254514 0.06896551724137931
0 0.23774720550300946 0.8160919540229885 0.024935511607910577 0.0722495894909688
0 0.2171109200343938 0.8185550082101807 0.014617368873602751 0.08702791461412152
0 0.1706792777300086 0.8185550082101807 0.02407566638005159 0.07060755336617405
0 0.14595872742906277 0.8234811165845649 0.02106620808254514 0.08374384236453201
0 0.10447119518486672 0.8325123152709359 0.017196904557179708 0.07881773399014778
0 0.08147033533963886 0.8349753694581281 0.021926053310404127 0.10016420361247948
0 0.044926913155631985 0.8390804597701149 0.022785898538263114 0.10180623973727422
