0 0.9857954545454546 0.06571741511500548 0.027597402597402596 0.08981380065717415
0 0.9606331168831169 0.06626506024096386 0.033279220779220776 0.09748083242059145
0 0.9232954545454546 0.08214676889375684 0.05032467532467533 0.10514786418400876
0 0.8857548701298701 0.10679079956188389 0.029626623376623376 0.08433734939759036
0 0.8587662337662337 0.11555312157721796 0.040584415584415584 0.12157721796276014
0 0.8271103896103896 0.13088718510405256 0.04383116883116883 0.12376779846659365
0 0.7976866883116883 0.1380065717415115 0.03449675324675325 0.10514786418400876
0 0.762987012987013 0.14238773274917854 0.040584415584415584 0.11171960569550932
0 0.7313311688311688 0.16265060240963855 0.0349025974025974 0.11062431544359255
0 0.7073863636363636 0.1774370208105148 0.041396103896103896 0.10514786418400876
0 0.6734983766233766 0.18455640744797372 0.030438311688311688 0.10624315443592552
0 0.6487418831168831 0.19715224534501644 0.04017857142857143 0.10952902519167579
0 0.6176948051948052 0.20810514786418402 0.033279220779220776 0.09200438116100766
0 0.5846185064935064 0.22508214676889376 0.03449675324675325 0.10624315443592552
0 0.5556006493506493 0.23822562979189485 0.03814935064935065 0.09967141292442497
0 0.9671266233766234 0.2677984665936473 0.044642857142857144 0.14348302300109528
0 0.9482548701298701 0.27984665936473163 0.04586038961038961 0.13472070098576122
0 0.9119318181818182 0.27656078860898137 0.03896103896103896 0.12157721796276014
0 0.8859577922077922 0.30065717415115006 0.033279220779220776 0.11281489594742607
0 0.854301948051948 0.3127053669222344 0.03896103896103896 0.14129244249726178
0 0.8137175324675324 0.3329682365826944 0.040584415584415584 0.1533406352683461
0 0.7840909090909091 0.3543263964950712 0.03409090909090909 0.12157721796276014
0 0.7530438311688312 0.3515881708652793 0.033685064935064936 0.14676889375684557
0 0.731737012987013 0.3647316538882804 0.03409090909090909 0.10952902519167579
0 0.7012987012987013 0.384446878422782 0.041396103896103896 0.12924424972617743
0 0.6609172077922078 0.39759036144578314 0.04748376623376623 0.12705366922234393
0 0.6126217532467533 0.4189485213581599 0.03936688311688312 0.10405257393209201
0 0.5765016233766234 0.4348302300109529 0.03936688311688312 0.11171960569550932
0 0.5531655844155844 0.43428258488499455 0.03977272727272727 0.1171960569550931
0 0.9833603896103896 0.4529025191675794 0.028409090909090908 0.13472070098576122
0 0.953327922077922 0.46276013143483025 0.048701298701298704 0.11500547645125958
0 0.8950892857142857 0.49835706462212487 0.032873376623376624 0.04819277108433735
0 0.872362012987013 0.5109529025191676 0.045048701298701296 0.13910186199342825
0 0.8398944805194806 0.5235487404162102 0.04261363636363636 0.12924424972617743
0 0.807224025974026 0.5377875136911281 0.040584415584415584 0.1248630887185104
0 0.7763798701298701 0.5553121577217963 0.03896103896103896 0.1248630887185104
0 0.7483766233766234 0.56078860898138 0.03814935064935065 0.13143483023001096
0 0.6960227272727273 0.5799561883899234 0.04788961038961039 0.12157721796276014
0 0.6550324675324676 0.6002190580503833 0.036525974025974024 0.12267250821467689
0 0.622564935064935 0.6100766703176341 0.03814935064935065 0.10295728368017525
0 0.5393668831168831 0.6418400876232202 0.05032467532467533 0.13143483023001096
0 0.447849025974026 0.6845564074479737 0.05154220779220779 0.14457831325301204
0 0.48843344155844154 0.6790799561883899 0.04991883116883117 0.13362541073384446
0 0.518060064935065 0.452354874041621 0.03530844155844156 0.10952902519167579
0 0.4961444805194805 0.2661555312157722 0.04180194805194805 0.10733844468784227
0 0.4594155844155844 0.2787513691128149 0.04788961038961039 0.13253012048192772
0 0.4862012987012987 0.4611171960569551 0.03571428571428571 0.12267250821467689
0 0.4577922077922078 0.47316538882803943 0.037337662337662336 0.13143483023001096
0 0.4265422077922078 0.4879518072289157 0.03571428571428571 0.14129244249726178
0 0.39813311688311687 0.5125958378970427 0.03896103896103896 0.13581599123767799
0 0.3768262987012987 0.7223439211391018 0.033685064935064936 0.09090909090909091
0 0.3425324675324675 0.731106243154436 0.033279220779220776 0.0887185104052574
0 0.36607142857142855 0.5208105147864184 0.03571428571428571 0.13472070098576122
0 0.3340097402597403 0.5410733844468785 0.04220779220779221 0.14895947426067907
0 0.296875 0.5460021905805038 0.04586038961038961 0.13910186199342825
0 0.3632305194805195 0.3181818181818182 0.03571428571428571 0.11938663745892661
0 0.32954545454545453 0.33515881708652795 0.03165584415584415 0.11171960569550932
0 0.304586038961039 0.35213581599123767 0.030438311688311688 0.1303395399780942
0 0.27982954545454547 0.36418400876232204 0.02719155844155844 0.12376779846659365
0 0.25405844155844154 0.3674698795180723 0.030844155844155844 0.11062431544359255
0 0.2177353896103896 0.3778751369112815 0.045048701298701296 0.12924424972617743
0 0.2648133116883117 0.5662650602409639 0.02719155844155844 0.09200438116100766
0 0.2924107142857143 0.7530120481927711 0.04991883116883117 0.14348302300109528
0 0.2644074675324675 0.7716319824753559 0.029626623376623376 0.09967141292442497
0 0.2327516233766234 0.7842278203723987 0.03855519480519481 0.09419496166484119
0 0.08319805194805195 0.8559693318729463 0.056006493506493504 0.14129244249726178
0 0.040787337662337664 0.8619934282584885 0.037743506493506496 0.1248630887185104
0 0.014204545454545454 0.8778751369112815 0.027597402597402596 0.11281489594742607
0 0.24025974025974026 0.5651697699890471 0.026785714285714284 0.10952902519167579
0 0.21469155844155843 0.5887185104052574 0.04788961038961039 0.11938663745892661
0 0.17918019480519481 0.5985761226725083 0.02556818181818182 0.11938663745892661
0 0.1481331168831169 0.6221248630887185 0.040584415584415584 0.13581599123767799
0 0.11546266233766234 0.6391018619934282 0.03125 0.12595837897042717
0 0.0846185064935065 0.6369112814895947 0.029626623376623376 0.11281489594742607
0 0.0588474025974026 0.6473165388828039 0.03977272727272727 0.1533406352683461
0 0.022321428571428572 0.6697699890470975 0.033279220779220776 0.09967141292442497
0 0.15645292207792208 0.4063526834611172 0.030438311688311688 0.10076670317634173
0 0.12357954545454546 0.43318729463307776 0.03855519480519481 0.13472070098576122
0 0.09375 0.4556407447973713 0.033279220779220776 0.13362541073384446
0 0.06960227272727272 0.4605695509309967 0.037743506493506496 0.13472070098576122
0 0.0349025974025974 0.4764512595837897 0.0349025974025974 0.13362541073384446
0 0.00974025974025974 0.4846659364731654 0.018668831168831168 0.11500547645125958
0 0.40767045454545453 0.3083242059145674 0.04991883116883117 0.12376779846659365
0 0.13758116883116883 0.8313253012048193 0.013798701298701298 0.019715224534501644
0 0.1653814935064935 0.8187294633077765 0.01176948051948052 0.0208105147864184
