0 0.9057255676209279 0.8088942307692307 0.007568279039157618 0.040865384615384616
0 0.8800592300098716 0.7980769230769231 0.008884501480750246 0.03365384615384615
0 0.8566962816716025 0.7914663461538461 0.007568279039157618 0.030048076923076924
0 0.834814083580125 0.7866586538461539 0.009213557091148404 0.03485576923076923
0 0.8071734123066798 0.7716346153846154 0.007897334649555774 0.028846153846153848
0 0.7874300756827904 0.7710336538461539 0.007897334649555774 0.025240384615384616
0 0.7609410990457387 0.7548076923076923 0.006910167818361303 0.036057692307692304
0 0.7367555116814741 0.7469951923076923 0.009871668311944718 0.039663461538461536
0 0.9475156301414939 0.6117788461538461 0.008884501480750246 0.028846153846153848
0 0.9233300427772293 0.6087740384615384 0.006581112207963146 0.03245192307692308
0 0.8979927607765712 0.5985576923076923 0.007239223428759461 0.026442307692307692
0 0.8743007568279039 0.5871394230769231 0.007239223428759461 0.027644230769230768
0 0.8530766699572228 0.5829326923076923 0.009542612701546561 0.028846153846153848
0 0.8073379401118789 0.5564903846153846 0.007568279039157618 0.02403846153846154
0 0.7795327410332347 0.5570913461538461 0.010529779532741033 0.03245192307692308
0 0.759460348798947 0.5462740384615384 0.007897334649555774 0.025240384615384616
0 0.9277722935176045 0.40625 0.006910167818361303 0.038461538461538464
0 0.9076999012833169 0.3948317307692308 0.007568279039157618 0.037259615384615384
0 0.8770977295162883 0.39002403846153844 0.005593945376768674 0.027644230769230768
0 0.8552155314248108 0.38221153846153844 0.007897334649555774 0.04326923076923077
0 0.8351431391905232 0.3683894230769231 0.007239223428759461 0.03485576923076923
0 0.8076669957222771 0.3527644230769231 0.008226390259953932 0.037259615384615384
0 0.7839749917736097 0.35096153846153844 0.008226390259953932 0.028846153846153848
0 0.7604475156301415 0.35396634615384615 0.009213557091148404 0.03485576923076923
0 0.7352747614346825 0.3389423076923077 0.010200723922342876 0.036057692307692304
0 0.713228035538006 0.328125 0.011516946363935505 0.038461538461538464
0 0.6831194471865746 0.31971153846153844 0.010529779532741033 0.040865384615384616
0 0.6572885817703192 0.3058894230769231 0.011516946363935505 0.04447115384615385
0 0.638203356367226 0.3010817307692308 0.008226390259953932 0.03485576923076923
0 0.6136887133925634 0.28846153846153844 0.008555445870352089 0.036057692307692304
0 0.5946034879894703 0.28665865384615385 0.009213557091148404 0.03245192307692308
0 0.5714050674564002 0.27884615384615385 0.009542612701546561 0.03365384615384615
0 0.5454096742349457 0.26382211538461536 0.007568279039157618 0.027644230769230768
0 0.7043435340572557 0.5276442307692307 0.007568279039157618 0.021634615384615384
0 0.6785126686410003 0.5150240384615384 0.007897334649555774 0.030048076923076924
0 0.6558078315235275 0.5024038461538461 0.008555445870352089 0.026442307692307692
0 0.6340901612372492 0.49759615384615385 0.006581112207963146 0.03365384615384615
0 0.6087528792365909 0.4951923076923077 0.008555445870352089 0.036057692307692304
0 0.5868706811451135 0.48257211538461536 0.007568279039157618 0.030048076923076924
0 0.5612043435340572 0.47115384615384615 0.006910167818361303 0.03365384615384615
0 0.5384995064165844 0.4609375 0.008226390259953932 0.03245192307692308
0 0.7148733135899967 0.7421875 0.008884501480750246 0.030048076923076924
0 0.6814741691345837 0.7265625 0.006581112207963146 0.03245192307692308
0 0.6604146100691016 0.7211538461538461 0.011846001974333662 0.040865384615384616
0 0.6373807173412307 0.7127403846153846 0.009213557091148404 0.03125
0 0.6131951299769661 0.6983173076923077 0.010200723922342876 0.03365384615384615
0 0.5913129318854886 0.6941105769230769 0.011187890753537348 0.030048076923076924
0 0.5644948996380388 0.6820913461538461 0.010200723922342876 0.030048076923076924
0 0.5485357025337282 0.6784855769230769 0.007897334649555774 0.037259615384615384
0 0.5190852254030931 0.6628605769230769 0.006910167818361303 0.025240384615384616
0 0.49358341559723595 0.6592548076923077 0.005923000987166831 0.03485576923076923
0 0.46906877262257324 0.6520432692307693 0.009542612701546561 0.03245192307692308
0 0.44257979598552155 0.640625 0.009871668311944718 0.028846153846153848
0 0.3943731490621915 0.6201923076923077 0.01085883514313919 0.04567307692307692
0 0.37232642316551495 0.6153846153846154 0.010200723922342876 0.04567307692307692
0 0.3519249753208292 0.6045673076923077 0.011516946363935505 0.040865384615384616
0 0.5121750575847318 0.4561298076923077 0.011516946363935505 0.03245192307692308
0 0.48650871997367556 0.4465144230769231 0.009542612701546561 0.039663461538461536
0 0.460348798947022 0.43209134615384615 0.007239223428759461 0.046875
0 0.43566962816716026 0.42367788461538464 0.008555445870352089 0.042067307692307696
0 0.41312931885488646 0.41586538461538464 0.007568279039157618 0.03125
0 0.39256334320500164 0.41466346153846156 0.013162224415926292 0.04807692307692308
0 0.36952945047713065 0.4050480769230769 0.009871668311944718 0.038461538461538464
0 0.5184271141822968 0.2566105769230769 0.010200723922342876 0.03485576923076923
0 0.49341888779203685 0.24519230769230768 0.012833168805528134 0.036057692307692304
0 0.46808160579137875 0.23918269230769232 0.008884501480750246 0.040865384615384616
0 0.43928923988154 0.21995192307692307 0.008555445870352089 0.036057692307692304
0 0.42119118130964134 0.21574519230769232 0.008555445870352089 0.030048076923076924
0 0.3991444554129648 0.20853365384615385 0.009871668311944718 0.037259615384615384
0 0.37265547877591315 0.1971153846153846 0.01349128002632445 0.040865384615384616
0 0.34485027969726884 0.3948317307692308 0.009871668311944718 0.03245192307692308
0 0.32148733135899965 0.38882211538461536 0.012504113195129977 0.042067307692307696
0 0.2918723264231655 0.3798076923076923 0.011187890753537348 0.040865384615384616
0 0.27295162882527146 0.3719951923076923 0.010200723922342876 0.030048076923076924
0 0.24596906877262256 0.359375 0.008226390259953932 0.04326923076923077
0 0.2204672589667654 0.34975961538461536 0.010529779532741033 0.028846153846153848
0 0.1949654491609082 0.3449519230769231 0.007568279039157618 0.038461538461538464
0 0.3504442250740375 0.19471153846153846 0.008555445870352089 0.036057692307692304
0 0.32576505429417574 0.1814903846153846 0.011846001974333662 0.04567307692307692
0 0.3004277722935176 0.17307692307692307 0.010529779532741033 0.04326923076923077
0 0.2787101020072392 0.1700721153846154 0.014478446857518921 0.039663461538461536
0 0.2504113195129977 0.1544471153846154 0.010529779532741033 0.037259615384615384
0 0.19907864429088515 0.14122596153846154 0.010529779532741033 0.04447115384615385
0 0.17555116814741692 0.12860576923076922 0.008884501480750246 0.036057692307692304
0 0.2788746298124383 0.5847355769230769 0.01085883514313919 0.03485576923076923
0 0.24925962487660414 0.5709134615384616 0.009542612701546561 0.036057692307692304
0 0.2235932872655479 0.5594951923076923 0.011516946363935505 0.039663461538461536
0 0.19825600526488976 0.5558894230769231 0.01085883514313919 0.030048076923076924
0 0.17439947351102336 0.5462740384615384 0.009871668311944718 0.03245192307692308
0 0.15120105297795328 0.5348557692307693 0.008226390259953932 0.04326923076923077
0 0.16946363935505102 0.33353365384615385 0.0052648897663705166 0.03245192307692308
0 0.14346824613359657 0.32091346153846156 0.007897334649555774 0.036057692307692304
0 0.12504113195129976 0.32091346153846156 0.009871668311944718 0.040865384615384616
0 0.09575518262586377 0.3016826923076923 0.009213557091148404 0.036057692307692304
0 0.07222770648239553 0.29867788461538464 0.010200723922342876 0.046875
0 0.04705495228693649 0.2938701923076923 0.009213557091148404 0.037259615384615384
0 0.07617637380717342 0.5102163461538461 0.011516946363935505 0.037259615384615384
0 0.031095755182625865 0.4933894230769231 0.01217505758473182 0.04447115384615385
0 0.1263573543928924 0.1123798076923077 0.010529779532741033 0.042067307692307696
0 0.09921026653504442 0.1045673076923077 0.008884501480750246 0.036057692307692304
0 0.07650542941757157 0.09975961538461539 0.01217505758473182 0.04326923076923077
0 0.05445870352089503 0.0889423076923077 0.011516946363935505 0.040865384615384616
