0 0.961489898989899 0.8356282271944923 0.008838383838383838 0.07056798623063683
0 0.9381313131313131 0.8382099827882961 0.012626262626262626 0.0757314974182444
0 0.9114583333333334 0.8339070567986231 0.010416666666666666 0.06368330464716007
0 0.8847853535353535 0.8270223752151463 0.013257575757575758 0.06712564543889846
0 0.860479797979798 0.8278829604130808 0.010732323232323232 0.058519793459552494
0 0.8394886363636364 0.8175559380378657 0.01231060606060606 0.07917383820998279
0 0.9589646464646465 0.5516351118760757 0.006944444444444444 0.04647160068846816
0 0.9373421717171717 0.5249569707401033 0.010416666666666666 0.05163511187607573
0 0.9098800505050505 0.5180722891566265 0.009785353535353536 0.05163511187607573
0 0.8849431818181818 0.5172117039586919 0.010416666666666666 0.05335628227194492
0 0.8600063131313131 0.5232358003442341 0.01167929292929293 0.06196213425129088
0 0.9523358585858586 0.23493975903614459 0.010732323232323232 0.04647160068846816
0 0.9281881313131313 0.22805507745266781 0.009154040404040404 0.04991394148020654
0 0.9045138888888888 0.2314974182444062 0.007891414141414142 0.06712564543889846
0 0.8827335858585859 0.21772805507745266 0.01167929292929293 0.07401032702237521
0 0.8541666666666666 0.22375215146299485 0.010732323232323232 0.06196213425129088
0 0.8309659090909091 0.21256454388984508 0.013573232323232324 0.08089500860585198
0 0.8322285353535354 0.5146299483648882 0.012941919191919192 0.06884681583476764
0 0.8104482323232324 0.5077452667814114 0.010416666666666666 0.06196213425129088
0 0.8061868686868687 0.21084337349397592 0.00946969696969697 0.043029259896729774
0 0.7807765151515151 0.2099827882960413 0.010416666666666666 0.04475043029259897
0 0.759469696969697 0.21084337349397592 0.010101010101010102 0.039586919104991396
0 0.7361111111111112 0.20912220309810672 0.010732323232323232 0.06712564543889846
0 0.7094381313131313 0.1944922547332186 0.01231060606060606 0.055077452667814115
0 0.6835542929292929 0.1944922547332186 0.009785353535353536 0.04130808950086059
0 0.6583017676767676 0.19104991394148021 0.013573232323232324 0.058519793459552494
0 0.7858270202020202 0.5137693631669535 0.009154040404040404 0.04647160068846816
0 0.7580492424242424 0.4974182444061962 0.013573232323232324 0.0757314974182444
0 0.7403724747474747 0.5111876075731497 0.012941919191919192 0.06540447504302926
0 0.7143308080808081 0.5008605851979346 0.010101010101010102 0.055077452667814115
0 0.69302398989899 0.5025817555938038 0.008522727272727272 0.04819277108433735
0 0.787405303030303 0.8141135972461274 0.014204545454545454 0.05163511187607573
0 0.7597853535353535 0.810671256454389 0.011994949494949494 0.06196213425129088
0 0.7417929292929293 0.7994836488812392 0.011363636363636364 0.05335628227194492
0 0.6352588383838383 0.19535283993115318 0.010416666666666666 0.04991394148020654
0 0.6134785353535354 0.20481927710843373 0.005366161616161616 0.04130808950086059
0 0.5896464646464646 0.20912220309810672 0.006944444444444444 0.03614457831325301
0 0.5617108585858586 0.1962134251290878 0.008522727272727272 0.05163511187607573
0 0.639520202020202 0.48967297762478484 0.005681818181818182 0.03614457831325301
0 0.6158459595959596 0.5 0.005681818181818182 0.03270223752151463
0 0.59375 0.4974182444061962 0.006313131313131313 0.04130808950086059
0 0.5730744949494949 0.4991394148020654 0.010416666666666666 0.0378657487091222
0 0.6380997474747475 0.7943201376936316 0.009154040404040404 0.05679862306368331
0 0.6131628787878788 0.7917383820998278 0.01231060606060606 0.07228915662650602
0 0.5901199494949495 0.7960413080895009 0.01167929292929293 0.07401032702237521
0 0.5718118686868687 0.7960413080895009 0.012941919191919192 0.07056798623063683
0 0.5424558080808081 0.7994836488812392 0.01167929292929293 0.06712564543889846
0 0.5222537878787878 0.7839931153184165 0.01231060606060606 0.07401032702237521
0 0.49573863636363635 0.7986230636833046 0.00726010101010101 0.04475043029259897
0 0.47269570707070707 0.7874354561101549 0.009154040404040404 0.06368330464716007
0 0.4466540404040404 0.7882960413080895 0.010732323232323232 0.05163511187607573
0 0.41761363636363635 0.7882960413080895 0.007575757575757576 0.05163511187607573
0 0.3961489898989899 0.7788296041308089 0.00946969696969697 0.05679862306368331
0 0.49195075757575757 0.4827882960413081 0.009785353535353536 0.07056798623063683
0 0.47001262626262624 0.4793459552495697 0.007575757575757576 0.05335628227194492
0 0.442550505050505 0.4776247848537005 0.011363636363636364 0.06712564543889846
0 0.3942550505050505 0.47418244406196214 0.011994949494949494 0.05335628227194492
0 0.5123106060606061 0.1944922547332186 0.006944444444444444 0.05163511187607573
0 0.49242424242424243 0.1944922547332186 0.005681818181818182 0.03442340791738382
0 0.46922348484848486 0.18416523235800344 0.005997474747474747 0.0378657487091222
0 0.43970959595959597 0.17900172117039587 0.00946969696969697 0.04475043029259897
0 0.4131944444444444 0.16523235800344235 0.007575757575757576 0.04819277108433735
0 0.3934659090909091 0.17814113597246128 0.00726010101010101 0.043029259896729774
0 0.369949494949495 0.1712564543889845 0.00946969696969697 0.04647160068846816
0 0.3475378787878788 0.16781411359724613 0.008207070707070708 0.05335628227194492
0 0.31660353535353536 0.1703958691910499 0.008207070707070708 0.05163511187607573
0 0.2959280303030303 0.16953528399311532 0.009154040404040404 0.04991394148020654
0 0.2694128787878788 0.15920826161790017 0.01231060606060606 0.04991394148020654
0 0.3475378787878788 0.46987951807228917 0.010732323232323232 0.04475043029259897
0 0.32196969696969696 0.46987951807228917 0.010101010101010102 0.0378657487091222
0 0.29908459595959597 0.46471600688468157 0.012941919191919192 0.04819277108433735
0 0.2747790404040404 0.4612736660929432 0.009154040404040404 0.06540447504302926
0 0.25252525252525254 0.46729776247848537 0.00946969696969697 0.04647160068846816
0 0.3746843434343434 0.774526678141136 0.010101010101010102 0.04819277108433735
0 0.3500631313131313 0.7762478485370051 0.010732323232323232 0.06884681583476764
0 0.33128156565656564 0.7753872633390706 0.008522727272727272 0.07056798623063683
0 0.3006628787878788 0.770223752151463 0.011047979797979798 0.05679862306368331
0 0.25394570707070707 0.7728055077452668 0.008522727272727272 0.055077452667814115
0 0.23027146464646464 0.7590361445783133 0.010416666666666666 0.06196213425129088
0 0.20691287878787878 0.7616179001721171 0.014204545454545454 0.05335628227194492
0 0.18039772727272727 0.7538726333907056 0.010416666666666666 0.058519793459552494
0 0.22774621212121213 0.45524956970740105 0.007891414141414142 0.060240963855421686
0 0.2056502525252525 0.44922547332185886 0.009154040404040404 0.08261617900172118
0 0.22395833333333334 0.15834767641996558 0.00726010101010101 0.0378657487091222
0 0.2032828282828283 0.15834767641996558 0.00946969696969697 0.04819277108433735
0 0.1753472222222222 0.45008605851979344 0.007891414141414142 0.05335628227194492
0 0.15056818181818182 0.14457831325301204 0.007575757575757576 0.055077452667814115
0 0.1268939393939394 0.14629948364888123 0.006313131313131313 0.0378657487091222
0 0.10590277777777778 0.13769363166953527 0.010416666666666666 0.06196213425129088
0 0.08349116161616162 0.1368330464716007 0.010416666666666666 0.043029259896729774
0 0.052398989898989896 0.13769363166953527 0.011994949494949494 0.04819277108433735
0 0.13415404040404041 0.4457831325301205 0.00946969696969697 0.058519793459552494
0 0.1038510101010101 0.43631669535283996 0.011994949494949494 0.05335628227194492
0 0.08128156565656566 0.43717728055077454 0.005366161616161616 0.05163511187607573
0 0.05350378787878788 0.42857142857142855 0.01167929292929293 0.06540447504302926
0 0.15625 0.7409638554216867 0.010732323232323232 0.07056798623063683
0 0.13557449494949494 0.7495697074010327 0.009154040404040404 0.060240963855421686
0 0.10858585858585859 0.7555938037865749 0.013888888888888888 0.06540447504302926
0 0.08159722222222222 0.7426850258175559 0.009785353535353536 0.05335628227194492
0 0.05397727272727273 0.7366609294320138 0.010101010101010102 0.055077452667814115
0 0.027777777777777776 0.7349397590361446 0.011363636363636364 0.04475043029259897
