0 0.13033495407887627 0.49740484429065746 0.0024311183144246355 0.08823529411764706
0 0.14627228525121555 0.5051903114186851 0.02890329551593733 0.08996539792387544
0 0.1705834683954619 0.5069204152249135 0.031064289573203674 0.10034602076124567
0 0.13330632090761751 0.31747404844290655 0.008373851971907077 0.039792387543252594
0 0.1461372231226364 0.31833910034602075 0.015126958400864398 0.08650519031141868
0 0.13452188006482982 0.1583044982698962 0.010804970286331712 0.12283737024221453
0 0.15207995678011885 0.14273356401384082 0.00864397622906537 0.1643598615916955
0 0.17423014586709887 0.1782006920415225 0.029173419773095625 0.08650519031141868
0 0.19516477579686656 0.17128027681660898 0.012155591572123177 0.17301038062283736
0 0.20394381415451107 0.18252595155709342 0.021609940572663425 0.13667820069204153
0 0.1620745542949757 0.3356401384083045 0.01242571582928147 0.06920415224913495
0 0.178957320367369 0.32785467128027684 0.008373851971907077 0.11245674740484429
0 0.20272825499729877 0.3399653979238754 0.013776337115072933 0.11937716262975778
0 0.19394921663965425 0.5242214532871973 0.014586709886547812 0.23875432525951557
0 0.20786061588330632 0.5173010380622838 0.013776337115072933 0.21453287197231835
0 0.23244192328471097 0.5527681660899654 0.029983792544570502 0.0847750865051903
0 0.25108049702863316 0.5588235294117647 0.02674230145867099 0.08650519031141868
0 0.21731496488384658 0.379757785467128 0.012695840086439762 0.09169550173010381
0 0.23163155051323608 0.35813148788927335 0.011075094543490005 0.09688581314878893
0 0.24581307401404645 0.36418685121107264 0.017828200972447326 0.06747404844290658
0 0.23960021609940574 0.17387543252595156 0.02215018908698001 0.08131487889273356
0 0.25567260940032416 0.16349480968858132 0.021339816315505133 0.13321799307958476
0 0.27363587250135063 0.1980968858131488 0.011345218800648298 0.17474048442906576
0 0.2782279848730416 0.38321799307958476 0.022690437601296597 0.07439446366782007
0 0.28768233387358183 0.38321799307958476 0.016747703943814155 0.04325259515570934
0 0.2830902215018909 0.5320069204152249 0.020529443544030253 0.19204152249134948
0 0.3033495407887628 0.18339100346020762 0.02377093462992977 0.09342560553633218
0 0.3110480821177742 0.21107266435986158 0.02025931928687196 0.08304498269896193
0 0.3294165316045381 0.3884083044982699 0.005132360886007563 0.09515570934256055
0 0.3271204754186926 0.5294117647058824 0.026472177201512695 0.17993079584775087
0 0.3380605078336035 0.20761245674740483 0.017017828200972446 0.07612456747404844
0 0.34940572663425173 0.2171280276816609 0.02025931928687196 0.15397923875432526
0 0.3399513776337115 0.3866782006920415 0.01539708265802269 0.05709342560553633
0 0.3490005402485143 0.5501730103806228 0.022690437601296597 0.10034602076124567
0 0.37385197190707725 0.5717993079584776 0.02485143165856294 0.16782006920415224
0 0.3657482441923285 0.4108996539792388 0.01242571582928147 0.0986159169550173
0 0.3789843327930848 0.4273356401384083 0.0189086980010805 0.04152249134948097
0 0.38006482982171796 0.2569204152249135 0.019989195029713667 0.14013840830449828
0 0.39005942733657484 0.2577854671280277 0.010804970286331712 0.10726643598615918
0 0.40086439762290654 0.5648788927335641 0.021609940572663425 0.16089965397923875
0 0.40964343598055103 0.24653979238754326 0.013776337115072933 0.1782006920415225
0 0.43381955699621827 0.2673010380622837 0.010264721772015126 0.15397923875432526
0 0.4392220421393841 0.4411764705882353 0.0189086980010805 0.03806228373702422
0 0.42571582928146945 0.6081314878892734 0.029173419773095625 0.08131487889273356
0 0.4389519178822258 0.6055363321799307 0.014586709886547812 0.22145328719723184
0 0.4619124797406807 0.6141868512110726 0.023230686115613183 0.058823529411764705
0 0.4831172339276067 0.615916955017301 0.02404105888708806 0.08650519031141868
0 0.49081577525661807 0.6081314878892734 0.017828200972447326 0.15397923875432526
0 0.4554294975688817 0.27941176470588236 0.021609940572663425 0.10899653979238755
0 0.4674500270124257 0.27941176470588236 0.013236088600756347 0.17474048442906576
0 0.47028633171258777 0.4437716262975779 0.01728795245813074 0.08131487889273356
0 0.48041599135602375 0.4472318339100346 0.017017828200972446 0.05363321799307959
0 0.4982441923284711 0.2673010380622837 0.020799567801188548 0.157439446366782
0 0.5097244732576985 0.2750865051903114 0.015667206915180983 0.1522491349480969
0 0.5041869259859535 0.4437716262975779 0.013776337115072933 0.06401384083044982
0 0.5237709346299297 0.26038062283737023 0.02106969205834684 0.12283737024221453
0 0.5209346299297677 0.44809688581314877 0.00945434900054025 0.11764705882352941
0 0.5287682333873582 0.45588235294117646 0.018638573743922204 0.10207612456747404
0 0.513776337115073 0.6262975778546713 0.011345218800648298 0.09342560553633218
0 0.5374122096164236 0.6608996539792388 0.007293354943273906 0.14186851211072665
0 0.5548352242031335 0.6453287197231834 0.00864397622906537 0.14878892733564014
0 0.5547001620745543 0.4662629757785467 0.007293354943273906 0.08131487889273356
0 0.5673960021609941 0.314878892733564 0.016477579686655863 0.1314878892733564
0 0.5871150729335495 0.2750865051903114 0.013236088600756347 0.12802768166089964
0 0.5771204754186926 0.47664359861591693 0.01539708265802269 0.08131487889273356
0 0.5773905996758509 0.6401384083044983 0.01755807671528903 0.09688581314878893
0 0.5967044840626688 0.46972318339100344 0.01350621285791464 0.09169550173010381
0 0.6066990815775256 0.6591695501730104 0.03511615343057806 0.1314878892733564
0 0.6177741761210157 0.4818339100346021 0.01620745542949757 0.08823529411764706
0 0.6099405726634252 0.29498269896193774 0.0189086980010805 0.11591695501730104
0 0.6237169097784981 0.3304498269896194 0.014046461372231226 0.12110726643598616
0 0.6377633711507293 0.3304498269896194 0.019989195029713667 0.13494809688581316
0 0.6333063209076175 0.5077854671280276 0.013776337115072933 0.11591695501730104
0 0.6285791464073474 0.6634948096885813 0.009724473257698542 0.21972318339100347
0 0.6489735278227985 0.6678200692041523 0.026202052944354404 0.1522491349480969
0 0.6561318206374932 0.509515570934256 0.014046461372231226 0.06401384083044982
0 0.6692328471096705 0.3304498269896194 0.00945434900054025 0.17993079584775087
0 0.6770664505672609 0.5017301038062284 0.017017828200972446 0.0657439446366782
0 0.6709886547811994 0.6479238754325259 0.027552674230145867 0.20588235294117646
0 0.6884116693679092 0.34256055363321797 0.022960561858454888 0.10034602076124567
0 0.6990815775256618 0.3373702422145329 0.015667206915180983 0.12802768166089964
0 0.6880064829821718 0.7015570934256056 0.009184224743381956 0.21626297577854672
0 0.6948946515397083 0.5008650519031141 0.012155591572123177 0.10553633217993079
0 0.7113722312263642 0.5259515570934256 0.016477579686655863 0.09342560553633218
0 0.7142085359265262 0.5268166089965398 0.01242571582928147 0.04325259515570934
0 0.7074554294975689 0.7145328719723183 0.007023230686115613 0.20069204152249134
0 0.7133981631550513 0.7153979238754326 0.03079416531604538 0.17474048442906576
0 0.7229875742841707 0.3555363321799308 0.008914100486223663 0.1643598615916955
0 0.742571582928147 0.34515570934256057 0.023230686115613183 0.15397923875432526
0 0.7466234467855214 0.5302768166089965 0.01728795245813074 0.039792387543252594
0 0.7576985413290114 0.5501730103806228 0.015667206915180983 0.05190311418685121
0 0.7420313344138304 0.6963667820069204 0.018368449486763912 0.19896193771626297
0 0.7675580767152891 0.53719723183391 0.01917882225823879 0.08131487889273356
0 0.7740410588870881 0.3719723183391003 0.01539708265802269 0.12110726643598616
0 0.76107509454349 0.7283737024221453 0.02025931928687196 0.17301038062283736
0 0.7724203133441383 0.7344290657439446 0.029983792544570502 0.0986159169550173
0 0.7828200972447326 0.5449826989619377 0.00864397622906537 0.1245674740484429
0 0.7982171799027553 0.3745674740484429 0.01242571582928147 0.12283737024221453
0 0.8017287952458131 0.5562283737024222 0.01728795245813074 0.04325259515570934
0 0.8019989195029714 0.7413494809688581 0.02593192868719611 0.08131487889273356
0 0.8244192328471097 0.7724913494809689 0.01242571582928147 0.10207612456747404
0 0.8227984873041599 0.5579584775086506 0.016747703943814155 0.06401384083044982
0 0.8294165316045381 0.3875432525951557 0.00945434900054025 0.17647058823529413
0 0.8425175580767152 0.7569204152249135 0.019448946515397084 0.2231833910034602
0 0.8645326850351162 0.3944636678200692 0.029983792544570502 0.11418685121107267
0 0.8679092382495948 0.4290657439446367 0.02106969205834684 0.14186851211072665
0 0.8843868179362506 0.39705882352941174 0.021609940572663425 0.14013840830449828
0 0.8816855753646677 0.5752595155709342 0.011885467314964884 0.10207612456747404
0 0.8887088060507834 0.5873702422145328 0.015126958400864398 0.06401384083044982
0 0.9032955159373312 0.43771626297577854 0.02377093462992977 0.0726643598615917
0 0.9046461372231226 0.7534602076124568 0.026472177201512695 0.11245674740484429
0 0.9155861696380335 0.8200692041522492 0.02188006482982172 0.13494809688581316
0 0.9190977849810913 0.4143598615916955 0.015937331172339277 0.12629757785467127
0 0.9362506753106429 0.41608996539792387 0.02701242571582928 0.10553633217993079
0 0.9309832522960562 0.6211072664359861 0.004051863857374392 0.1314878892733564
0 0.9508373851971907 0.6115916955017301 0.012965964343598054 0.07093425605536333
0 0.929902755267423 0.7949826989619377 0.025121555915721232 0.19896193771626297
0 0.9534035656401945 0.4411764705882353 0.022420313344138302 0.14878892733564014
0 0.9682603997839005 0.6167820069204152 0.01539708265802269 0.07439446366782007
0 0.9571853052404106 0.777681660899654 0.028363047001620744 0.13321799307958476
0 0.9801458670988655 0.8036332179930796 0.02890329551593733 0.08823529411764706
0 0.9855483522420313 0.6470588235294118 0.019719070772555376 0.04152249134948097
0 0.9697460831982712 0.4463667820069204 0.01620745542949757 0.17647058823529413
0 0.9913560237709347 0.4662629757785467 0.01620745542949757 0.08823529411764706
