0 0.9148179154457933 0.12358393408856849 0.04060276266220176 0.10298661174047374
0 0.8790288823775638 0.14521112255406798 0.02762662201758058 0.08650875386199794
0 0.8524487233151946 0.1580844490216272 0.02971954792800335 0.07723995880535531
0 0.818752616157388 0.17662203913491245 0.03599832565927166 0.08753861997940268
0 0.7865215571368773 0.1874356333676622 0.03097530347425701 0.08650875386199794
0 0.7565927166178318 0.2023686920700309 0.032231059020510676 0.08135942327497425
0 0.7243616575973211 0.21781668383110195 0.033068229384679786 0.09783728115345006
0 0.6942235244872331 0.22657054582904224 0.030556718292172456 0.09268795056642637
0 0.6640853913771453 0.2384140061791967 0.033068229384679786 0.10813594232749743
0 0.6324822101297614 0.262615859938208 0.0301381331100879 0.10916580844490216
0 0.6000418585182085 0.2796086508753862 0.031393888656341566 0.10401647785787847
0 0.5330682293846798 0.309989701338826 0.03641691084135622 0.10916580844490216
0 0.5029300962745918 0.32492276004119464 0.026370866471326915 0.0690010298661174
0 0.4723733779824194 0.33831101956745624 0.033068229384679786 0.09577754891864057
0 0.43993302637086645 0.358908341915551 0.03432398493093344 0.0854788877445932
0 0.4060276266220176 0.3722966014418126 0.03264964420259523 0.09783728115345006
0 0.3765173712850565 0.37899073120494337 0.025533696107157805 0.10092687950566426
0 0.941816659690247 0.30123583934088566 0.039347007115948095 0.09165808444902163
0 0.9087484303055672 0.32440782698249226 0.023440770196735034 0.061791967044284246
0 0.8773545416492257 0.3321318228630278 0.03097530347425701 0.08341915550978372
0 0.8455420678107995 0.34397528321318227 0.0301381331100879 0.09886714727085479
0 0.8141481791544579 0.35787847579814624 0.03432398493093344 0.11225540679711637
0 0.7825449979070741 0.3748712667353244 0.033068229384679786 0.08032955715756952
0 0.750732524068648 0.39907312049433574 0.033068229384679786 0.09783728115345006
0 0.7199665131854333 0.40525231719876414 0.028463792381749686 0.0854788877445932
0 0.6839681875261616 0.42070030895983523 0.03432398493093344 0.08135942327497425
0 0.6515278359146086 0.4351184346035015 0.030556718292172456 0.1101956745623069
0 0.6226454583507743 0.45211122554067973 0.03390539974884889 0.08650875386199794
0 0.5916701548765174 0.4624098867147271 0.031393888656341566 0.08444902162718847
0 0.9543742151527836 0.47785787847579814 0.03432398493093344 0.082389289392379
0 0.9190037672666388 0.5005149330587023 0.02888237756383424 0.08856848609680741
0 0.8876098786102972 0.509783728115345 0.02804520719966513 0.06591143151390319
0 0.8591460862285475 0.5205973223480947 0.032231059020510676 0.09165808444902163
0 0.7674759313520302 0.5617919670442842 0.03809125156969443 0.09165808444902163
0 0.731059020510674 0.5849639546858908 0.032231059020510676 0.08650875386199794
0 0.7059439095856007 0.5947476828012358 0.03390539974884889 0.11431513903192585
0 0.6697362913352868 0.6184346035015448 0.028463792381749686 0.08341915550978372
0 0.6358308915864378 0.6349124613800206 0.039347007115948095 0.101956745623069
0 0.6021347844286312 0.6477857878475798 0.030556718292172456 0.09474768280123584
0 0.5726245290916702 0.6596292481977343 0.03181247383842612 0.07106076210092688
0 0.5418585182084554 0.6766220391349125 0.034742570113018 0.082389289392379
0 0.5106739221431561 0.6889804325437693 0.03599832565927166 0.08856848609680741
0 0.47572205943909585 0.7142121524201854 0.032231059020510676 0.0937178166838311
0 0.44307241523650065 0.7250257466529351 0.031393888656341566 0.11534500514933059
0 0.41649225617413144 0.7337796086508754 0.02595228128924236 0.09783728115345006
0 0.5615320217664295 0.48764160659114314 0.033068229384679786 0.09165808444902163
0 0.528673084972792 0.49948506694129763 0.03264964420259523 0.10298661174047374
0 0.49372122226873166 0.525231719876416 0.032231059020510676 0.082389289392379
0 0.4669317706153202 0.5288362512873327 0.02804520719966513 0.08753861997940268
0 0.438049393051486 0.5422245108135942 0.033068229384679786 0.1184346035015448
0 0.40707408957722896 0.5520082389289392 0.03390539974884889 0.11122554067971163
0 0.34365843449141903 0.39237899073120497 0.03432398493093344 0.10504634397528322
0 0.3143574717455002 0.40525231719876414 0.02595228128924236 0.08135942327497425
0 0.2867308497279196 0.4196704428424305 0.03432398493093344 0.1101956745623069
0 0.2540812055253244 0.43820803295571575 0.033486814566764334 0.0937178166838311
0 0.2239430724152365 0.44490216271884653 0.033486814566764334 0.10298661174047374
0 0.1929677689409795 0.4629248197734295 0.03264964420259523 0.10401647785787847
0 0.15948095437421514 0.47785787847579814 0.03264964420259523 0.11122554067971163
0 0.13206362494767684 0.4938208032955716 0.034742570113018 0.08959835221421215
0 0.09125156969443282 0.5102986611740473 0.039347007115948095 0.0854788877445932
0 0.05922980326496442 0.5200823892893924 0.032231059020510676 0.10916580844490216
0 0.37693595646714106 0.5690010298661174 0.031393888656341566 0.07929969104016478
0 0.34512348262871495 0.576725025746653 0.03809125156969443 0.10710607621009269
0 0.31038091251569694 0.59783728115345 0.032231059020510676 0.0937178166838311
0 0.27773126831310174 0.6122554067971163 0.031393888656341566 0.11431513903192585
0 0.25010464629552115 0.6246138002059732 0.031393888656341566 0.10813594232749743
0 0.2147341984093763 0.6421215242018538 0.03264964420259523 0.11225540679711637
0 0.18689828380075346 0.6575695159629248 0.025533696107157805 0.0854788877445932
0 0.15048137295939723 0.6714727085478888 0.03641691084135622 0.09268795056642637
0 0.11762243616575974 0.6822863027806385 0.02595228128924236 0.0937178166838311
0 0.08769359564671411 0.7008238928939238 0.032231059020510676 0.09783728115345006
0 0.053997488488907494 0.7167868177136972 0.028463792381749686 0.09268795056642637
0 0.38802846379238176 0.751287332646756 0.02762662201758058 0.0854788877445932
0 0.35705316031812473 0.766735324407827 0.03599832565927166 0.10607621009268794
0 0.3227291753871913 0.7801235839340885 0.03181247383842612 0.09989701338825953
0 0.2894516534114692 0.7924819773429455 0.033068229384679786 0.08959835221421215
0 0.25847634993721225 0.8063851699279093 0.032231059020510676 0.08444902162718847
0 0.22833821682712432 0.8130792996910402 0.02888237756383424 0.10401647785787847
0 0.20050230221850146 0.8331616889804325 0.03264964420259523 0.10916580844490216
0 0.1645039765592298 0.8527291452111225 0.03599832565927166 0.09474768280123584
0 0.1324822101297614 0.858908341915551 0.03557974047718711 0.09886714727085479
0 0.09899539556299707 0.8805355303810505 0.031393888656341566 0.10298661174047374
0 0.06969443281707828 0.9001029866117405 0.031393888656341566 0.10710607621009269
