0 0.9713131313131314 0.07415485278080698 0.008888888888888889 0.026172300981461286
0 0.9454545454545454 0.0861504907306434 0.013737373737373737 0.04362050163576881
0 0.907070707070707 0.09869138495092694 0.04040404040404041 0.11450381679389313
0 0.8581818181818182 0.11995637949836423 0.03232323232323232 0.08287895310796074
0 0.8278787878787879 0.12813522355507087 0.04040404040404041 0.11014176663031625
0 0.7941414141414141 0.1515812431842966 0.03434343434343434 0.10687022900763359
0 0.7676767676767676 0.1668484187568157 0.03313131313131313 0.11777535441657579
0 0.7325252525252526 0.16793893129770993 0.04606060606060606 0.12213740458015267
0 0.7024242424242424 0.19029443838604143 0.012525252525252526 0.03380588876772083
0 0.6781818181818182 0.19792802617230099 0.01818181818181818 0.03162486368593239
0 0.6523232323232323 0.2093784078516903 0.016565656565656565 0.03707742639040349
0 0.9858585858585859 0.2611777535441658 0.027474747474747475 0.11886586695747
0 0.965050505050505 0.2748091603053435 0.037575757575757575 0.12213740458015267
0 0.9309090909090909 0.2857142857142857 0.03636363636363636 0.1134133042529989
0 0.898989898989899 0.3037077426390403 0.027474747474747475 0.10141766630316248
0 0.8672727272727273 0.3173391494002181 0.03595959595959596 0.10032715376226826
0 0.8395959595959596 0.3331515812431843 0.022626262626262626 0.10141766630316248
0 0.8193939393939393 0.3331515812431843 0.02909090909090909 0.11668484187568157
0 0.7793939393939394 0.3538713195201745 0.035555555555555556 0.11014176663031625
0 0.7549494949494949 0.35877862595419846 0.03676767676767677 0.12431842966194111
0 0.7169696969696969 0.38004362050163576 0.03595959595959596 0.11014176663031625
0 0.6571717171717172 0.40730643402399125 0.04565656565656566 0.11450381679389313
0 0.6248484848484849 0.42039258451472195 0.014141414141414142 0.020719738276990186
0 0.9569696969696969 0.4743729552889858 0.03838383838383838 0.1134133042529989
0 0.8995959595959596 0.4994547437295529 0.04323232323232323 0.11995637949836423
0 0.8585858585858586 0.5196292257360959 0.04040404040404041 0.11668484187568157
0 0.8286868686868687 0.529989094874591 0.015353535353535354 0.04798255179934569
0 0.806060606060606 0.5381679389312977 0.030707070707070707 0.0861504907306434
0 0.7765656565656566 0.5556161395856052 0.03151515151515152 0.09487459105779716
0 0.7464646464646465 0.5659760087241004 0.037575757575757575 0.1025081788440567
0 0.7169696969696969 0.5806979280261723 0.03595959595959596 0.13195201744820065
0 0.6808080808080809 0.5970556161395856 0.030707070707070707 0.0970556161395856
0 0.6525252525252525 0.6101417666303163 0.03313131313131313 0.10141766630316248
0 0.6137373737373737 0.6243184296619411 0.04767676767676768 0.1079607415485278
0 0.5894949494949495 0.6357688113413305 0.009696969696969697 0.03925845147219193
0 0.6101010101010101 0.23227917121046893 0.03232323232323232 0.09378407851690294
0 0.5816161616161616 0.23773173391494 0.027878787878787878 0.128680479825518
0 0.5511111111111111 0.2589967284623773 0.03151515151515152 0.1341330425299891
0 0.5238383838383839 0.2649945474372955 0.01898989898989899 0.06324972737186478
0 0.4868686868686869 0.27753544165757904 0.04686868686868687 0.11232279171210469
0 0.5995959595959596 0.4334787350054526 0.018585858585858588 0.03816793893129771
0 0.5761616161616162 0.44601962922573607 0.039595959595959594 0.10905125408942203
0 0.534949494949495 0.45965103598691387 0.03878787878787879 0.11668484187568157
0 0.5078787878787879 0.47546346782988 0.02101010101010101 0.0697928026172301
0 0.5632323232323232 0.6510359869138496 0.025050505050505052 0.06324972737186478
0 0.5361616161616162 0.6570338058887677 0.03797979797979798 0.09487459105779716
0 0.5038383838383839 0.6657579062159215 0.03232323232323232 0.12104689203925845
0 0.47393939393939394 0.6875681570338059 0.03232323232323232 0.10141766630316248
0 0.4444444444444444 0.6952017448200655 0.03393939393939394 0.0970556161395856
0 0.47454545454545455 0.4820065430752454 0.04242424242424243 0.128680479825518
0 0.4448484848484848 0.5021810250817884 0.022626262626262626 0.11450381679389313
0 0.4224242424242424 0.5087241003271538 0.033535353535353536 0.11886586695747
0 0.3890909090909091 0.520174482006543 0.03313131313131313 0.12213740458015267
0 0.3573737373737374 0.5250817884405671 0.03434343434343434 0.12104689203925845
0 0.32686868686868686 0.5567066521264995 0.02585858585858586 0.09487459105779716
0 0.31272727272727274 0.5436205016357688 0.01616161616161616 0.07306434023991276
0 0.29474747474747476 0.5599781897491821 0.02383838383838384 0.09051254089422028
0 0.40404040404040403 0.3053435114503817 0.03393939393939394 0.1134133042529989
0 0.3747474747474748 0.3260632497273719 0.03111111111111111 0.11559432933478735
0 0.34464646464646465 0.3293347873500545 0.03232323232323232 0.10905125408942203
0 0.31393939393939396 0.3489640130861505 0.030707070707070707 0.11777535441657579
0 0.4090909090909091 0.7088331515812432 0.03515151515151515 0.12649945474372956
0 0.37676767676767675 0.7251908396946565 0.03595959595959596 0.128680479825518
0 0.3486868686868687 0.7497273718647764 0.03313131313131313 0.11886586695747
0 0.31757575757575757 0.7502726281352236 0.039595959595959594 0.13086150490730644
0 0.28545454545454546 0.7633587786259542 0.03191919191919192 0.12649945474372956
0 0.2587878787878788 0.767175572519084 0.026262626262626262 0.0970556161395856
0 0.2313131313131313 0.7928026172300982 0.03595959595959596 0.11123227917121047
0 0.19757575757575757 0.8015267175572519 0.0298989898989899 0.11123227917121047
0 0.17353535353535354 0.8107960741548528 0.027878787878787878 0.11668484187568157
0 0.141010101010101 0.8244274809160306 0.03313131313131313 0.11559432933478735
0 0.10545454545454545 0.8446019629225736 0.03636363636363636 0.13849509269356597
0 0.07171717171717172 0.8658669574700109 0.033535353535353536 0.1134133042529989
0 0.04202020202020202 0.8767720828789531 0.03474747474747475 0.11777535441657579
0 0.013737373737373737 0.8805888767720829 0.025050505050505052 0.11014176663031625
0 0.2636363636363636 0.5757906215921483 0.03434343434343434 0.1025081788440567
0 0.23717171717171717 0.5834242093784079 0.02666666666666667 0.11123227917121047
0 0.21292929292929294 0.5976008724100327 0.027474747474747475 0.09814612868047982
0 0.17414141414141415 0.6123227917121047 0.03474747474747475 0.08178844056706652
0 0.1414141414141414 0.6183206106870229 0.03232323232323232 0.11777535441657579
0 0.10848484848484849 0.6352235550708834 0.033535353535353536 0.12758996728462377
0 0.07575757575757576 0.6548527808069793 0.03272727272727273 0.10359869138495092
0 0.046464646464646465 0.6717557251908397 0.03878787878787879 0.1134133042529989
0 0.01696969696969697 0.677753544165758 0.03313131313131313 0.1079607415485278
0 0.2406060606060606 0.38004362050163576 0.037575757575757575 0.09487459105779716
0 0.21555555555555556 0.3914940021810251 0.009292929292929294 0.030534351145038167
0 0.28383838383838383 0.3658669574700109 0.017373737373737375 0.027262813522355506
0 0.1901010101010101 0.4094874591057797 0.04323232323232323 0.11450381679389313
0 0.1604040404040404 0.4198473282442748 0.012121212121212121 0.017448200654307525
0 0.12707070707070708 0.42748091603053434 0.03595959595959596 0.11559432933478735
0 0.09434343434343434 0.4372955288985823 0.027878787878787878 0.12649945474372956
0 0.06606060606060606 0.4558342420937841 0.03595959595959596 0.10905125408942203
0 0.03313131313131313 0.46673936750272627 0.03151515151515152 0.10468920392584515
0 0.009696969696969697 0.4940021810250818 0.018585858585858588 0.10905125408942203
