0 0.9243311036789298 0.10328879753340185 0.030936454849498328 0.08119218910585817
0 0.8904682274247492 0.1197327852004111 0.030100334448160536 0.05858170606372045
0 0.8639214046822743 0.13566289825282632 0.01797658862876254 0.03699897225077081
0 0.8296404682274248 0.15056526207605345 0.031354515050167224 0.07297019527235354
0 0.7991220735785953 0.16084275436793422 0.023829431438127092 0.07913669064748201
0 0.7673494983277592 0.17420349434737925 0.036371237458193977 0.08735868448098665
0 0.7343227424749164 0.19424460431654678 0.030518394648829432 0.07399794450154162
0 0.7042224080267558 0.20760534429599178 0.03302675585284281 0.10071942446043165
0 0.9134615384615384 0.29856115107913667 0.028428093645484948 0.08324768756423433
0 0.8804347826086957 0.31654676258992803 0.028428093645484948 0.0698869475847893
0 0.8511705685618729 0.3278520041109969 0.030100334448160536 0.08633093525179857
0 0.822742474916388 0.34018499486125386 0.030100334448160536 0.07810894141829394
0 0.7909698996655519 0.36228160328879755 0.030100334448160536 0.08530318602261049
0 0.7552257525083612 0.37872559095580677 0.036371237458193977 0.08941418293936279
0 0.7255434782608695 0.38900308324768756 0.01797658862876254 0.040082219938335044
0 0.6914715719063546 0.40493319630010277 0.029264214046822744 0.06372045220966084
0 0.6611622073578596 0.42034943473792397 0.02717391304347826 0.0698869475847893
0 0.6344063545150501 0.42857142857142855 0.02968227424749164 0.05549845837615622
0 0.6034698996655519 0.44809866392600206 0.03469899665551839 0.09455292908530319
0 0.5729515050167224 0.460431654676259 0.02717391304347826 0.09249743062692703
0 0.6707775919732442 0.22816032887975335 0.036371237458193977 0.09044193216855087
0 0.6373327759197325 0.24254881808838644 0.03469899665551839 0.09249743062692703
0 0.6093227424749164 0.25025693730729703 0.024665551839464884 0.06885919835560124
0 0.5790133779264214 0.26618705035971224 0.030100334448160536 0.07810894141829394
0 0.5478678929765887 0.28725590955806785 0.030518394648829432 0.0750256937307297
0 0.5133779264214047 0.3016443987667009 0.02508361204013378 0.08119218910585817
0 0.48285953177257523 0.30986639260020554 0.03260869565217391 0.06474820143884892
0 0.5386705685618729 0.47173689619732784 0.02717391304347826 0.07605344295991778
0 0.5066889632107023 0.4938335046248715 0.03595317725752508 0.08941418293936279
0 0.4765886287625418 0.5056526207605344 0.027591973244147156 0.0698869475847893
0 0.9303929765886287 0.4845837615621788 0.02968227424749164 0.07297019527235354
0 0.9000836120401338 0.4948612538540596 0.027591973244147156 0.07091469681397738
0 0.8695652173913043 0.5107913669064749 0.028428093645484948 0.07810894141829394
0 0.8371655518394648 0.5241521068859198 0.02968227424749164 0.0986639260020555
0 0.808319397993311 0.5364850976361768 0.03302675585284281 0.09455292908530319
0 0.7761287625418061 0.5529290853031861 0.032190635451505016 0.10071942446043165
0 0.7428929765886287 0.5693730729701952 0.03260869565217391 0.07399794450154162
0 0.7130016722408027 0.5837615621788284 0.032190635451505016 0.08016443987667009
0 0.6793478260869565 0.6007194244604317 0.030100334448160536 0.07297019527235354
0 0.6513377926421404 0.6099691675231244 0.029264214046822744 0.10174717368961973
0 0.6193561872909699 0.6274409044193217 0.036371237458193977 0.10174717368961973
0 0.5859113712374582 0.6408016443987667 0.03302675585284281 0.07297019527235354
0 0.5549749163879598 0.6562178828365879 0.028846153846153848 0.0750256937307297
0 0.5250836120401338 0.6757451181911613 0.030936454849498328 0.08530318602261049
0 0.493938127090301 0.6906474820143885 0.0338628762541806 0.09455292908530319
0 0.463628762541806 0.7040082219938335 0.030100334448160536 0.09249743062692703
0 0.42788461538461536 0.7214799588900308 0.0338628762541806 0.09660842754367935
0 0.3984113712374582 0.7312435765673175 0.025919732441471572 0.06474820143884892
0 0.36622073578595316 0.7435765673175745 0.029264214046822744 0.08530318602261049
0 0.33737458193979936 0.7553956834532374 0.030100334448160536 0.09660842754367935
0 0.30581103678929766 0.7702980472764646 0.02968227424749164 0.07913669064748201
0 0.44544314381270905 0.5154162384378211 0.03804347826086957 0.09558067831449127
0 0.4140886287625418 0.5323741007194245 0.028010033444816052 0.07810894141829394
0 0.38252508361204013 0.5493319630010277 0.030936454849498328 0.07913669064748201
0 0.35012541806020064 0.5590955806783144 0.02968227424749164 0.08221993833504625
0 0.3225334448160535 0.5688591983556013 0.028846153846153848 0.08530318602261049
0 0.2911789297658863 0.5868448098663926 0.028010033444816052 0.07399794450154162
0 0.4508779264214047 0.3273381294964029 0.028010033444816052 0.07091469681397738
0 0.4182692307692308 0.3432682425488181 0.03302675585284281 0.0842754367934224
0 0.3862876254180602 0.35611510791366907 0.028428093645484948 0.07297019527235354
0 0.35597826086956524 0.37307297019527236 0.031354515050167224 0.08221993833504625
0 0.32295150501672243 0.3926002055498458 0.03469899665551839 0.07810894141829394
0 0.2972408026755853 0.394655704008222 0.025919732441471572 0.07399794450154162
0 0.2646321070234114 0.41161356628982526 0.021739130434782608 0.06680369989722508
0 0.23745819397993312 0.4244604316546763 0.030936454849498328 0.08016443987667009
0 0.20087792642140467 0.44347379239465573 0.025501672240802676 0.06269270298047276
0 0.17182274247491638 0.45940390544707094 0.03595317725752508 0.08016443987667009
0 0.1367056856187291 0.47070914696813976 0.034280936454849496 0.08633093525179857
0 0.10597826086956522 0.4907502569373073 0.03302675585284281 0.08324768756423433
0 0.07713210702341138 0.5015416238437821 0.030518394648829432 0.08633093525179857
0 0.04828595317725753 0.5118191161356629 0.028010033444816052 0.06783144912641316
0 0.256061872909699 0.6089414182939363 0.036371237458193977 0.09763617677286741
0 0.2226170568561873 0.6187050359712231 0.036371237458193977 0.08633093525179857
0 0.19063545150501673 0.6264131551901336 0.033444816053511704 0.08735868448098665
0 0.1588628762541806 0.6485097636176773 0.028428093645484948 0.08016443987667009
0 0.12938963210702342 0.65775950668037 0.03302675585284281 0.09249743062692703
0 0.09824414715719064 0.6783144912641316 0.03177257525083612 0.08016443987667009
0 0.06500836120401338 0.6865364850976362 0.028846153846153848 0.08016443987667009
0 0.27320234113712377 0.7821171634121274 0.03302675585284281 0.08633093525179857
0 0.2395484949832776 0.8016443987667009 0.028428093645484948 0.09455292908530319
0 0.21237458193979933 0.8119218910585817 0.030936454849498328 0.07810894141829394
0 0.18269230769230768 0.8227132579650566 0.026755852842809364 0.06680369989722508
0 0.1479933110367893 0.8437821171634121 0.03678929765886288 0.10277492291880781
0 0.11559364548494984 0.8571428571428571 0.032190635451505016 0.08838643371017471
0 0.08444816053511706 0.8699897225077081 0.030936454849498328 0.07708119218910586
