0 0.8934216146945749 0.17436305732484075 0.01751388295600171 0.07484076433121019
0 0.863947031183255 0.18710191082802546 0.01751388295600171 0.0589171974522293
0 0.797736010252029 0.20302547770700638 0.021785561725758223 0.08121019108280254
0 0.7270397266125588 0.2070063694267516 0.016232379325074753 0.05732484076433121
0 0.6932934643314823 0.2197452229299363 0.016232379325074753 0.06369426751592357
0 0.6661683041435285 0.2157643312101911 0.01751388295600171 0.07484076433121019
0 0.6403246475865015 0.21894904458598727 0.018795386586928663 0.07484076433121019
0 0.5969671080734729 0.22372611464968153 0.02691157624946604 0.06847133757961783
0 0.5619393421614695 0.23487261146496816 0.015805211448099103 0.06210191082802548
0 0.5311832550192226 0.2484076433121019 0.016659547202050404 0.05732484076433121
0 0.49359248184536525 0.24363057324840764 0.019222554463904314 0.06369426751592357
0 0.4585647159333618 0.24681528662420382 0.016659547202050404 0.05732484076433121
0 0.4235369500213584 0.2484076433121019 0.019222554463904314 0.05732484076433121
0 0.39662537377189233 0.26671974522292996 0.014096539940196497 0.06528662420382166
0 0.3620247757368646 0.25636942675159236 0.021785561725758223 0.050955414012738856
0 0.3289192652712516 0.2659235668789809 0.021358393848782572 0.09235668789808917
0 0.9389149935924819 0.45621019108280253 0.01794105083297736 0.07484076433121019
0 0.9124305852199914 0.46496815286624205 0.01794105083297736 0.05732484076433121
0 0.8769756514310124 0.4753184713375796 0.018795386586928663 0.07484076433121019
0 0.8457923964117898 0.48168789808917195 0.01708671507902606 0.06528662420382166
0 0.7392140111063648 0.49920382165605093 0.015805211448099103 0.05573248407643312
0 0.7054677488252883 0.4896496815286624 0.019222554463904314 0.06210191082802548
0 0.6809055958991884 0.5023885350318471 0.021358393848782572 0.09076433121019108
0 0.6401110636480136 0.49522292993630573 0.024348568987612132 0.10191082802547771
0 0.6067919692439129 0.5023885350318471 0.01751388295600171 0.07802547770700637
0 0.5687740281930799 0.5095541401273885 0.0149508756941478 0.06687898089171974
0 0.53438701409654 0.5199044585987261 0.013669372063220846 0.06528662420382166
0 0.5023494233233661 0.5254777070063694 0.013669372063220846 0.05732484076433121
0 0.4703118325501922 0.5326433121019108 0.01196070055531824 0.04617834394904458
0 0.43400256300726187 0.5334394904458599 0.016232379325074753 0.07643312101910828
0 0.40986757795813755 0.5334394904458599 0.02007689021785562 0.054140127388535034
0 0.37078171721486547 0.5437898089171974 0.018795386586928663 0.05573248407643312
0 0.3372490388722768 0.5429936305732485 0.016659547202050404 0.07006369426751592
0 0.9498077744553609 0.7515923566878981 0.02093122597180692 0.0732484076433121
0 0.9171294318667236 0.7531847133757962 0.01708671507902606 0.07961783439490445
0 0.8857325929090133 0.7619426751592356 0.02093122597180692 0.07165605095541401
0 0.8498504912430586 0.7603503184713376 0.021785561725758223 0.0589171974522293
0 0.8182400683468604 0.7659235668789809 0.01751388295600171 0.07006369426751592
0 0.7887654848355403 0.7754777070063694 0.015805211448099103 0.05732484076433121
0 0.7492524562152926 0.7818471337579618 0.019649722340879965 0.06687898089171974
0 0.7182827851345579 0.7730891719745223 0.022639897479709525 0.08121019108280254
0 0.6858180264844084 0.7921974522292994 0.016659547202050404 0.07484076433121019
0 0.6510038445108928 0.7874203821656051 0.022212729602733874 0.0875796178343949
0 0.5877829987184964 0.7993630573248408 0.019649722340879965 0.06687898089171974
0 0.5486971379752242 0.8113057324840764 0.01836821870995301 0.06528662420382166
0 0.5115335326783426 0.8136942675159236 0.0149508756941478 0.054140127388535034
0 0.48035027765912003 0.8128980891719745 0.021785561725758223 0.07802547770700637
0 0.44318667236223835 0.8176751592356688 0.021785561725758223 0.07165605095541401
0 0.41478000854335756 0.8240445859872612 0.013669372063220846 0.052547770700636945
0 0.378684322938915 0.8176751592356688 0.021785561725758223 0.06847133757961783
0 0.3479282357966681 0.8240445859872612 0.016659547202050404 0.07165605095541401
0 0.3156770610850064 0.8407643312101911 0.015378043571123452 0.06050955414012739
0 0.29602733874412646 0.2754777070063694 0.025630072618539085 0.07961783439490445
0 0.26292182827851346 0.2746815286624204 0.021785561725758223 0.05573248407643312
0 0.23024348568987613 0.2754777070063694 0.019649722340879965 0.08598726114649681
0 0.1984194788551901 0.2874203821656051 0.02093122597180692 0.07165605095541401
0 0.15741136266552755 0.28503184713375795 0.013242204186245195 0.06050955414012739
0 0.12516018795386588 0.2921974522292994 0.018795386586928663 0.06847133757961783
0 0.09376334899615549 0.3017515923566879 0.02349423323366083 0.10031847133757962
0 0.06044425459205468 0.29936305732484075 0.02007689021785562 0.07961783439490445
0 0.02926099957283212 0.3105095541401274 0.019222554463904314 0.08917197452229299
0 0.30328919265271254 0.5429936305732485 0.016232379325074753 0.0732484076433121
0 0.270824434002563 0.5477707006369427 0.01794105083297736 0.05732484076433121
0 0.24049551473729175 0.5557324840764332 0.024775736864587783 0.06687898089171974
0 0.20803075608714225 0.5676751592356688 0.009397693293464331 0.03662420382165605
0 0.1712943186672362 0.571656050955414 0.018795386586928663 0.04777070063694268
0 0.14032464758650148 0.570859872611465 0.0149508756941478 0.06847133757961783
0 0.10807347287483982 0.5732484076433121 0.016232379325074753 0.06687898089171974
0 0.07283212302434856 0.5748407643312102 0.016659547202050404 0.07643312101910828
0 0.04463904314395557 0.5812101910828026 0.02007689021785562 0.06050955414012739
0 0.011319948739854762 0.5923566878980892 0.012387868432293891 0.08280254777070063
0 0.2778727039726613 0.8407643312101911 0.012387868432293891 0.07643312101910828
0 0.24647586501495086 0.8471337579617835 0.015378043571123452 0.06050955414012739
0 0.21465185818026483 0.8487261146496815 0.02093122597180692 0.06687898089171974
0 0.18389577103801794 0.8519108280254777 0.014096539940196497 0.06050955414012739
0 0.15014950875694147 0.8511146496815286 0.012387868432293891 0.05573248407643312
0 0.11512174284493806 0.857484076433121 0.019222554463904314 0.06210191082802548
0 0.08030756087142248 0.8702229299363057 0.018795386586928663 0.07802547770700637
0 0.05040580948312687 0.8598726114649682 0.01794105083297736 0.050955414012738856
0 0.02007689021785562 0.8734076433121019 0.015378043571123452 0.06847133757961783
