0 0.9685452162516383 0.8256936067551267 0.00851900393184797 0.03739445114595899
0 0.9452817824377457 0.8160434258142341 0.009829619921363041 0.03498190591073583
0 0.9234927916120577 0.8118214716525934 0.010812581913499346 0.038600723763570564
0 0.8943315858453473 0.8063932448733414 0.0081913499344692 0.032569360675512665
0 0.8727064220183486 0.7967430639324488 0.007536041939711665 0.032569360675512665
0 0.846002621231979 0.7889022919179735 0.007208387942332897 0.03618817852834741
0 0.8245412844036697 0.773220747889023 0.012778505897771953 0.04825090470446321
0 0.7988204456094364 0.7714113389626055 0.007863695937090432 0.04463208685162847
0 0.7757208387942333 0.7593486127864898 0.011467889908256881 0.039806996381182146
0 0.7534403669724771 0.7521109770808203 0.007536041939711665 0.027744270205066344
0 0.983781127129751 0.6296743063932448 0.0081913499344692 0.033775633293124246
0 0.938564875491481 0.612183353437877 0.007536041939711665 0.032569360675512665
0 0.9207077326343381 0.6103739445114595 0.007863695937090432 0.03618817852834741
0 0.8935124508519003 0.6025331724969843 0.007863695937090432 0.032569360675512665
0 0.8709043250327654 0.5741857659831122 0.007863695937090432 0.04101326899879373
0 0.8504259501965924 0.5753920386007237 0.012123197903014417 0.038600723763570564
0 0.8197903014416776 0.5705669481302774 0.00851900393184797 0.03618817852834741
0 0.8004587155963303 0.5675512665862484 0.011795543905635648 0.03498190591073583
0 0.776048492791612 0.5615199034981906 0.012778505897771953 0.04945717732207479
0 0.7485255570117956 0.5470446320868516 0.011467889908256881 0.03739445114595899
0 0.991480996068152 0.42400482509047044 0.007208387942332897 0.03739445114595899
0 0.966251638269987 0.41254523522316044 0.007863695937090432 0.033775633293124246
0 0.9487221494102228 0.41073582629674305 0.007536041939711665 0.039806996381182146
0 0.9187418086500655 0.4028950542822678 0.007208387942332897 0.028950542822677925
0 0.8961336828309305 0.38781664656212306 0.007863695937090432 0.04463208685162847
0 0.8738532110091743 0.37575392038600725 0.010484927916120577 0.03739445114595899
0 0.8492791612057667 0.37454764776839566 0.00655307994757536 0.039806996381182146
0 0.8242136304062909 0.36308805790108567 0.009501965923984272 0.033775633293124246
0 0.8011140235910879 0.35705669481302776 0.007863695937090432 0.04825090470446321
0 0.773427260812582 0.3474065138721351 0.008846657929226736 0.045838359469240045
0 0.7531127129750983 0.32870928829915563 0.009501965923984272 0.047044632086851626
0 0.7277195281782438 0.3226779252110977 0.010484927916120577 0.039806996381182146
0 0.7051114023591087 0.316043425814234 0.00851900393184797 0.04101326899879373
0 0.7269003931847968 0.5367913148371531 0.008846657929226736 0.03618817852834741
0 0.7282110091743119 0.7430639324487334 0.011467889908256881 0.038600723763570564
0 0.7029816513761468 0.7334137515078407 0.0081913499344692 0.033775633293124246
0 0.6502293577981652 0.7159227985524729 0.010157273918741808 0.039806996381182146
0 0.6308977719528178 0.706875753920386 0.0081913499344692 0.04342581423401689
0 0.6086173001310616 0.6960193003618818 0.010812581913499346 0.04101326899879373
0 0.584043250327654 0.6911942098914354 0.0081913499344692 0.033775633293124246
0 0.7016710353866317 0.5295536791314838 0.010157273918741808 0.03618817852834741
0 0.6759501965923984 0.5199034981905911 0.012450851900393184 0.033775633293124246
0 0.6515399737876802 0.5078407720144753 0.008846657929226736 0.038600723763570564
0 0.6304062909567497 0.5 0.011795543905635648 0.04221954161640531
0 0.6069790301441678 0.4951749095295537 0.013433813892529489 0.047044632086851626
0 0.5827326343381389 0.48492159227985526 0.012778505897771953 0.04101326899879373
0 0.6543250327653998 0.30036188178528345 0.009829619921363041 0.038600723763570564
0 0.6363040629095675 0.293124246079614 0.011795543905635648 0.045838359469240045
0 0.6102555701179554 0.28347406513872137 0.009501965923984272 0.038600723763570564
0 0.5858453473132372 0.27683956574185764 0.00851900393184797 0.047044632086851626
0 0.5666775884665793 0.2677925211097708 0.012123197903014417 0.03618817852834741
0 0.5370249017038008 0.258745476477684 0.007863695937090432 0.032569360675512665
0 0.5135976408912188 0.2448733413751508 0.007536041939711665 0.038600723763570564
0 0.5594692005242464 0.47285886610373945 0.010812581913499346 0.05066344993968637
0 0.533256880733945 0.47225572979493363 0.008846657929226736 0.04945717732207479
0 0.5036041939711664 0.4517490952955368 0.009829619921363041 0.03498190591073583
0 0.4824705111402359 0.45235223160434257 0.008846657929226736 0.03618817852834741
0 0.5640563564875491 0.6827503015681544 0.009501965923984272 0.03618817852834741
0 0.5326015727391874 0.6755126658624849 0.008846657929226736 0.04342581423401689
0 0.508519003931848 0.6652593486127865 0.009174311926605505 0.039806996381182146
0 0.48689384010484926 0.6622436670687576 0.007208387942332897 0.033775633293124246
0 0.4583879423328965 0.6477683956574186 0.007208387942332897 0.03618817852834741
0 0.43152031454783746 0.6399276236429433 0.00655307994757536 0.03739445114595899
0 0.4118610747051114 0.6272617611580217 0.00851900393184797 0.038600723763570564
0 0.38876146788990823 0.6188178528347407 0.010812581913499346 0.04101326899879373
0 0.36533420707732633 0.609167671893848 0.009174311926605505 0.028950542822677925
0 0.3445281782437746 0.6103739445114595 0.006880733944954129 0.038600723763570564
0 0.45871559633027525 0.4384800965018094 0.011795543905635648 0.04221954161640531
0 0.43397771952817826 0.43727382388419783 0.0081913499344692 0.04221954161640531
0 0.41022280471821754 0.4191797346200241 0.011140235910878113 0.04221954161640531
0 0.3861402359108781 0.41556091676718937 0.010812581913499346 0.05186972255729795
0 0.3640235910878113 0.40651387213510254 0.00851900393184797 0.04101326899879373
0 0.4857470511140236 0.24004825090470447 0.008846657929226736 0.04101326899879373
0 0.456913499344692 0.22858866103739445 0.0081913499344692 0.032569360675512665
0 0.4369266055045872 0.2189384800965018 0.007536041939711665 0.027744270205066344
0 0.41317169069462645 0.2080820265379976 0.011140235910878113 0.047044632086851626
0 0.3885976408912189 0.19903498190591074 0.009829619921363041 0.038600723763570564
0 0.3668086500655308 0.1948130277442702 0.008846657929226736 0.04221954161640531
0 0.3430537352555701 0.18516284680337755 0.009174311926605505 0.04463208685162847
0 0.31815203145478377 0.18033775633293125 0.010484927916120577 0.04221954161640531
0 0.2929226736566186 0.16827503015681544 0.009829619921363041 0.03739445114595899
0 0.26769331585845346 0.16103739445114595 0.010484927916120577 0.03498190591073583
0 0.3389580602883355 0.3968636911942099 0.010157273918741808 0.04101326899879373
0 0.3161861074705111 0.3914354644149578 0.009829619921363041 0.039806996381182146
0 0.29128440366972475 0.38057901085645357 0.009174311926605505 0.039806996381182146
0 0.264089121887287 0.37454764776839566 0.00851900393184797 0.030156815440289506
0 0.24410222804718218 0.36670687575392036 0.007863695937090432 0.026537997587454766
0 0.31815203145478377 0.5971049457177322 0.00851900393184797 0.033775633293124246
0 0.2950524246395806 0.5892641737032569 0.0081913499344692 0.03739445114595899
0 0.2686762778505898 0.5790108564535585 0.009174311926605505 0.033775633293124246
0 0.2439384010484928 0.5711700844390832 0.0081913499344692 0.025331724969843185
0 0.22067496723460026 0.5639324487334137 0.007536041939711665 0.027744270205066344
0 0.19315203145478374 0.5536791314837153 0.010157273918741808 0.028950542822677925
0 0.21772608125819135 0.36127864897466827 0.006225425950196592 0.030156815440289506
0 0.19200524246395806 0.35042219541616404 0.011140235910878113 0.047044632086851626
0 0.16841415465268678 0.3401688781664656 0.01310615989515072 0.04342581423401689
0 0.14236566186107472 0.32750301568154405 0.012123197903014417 0.039806996381182146
0 0.16726736566186107 0.5494571773220748 0.012123197903014417 0.047044632086851626
0 0.14285714285714285 0.5386007237635706 0.011795543905635648 0.039806996381182146
0 0.2429554390563565 0.15500603136308805 0.010812581913499346 0.03739445114595899
0 0.22100262123197903 0.1477683956574186 0.010812581913499346 0.04221954161640531
0 0.16857798165137614 0.12303980699638119 0.010157273918741808 0.045838359469240045
0 0.14777195281782438 0.11942098914354644 0.009829619921363041 0.045838359469240045
0 0.09436435124508519 0.5241254523522316 0.009829619921363041 0.03498190591073583
0 0.07093709043250328 0.5150784077201448 0.0081913499344692 0.03618817852834741
0 0.0491480996068152 0.5072376357056695 0.009829619921363041 0.03498190591073583
0 0.09469200524246396 0.3148371531966224 0.011795543905635648 0.04101326899879373
0 0.06929882044560944 0.3039806996381182 0.012123197903014417 0.04101326899879373
0 0.04636304062909567 0.293124246079614 0.010812581913499346 0.045838359469240045
0 0.05111402359108781 0.08745476477683957 0.015727391874180863 0.04221954161640531
0 0.07339449541284404 0.09288299155609167 0.010484927916120577 0.03618817852834741
0 0.0973132372214941 0.10072376357056695 0.011140235910878113 0.039806996381182146
0 0.1218872870249017 0.31242460796139926 0.011140235910878113 0.4487334137515078
