0 0.9309090909090909 0.891657010428737 0.017575757575757574 0.056778679026651215
0 0.9107575757575758 0.8904982618771726 0.010606060606060607 0.03360370799536501
0 0.938939393939394 0.6888760139049827 0.014848484848484849 0.07068366164542295
0 0.95 0.4803012746234067 0.013333333333333334 0.056778679026651215
0 0.9216666666666666 0.47450753186558514 0.008787878787878787 0.038238702201622246
0 0.8992424242424243 0.46060254924681343 0.014848484848484849 0.0660486674391657
0 0.8759090909090909 0.4542294322132097 0.01606060606060606 0.06025492468134415
0 0.8554545454545455 0.4443800695249131 0.018787878787878787 0.05214368482039398
0 0.8301515151515152 0.43453070683661643 0.015454545454545455 0.06488991888760139
0 0.8090909090909091 0.4281575898030128 0.011515151515151515 0.047508690614136734
0 0.7813636363636364 0.41367323290845887 0.01787878787878788 0.06952491309385864
0 0.7662121212121212 0.4119351100811124 0.013030303030303031 0.07531865585168018
0 0.9124242424242425 0.6813441483198146 0.01575757575757576 0.06952491309385864
0 0.8927272727272727 0.6709154113557358 0.016363636363636365 0.08111239860950174
0 0.8662121212121212 0.6645422943221321 0.014242424242424242 0.05909617612977984
0 0.8504545454545455 0.6564310544611819 0.016666666666666666 0.054461181923522596
0 0.8201515151515152 0.6442641946697567 0.013636363636363636 0.06720741599073002
0 0.7943939393939394 0.6326767091541136 0.010606060606060607 0.0440324449594438
0 0.8625757575757576 0.8690614136732329 0.01787878787878788 0.06488991888760139
0 0.8428787878787879 0.8568945538818077 0.01787878787878788 0.05909617612977984
0 0.8163636363636364 0.8458864426419467 0.012727272727272728 0.05330243337195829
0 0.7924242424242425 0.8424101969872537 0.00787878787878788 0.04171494785631518
0 0.7637878787878788 0.8203939745075318 0.010606060606060607 0.06257242178447277
0 0.7492424242424243 0.8180764774044033 0.015454545454545455 0.06720741599073002
0 0.7236363636363636 0.8180764774044033 0.02 0.06952491309385864
0 0.7521212121212121 0.6176129779837776 0.014545454545454545 0.06720741599073002
0 0.698030303030303 0.7983777520278099 0.013030303030303031 0.055619930475086905
0 0.6775757575757576 0.7896871378910776 0.017575757575757574 0.054461181923522596
0 0.6546969696969697 0.7844727694090382 0.021515151515151515 0.07647740440324449
0 0.6263636363636363 0.7705677867902665 0.017575757575757574 0.06720741599073002
0 0.7233333333333334 0.608342989571263 0.02 0.07647740440324449
0 0.7018181818181818 0.5973348783314021 0.015151515151515152 0.04519119351100811
0 0.6530303030303031 0.5741599073001159 0.019393939393939394 0.07300115874855156
0 0.6324242424242424 0.5724217844727694 0.017575757575757574 0.08342989571263036
0 0.7328787878787879 0.39976825028968715 0.02393939393939394 0.08111239860950174
0 0.686969696969697 0.37949015063731173 0.01696969696969697 0.054461181923522596
0 0.6615151515151515 0.3626882966396292 0.016363636363636365 0.06257242178447277
0 0.6431818181818182 0.35573580533024335 0.01787878787878788 0.06720741599073002
0 0.6168181818181818 0.34530706836616454 0.015454545454545455 0.06025492468134415
0 0.5942424242424242 0.3308227114716107 0.006666666666666667 0.026651216685979143
0 0.5696969696969697 0.32213209733487835 0.016363636363636365 0.07415990730011587
0 0.5487878787878788 0.3169177288528389 0.015151515151515152 0.07068366164542295
0 0.5583333333333333 0.5307068366164542 0.011818181818181818 0.05098493626882966
0 0.5527272727272727 0.7375434530706837 0.011515151515151515 0.04982618771726535
0 0.5328787878787878 0.727694090382387 0.010606060606060607 0.055619930475086905
0 0.5093939393939394 0.7137891077636153 0.013939393939393939 0.04866743916570104
0 0.48787878787878786 0.7108922363847046 0.013333333333333334 0.06141367323290846
0 0.46045454545454545 0.7056778679026651 0.0069696969696969695 0.02549246813441483
0 0.4412121212121212 0.6946697566628042 0.014545454545454545 0.07300115874855156
0 0.5337878787878788 0.522595596755504 0.013636363636363636 0.07415990730011587
0 0.5136363636363637 0.5162224797219004 0.012727272727272728 0.056778679026651215
0 0.4921212121212121 0.5040556199304751 0.014545454545454545 0.08574739281575898
0 0.5193939393939394 0.3070683661645423 0.017575757575757574 0.06257242178447277
0 0.4737878787878788 0.2862108922363847 0.020303030303030302 0.06257242178447277
0 0.46424242424242423 0.49942062572421786 0.016363636363636365 0.06488991888760139
0 0.4415151515151515 0.48667439165701043 0.017575757575757574 0.06025492468134415
0 0.4177272727272727 0.4762456546929316 0.019090909090909092 0.07647740440324449
0 0.39651515151515154 0.47740440324449596 0.018484848484848486 0.06025492468134415
0 0.3928787878787879 0.6703360370799536 0.025757575757575757 0.09154113557358054
0 0.3643939393939394 0.6674391657010429 0.019090909090909092 0.06720741599073002
0 0.36848484848484847 0.45654692931633833 0.018787878787878787 0.06257242178447277
0 0.37712121212121213 0.24275782155272305 0.012424242424242424 0.07995365005793743
0 0.3306060606060606 0.22595596755504055 0.01575757575757576 0.06720741599073002
0 0.30954545454545457 0.22363847045191193 0.01 0.06257242178447277
0 0.3421212121212121 0.447856315179606 0.012727272727272728 0.047508690614136734
0 0.32106060606060605 0.43279258400927 0.019090909090909092 0.07531865585168018
0 0.2963636363636364 0.4264194669756663 0.012121212121212121 0.04866743916570104
0 0.2918181818181818 0.6332560834298957 0.010303030303030303 0.047508690614136734
0 0.2459090909090909 0.6060254924681344 0.016666666666666666 0.05098493626882966
0 0.19787878787878788 0.5984936268829664 0.01696969696969697 0.04287369640787949
0 0.1731818181818182 0.589803012746234 0.018484848484848486 0.05098493626882966
0 0.14696969696969697 0.5851680185399768 0.01575757575757576 0.05098493626882966
0 0.22378787878787879 0.39745075318655854 0.011212121212121211 0.05793742757821553
0 0.19727272727272727 0.3939745075318656 0.00909090909090909 0.05098493626882966
0 0.17636363636363636 0.3928157589803013 0.02 0.07415990730011587
0 0.23257575757575757 0.19582850521436848 0.012424242424242424 0.05098493626882966
0 0.20757575757575758 0.18308227114716108 0.015151515151515152 0.07184241019698726
0 0.18515151515151515 0.1761297798377752 0.018787878787878787 0.06488991888760139
0 0.16348484848484848 0.16396292004634994 0.021515151515151515 0.07531865585168018
0 0.13348484848484848 0.1564310544611819 0.020303030303030302 0.09269988412514485
0 0.14909090909090908 0.3702201622247972 0.012727272727272728 0.06373117033603708
0 0.12590909090909091 0.36732329084588644 0.011818181818181818 0.055619930475086905
0 0.09787878787878788 0.3551564310544612 0.013333333333333334 0.05214368482039398
0 0.07848484848484849 0.3429895712630359 0.01575757575757576 0.046349942062572425
0 0.11181818181818182 0.1436848203939745 0.01818181818181818 0.05098493626882966
0 0.09015151515151515 0.1361529548088065 0.008181818181818182 0.04055619930475087
0 0.06727272727272728 0.12804171494785632 0.013333333333333334 0.05214368482039398
0 0.05545454545454546 0.3389339513325608 0.014545454545454545 0.056778679026651215
0 0.050606060606060606 0.5405561993047509 0.014545454545454545 0.047508690614136734
