0 0.8977935054121565 0.1875 0.03788509575353872 0.12209302325581395
0 0.8642797668609492 0.18895348837209303 0.03746877601998335 0.13372093023255813
0 0.794338051623647 0.2129360465116279 0.05328892589508743 0.16424418604651161
0 0.7637385512073273 0.20784883720930233 0.010407993338884263 0.023255813953488372
0 0.7293921731890092 0.2194767441860465 0.044962531223980015 0.13662790697674418
0 0.6946294754371357 0.22965116279069767 0.03122398001665279 0.125
0 0.6665278934221482 0.2376453488372093 0.034970857618651124 0.13517441860465115
0 0.6386344712739384 0.23982558139534885 0.038301415487094086 0.15406976744186046
0 0.5978351373855121 0.24200581395348839 0.04079933388842631 0.17296511627906977
0 0.9454621149042465 0.44040697674418605 0.041631973355537054 0.10755813953488372
0 0.9165278934221482 0.44040697674418605 0.037052456286427976 0.11918604651162791
0 0.8817651956702748 0.43968023255813954 0.03746877601998335 0.12936046511627908
0 0.8478351373855121 0.4571220930232558 0.04704412989175687 0.12354651162790697
0 0.7425062447960034 0.4876453488372093 0.03788509575353872 0.12645348837209303
0 0.95503746877602 0.7085755813953488 0.034970857618651124 0.12354651162790697
0 0.9233971690258118 0.7281976744186046 0.041631973355537054 0.11337209302325581
0 0.8894671107410491 0.715843023255814 0.036219816819317234 0.14970930232558138
0 0.8538717735220649 0.7245639534883721 0.03913405495420483 0.1613372093023256
0 0.8251457119067444 0.7383720930232558 0.03746877601998335 0.11918604651162791
0 0.7901748542880933 0.7405523255813954 0.03330557868442964 0.12354651162790697
0 0.7533305578684429 0.7550872093023255 0.04288093255620316 0.1380813953488372
0 0.7227310574521232 0.7601744186046512 0.042464612822647796 0.15406976744186046
0 0.6867194004995837 0.7579941860465116 0.04204829308909242 0.12936046511627908
0 0.6534138218151541 0.7732558139534884 0.04954204829308909 0.16569767441860464
0 0.7106577851790175 0.5021802325581395 0.04412989175686927 0.14680232558139536
0 0.6802664446294754 0.5036337209302325 0.04329725228975854 0.1438953488372093
0 0.6432139883430474 0.5058139534883721 0.044962531223980015 0.16279069767441862
0 0.6101165695253955 0.5058139534883721 0.03871773522064946 0.125
0 0.570774354704413 0.5167151162790697 0.042464612822647796 0.12645348837209303
0 0.5335137385512073 0.5101744186046512 0.03788509575353872 0.10755813953488372
0 0.5047876769358868 0.5232558139534884 0.040383014154870944 0.10465116279069768
0 0.47273105745212324 0.5363372093023255 0.027893422148209824 0.0872093023255814
0 0.4406744379683597 0.5363372093023255 0.037052456286427976 0.11337209302325581
0 0.41278101582014987 0.5457848837209303 0.03538717735220649 0.14680232558139536
0 0.37218984179850123 0.5537790697674418 0.03413821815154038 0.1511627906976744
0 0.6213572023313905 0.7739825581395349 0.00791007493755204 0.036337209302325583
0 0.5876353039134055 0.7819767441860465 0.037052456286427976 0.13372093023255813
0 0.5520399666944213 0.7739825581395349 0.035803497085761866 0.11482558139534883
0 0.5166527893422148 0.7928779069767442 0.03663613655287261 0.13226744186046513
0 0.48105745212323064 0.811046511627907 0.03788509575353872 0.14825581395348839
0 0.447751873438801 0.8197674418604651 0.037052456286427976 0.1308139534883721
0 0.41694421315570357 0.8197674418604651 0.03288925895087427 0.1308139534883721
0 0.38384679433805163 0.8255813953488372 0.03663613655287261 0.15406976744186046
0 0.3519983347210658 0.8350290697674418 0.03871773522064946 0.11482558139534883
0 0.5626561199000832 0.24854651162790697 0.037052456286427976 0.11337209302325581
0 0.5299750208159867 0.25944767441860467 0.0324729392173189 0.11482558139534883
0 0.4945878434637802 0.2754360465116279 0.038301415487094086 0.13226744186046513
0 0.46003330557868444 0.27398255813953487 0.03663613655287261 0.1002906976744186
0 0.425270607826811 0.28415697674418605 0.037052456286427976 0.1438953488372093
0 0.3938384679433805 0.2936046511627907 0.03164029975020816 0.13372093023255813
0 0.36365528726061613 0.28997093023255816 0.037052456286427976 0.14098837209302326
0 0.33243130724396336 0.30523255813953487 0.037052456286427976 0.15406976744186046
0 0.2968359700249792 0.3081395348837209 0.03996669442131557 0.14825581395348839
0 0.2599916736053289 0.3183139534883721 0.033721898417985015 0.125
0 0.2333472106577852 0.3241279069767442 0.03788509575353872 0.11627906976744186
0 0.19983347210657784 0.32703488372093026 0.034970857618651124 0.13662790697674418
0 0.15986677768526228 0.32630813953488375 0.034970857618651124 0.10319767441860465
0 0.12801831806827643 0.33502906976744184 0.03288925895087427 0.1438953488372093
0 0.3390924229808493 0.5646802325581395 0.04204829308909242 0.15843023255813954
0 0.306203164029975 0.5755813953488372 0.036219816819317234 0.1511627906976744
0 0.27373022481265613 0.5690406976744186 0.03288925895087427 0.1438953488372093
0 0.24396336386344714 0.5828488372093024 0.03663613655287261 0.12790697674418605
0 0.21253122398001664 0.5879360465116279 0.036219816819317234 0.07412790697674419
0 0.17714404662781016 0.5981104651162791 0.03538717735220649 0.11482558139534883
0 0.1442547876769359 0.6061046511627907 0.03871773522064946 0.13953488372093023
0 0.3178601165695254 0.8284883720930233 0.037052456286427976 0.125
0 0.28455453788509577 0.8393895348837209 0.033721898417985015 0.12645348837209303
0 0.2541631973355537 0.8510174418604651 0.03288925895087427 0.09738372093023256
0 0.22085761865112408 0.846656976744186 0.040383014154870944 0.15261627906976744
0 0.1879683597002498 0.8539244186046512 0.036219816819317234 0.10319767441860465
0 0.15424646128226477 0.8582848837209303 0.01623646960865945 0.10610465116279069
0 0.09554537885095754 0.3539244186046512 0.029558701082431308 0.11482558139534883
0 0.063488759367194 0.35828488372093026 0.03788509575353872 0.14680232558139536
0 0.030183180682764363 0.36627906976744184 0.04121565362198168 0.12209302325581395
0 0.10824313072439634 0.6061046511627907 0.034970857618651124 0.10465116279069768
0 0.07722731057452123 0.6053779069767442 0.037052456286427976 0.1119186046511628
0 0.044338051623646964 0.6199127906976745 0.04121565362198168 0.13226744186046513
0 0.016860949208992507 0.6155523255813954 0.024562864279766863 0.12645348837209303
0 0.11990008326394672 0.876453488372093 0.034970857618651124 0.13662790697674418
0 0.08742714404662781 0.8859011627906976 0.03996669442131557 0.14098837209302326
0 0.054329725228975854 0.8800872093023255 0.03788509575353872 0.1438953488372093
0 0.026228143213988343 0.8917151162790697 0.026644462947543714 0.12354651162790697
0 0.7774771024146545 0.46656976744186046 0.008742714404662781 0.03488372093023256
