0 0.9583727530747398 0.8244406196213425 0.010722169662567014 0.06540447504302926
0 0.9269946389151688 0.8287435456110155 0.014191106906338695 0.07401032702237521
0 0.9030274361400189 0.8321858864027539 0.011037527593818985 0.08089500860585198
0 0.8777988016398612 0.8339070567986231 0.01671397035635446 0.08777969018932874
0 0.8509933774834437 0.8192771084337349 0.014191106906338695 0.07228915662650602
0 0.8339640491958372 0.8184165232358004 0.01229895931882687 0.07401032702237521
0 0.924156417533901 0.5327022375215146 0.011037527593818985 0.07401032702237521
0 0.9006622516556292 0.53184165232358 0.01576789656259855 0.08950086058519793
0 0.8771680857773573 0.5232358003442341 0.013560391043834753 0.08261617900172118
0 0.8520971302428256 0.5249569707401033 0.01639861242510249 0.08605851979345955
0 0.9642068748029013 0.2314974182444062 0.013560391043834753 0.08433734939759036
0 0.9318826868495743 0.23924268502581755 0.008830022075055188 0.058519793459552494
0 0.9046042257962787 0.22375215146299485 0.012929675181330811 0.06540447504302926
0 0.8836329233680227 0.2314974182444062 0.015137180700094607 0.10843373493975904
0 0.8609271523178808 0.22461273666092943 0.01576789656259855 0.09466437177280551
0 0.8356985178177231 0.2314974182444062 0.015137180700094607 0.08089500860585198
0 0.8104698833175654 0.21944922547332185 0.01576789656259855 0.08089500860585198
0 0.7858719646799117 0.21084337349397592 0.015137180700094607 0.07401032702237521
0 0.760327972248502 0.2082616179001721 0.011983601387574897 0.06196213425129088
0 0.8276568905707978 0.5215146299483648 0.01608325449385052 0.10327022375215146
0 0.804635761589404 0.5275387263339071 0.014821822768842637 0.08089500860585198
0 0.8057395143487859 0.8235800344234079 0.01261431725007884 0.07401032702237521
0 0.781772311573636 0.8158347676419966 0.01261431725007884 0.06540447504302926
0 0.7576474298328603 0.814974182444062 0.014191106906338695 0.08089500860585198
0 0.7779880163986124 0.5258175559380379 0.017029328287606435 0.10154905335628227
0 0.7579627877641123 0.5154905335628227 0.010406811731315043 0.06712564543889846
0 0.7346263008514664 0.5189328743545611 0.01229895931882687 0.07401032702237521
0 0.7379375591296121 0.2099827882960413 0.011352885525070956 0.06540447504302926
0 0.7338379060233365 0.8184165232358004 0.015137180700094607 0.07401032702237521
0 0.7101860611794386 0.806368330464716 0.011352885525070956 0.07401032702237521
0 0.6876379690949227 0.8046471600688468 0.014191106906338695 0.08777969018932874
0 0.6597287921791233 0.8029259896729777 0.01261431725007884 0.06712564543889846
0 0.6313465783664459 0.8029259896729777 0.01639861242510249 0.09122203098106713
0 0.6099022390413119 0.7960413080895009 0.011352885525070956 0.07056798623063683
0 0.5906654052349417 0.7943201376936316 0.013875748975086723 0.08089500860585198
0 0.706086408073163 0.5111876075731497 0.010722169662567014 0.06540447504302926
0 0.717281614632608 0.20654044750430292 0.010406811731315043 0.06540447504302926
0 0.6862188584042889 0.2082616179001721 0.015137180700094607 0.06884681583476764
0 0.6324503311258278 0.5103270223752151 0.012929675181330811 0.07401032702237521
0 0.6125827814569537 0.504302925989673 0.01229895931882687 0.07917383820998279
0 0.6138442131819615 0.193631669535284 0.012929675181330811 0.07401032702237521
0 0.5941343424787133 0.20395869191049915 0.014506464837590665 0.07056798623063683
0 0.5679596341847998 0.19879518072289157 0.011983601387574897 0.06712564543889846
0 0.5819930621255125 0.5008605851979346 0.011037527593818985 0.06196213425129088
0 0.5616524755597603 0.5 0.01261431725007884 0.07056798623063683
0 0.5357931251970987 0.49225473321858865 0.015137180700094607 0.08605851979345955
0 0.5361084831283507 0.7925989672977625 0.01576789656259855 0.08433734939759036
0 0.5110375275938189 0.7925989672977625 0.013560391043834753 0.09466437177280551
0 0.489593188268685 0.7839931153184165 0.013560391043834753 0.0774526678141136
0 0.467518133081047 0.7891566265060241 0.017344686218858405 0.07056798623063683
0 0.4446546830652791 0.7874354561101549 0.015137180700094607 0.07401032702237521
0 0.5132450331125827 0.4905335628227194 0.013560391043834753 0.08950086058519793
0 0.49274676758120467 0.5008605851979346 0.014821822768842637 0.08605851979345955
0 0.4692526017029328 0.49311531841652323 0.015137180700094607 0.07056798623063683
0 0.5381583096814885 0.18502581755593803 0.017344686218858405 0.09466437177280551
0 0.521286660359508 0.17986230636833048 0.011983601387574897 0.07056798623063683
0 0.49731945758435825 0.1927710843373494 0.008830022075055188 0.06884681583476764
0 0.4735099337748344 0.18416523235800344 0.014191106906338695 0.06884681583476764
0 0.44118574582150744 0.18330464716006883 0.014506464837590665 0.0774526678141136
0 0.41974140649637337 0.17986230636833048 0.011983601387574897 0.08777969018932874
0 0.44039735099337746 0.4827882960413081 0.01608325449385052 0.09122203098106713
0 0.41501103752759383 0.4879518072289157 0.011983601387574897 0.07056798623063683
0 0.3905707978555661 0.4784853700516351 0.014191106906338695 0.10671256454388985
0 0.3684957426679281 0.4819277108433735 0.014821822768842637 0.08261617900172118
0 0.34137496058025857 0.48623063683304646 0.01545253863134658 0.08089500860585198
0 0.41185745821507413 0.7641996557659209 0.01576789656259855 0.08605851979345955
0 0.3937243771680858 0.7831325301204819 0.01545253863134658 0.08261617900172118
0 0.37070324818669187 0.774526678141136 0.013560391043834753 0.09982788296041308
0 0.3440555029959003 0.774526678141136 0.01576789656259855 0.08261617900172118
0 0.39388205613371174 0.18072289156626506 0.01576789656259855 0.08605851979345955
0 0.3718070009460738 0.17986230636833048 0.010091453800063072 0.08433734939759036
0 0.3511510564490697 0.1712564543889845 0.013560391043834753 0.07056798623063683
0 0.3218227688426364 0.1703958691910499 0.014821822768842637 0.08950086058519793
0 0.2961210974456008 0.16006884681583478 0.015137180700094607 0.07917383820998279
0 0.2737306843267108 0.16781411359724613 0.011983601387574897 0.0774526678141136
0 0.3211920529801324 0.7736660929432013 0.013560391043834753 0.07401032702237521
0 0.29312519709870705 0.7676419965576592 0.014821822768842637 0.09294320137693632
0 0.272153894670451 0.7753872633390706 0.015137180700094607 0.0774526678141136
0 0.293598233995585 0.46815834767641995 0.01261431725007884 0.06884681583476764
0 0.2466099022390413 0.7641996557659209 0.015137180700094607 0.10327022375215146
0 0.22201198360138757 0.7624784853700516 0.01892147587511826 0.08950086058519793
0 0.20056764427625354 0.7624784853700516 0.01639861242510249 0.08950086058519793
0 0.1759697256385998 0.7590361445783133 0.008199306212551246 0.06196213425129088
0 0.15562913907284767 0.7504302925989673 0.014191106906338695 0.08261617900172118
0 0.13229265216020183 0.7521514629948365 0.011668243456322927 0.07917383820998279
0 0.09649952696310313 0.7383820998278829 0.010722169662567014 0.06196213425129088
0 0.24850204982655313 0.47418244406196214 0.007568590350047304 0.06712564543889846
0 0.22358877325764742 0.46815834767641995 0.01576789656259855 0.09294320137693632
0 0.1936297697887102 0.4509466437177281 0.011983601387574897 0.06884681583476764
0 0.17139703563544623 0.45524956970740105 0.012929675181330811 0.08777969018932874
0 0.14821822768842635 0.45524956970740105 0.011352885525070956 0.08777969018932874
0 0.1281929990539262 0.45524956970740105 0.013560391043834753 0.07056798623063683
0 0.25512456638284453 0.16781411359724613 0.011352885525070956 0.060240963855421686
0 0.23446862188584042 0.16179001721170397 0.014821822768842637 0.06540447504302926
0 0.2076631977294229 0.16092943201376936 0.01545253863134658 0.0981067125645439
0 0.1783349101229896 0.15060240963855423 0.011037527593818985 0.0774526678141136
0 0.15578681803847366 0.14974182444061962 0.011352885525070956 0.08950086058519793
0 0.13040050457269 0.15748709122203097 0.01545253863134658 0.08433734939759036
0 0.10028382213812677 0.4578313253012048 0.010722169662567014 0.08261617900172118
0 0.04872280037842952 0.43115318416523235 0.012929675181330811 0.060240963855421686
0 0.0739514348785872 0.7358003442340791 0.010406811731315043 0.0774526678141136
0 0.04777672658467361 0.7375215146299484 0.009776095868811101 0.08089500860585198
0 0.10674865972879218 0.14629948364888123 0.012929675181330811 0.06196213425129088
0 0.08073163040050457 0.14716006884681584 0.013875748975086723 0.10499139414802065
0 0.053610848312835066 0.1368330464716007 0.013875748975086723 0.07401032702237521
0 0.03500473036896878 0.1351118760757315 0.014506464837590665 0.09466437177280551
