0 0.9916823603264281 0.7663043478260869 0.00973006905210295 0.05434782608695652
0 0.9692404268675455 0.7545289855072463 0.0194601381042059 0.1068840579710145
0 0.9444444444444444 0.7626811594202898 0.016321406151914627 0.10144927536231885
0 0.9209039548022598 0.7663043478260869 0.015693659761456372 0.08333333333333333
0 0.8942247332077841 0.7726449275362319 0.016321406151914627 0.09601449275362318
0 0.870527306967985 0.7581521739130435 0.014752040175768989 0.10326086956521739
0 0.8418079096045198 0.7753623188405797 0.014438166980539862 0.10869565217391304
0 0.818738229755179 0.7672101449275363 0.019146264908976772 0.1213768115942029
0 0.7937853107344632 0.7717391304347826 0.0194601381042059 0.09782608695652174
0 0.7669491525423728 0.782608695652174 0.019146264908976772 0.09420289855072464
0 0.7449780288763339 0.7708333333333334 0.014752040175768989 0.10326086956521739
0 0.9813245448838669 0.4420289855072464 0.016635279347143754 0.08333333333333333
0 0.9560577526679221 0.447463768115942 0.010043942247332079 0.06159420289855073
0 0.9318895166352793 0.43568840579710144 0.01820464532328939 0.1105072463768116
0 0.9129001883239172 0.45018115942028986 0.017890772128060263 0.10326086956521739
0 0.8854362837413685 0.44565217391304346 0.014438166980539862 0.07608695652173914
0 0.8609541745134965 0.4329710144927536 0.018832391713747645 0.10144927536231885
0 0.8392969240426867 0.4628623188405797 0.0194601381042059 0.11413043478260869
0 0.9824231010671689 0.11231884057971014 0.01694915254237288 0.09782608695652174
0 0.9552730696798494 0.11503623188405797 0.019146264908976772 0.08876811594202899
0 0.9369114877589454 0.12228260869565218 0.01820464532328939 0.09601449275362318
0 0.9052102950408035 0.11231884057971014 0.014438166980539862 0.07971014492753623
0 0.8804143126177024 0.11413043478260869 0.016321406151914627 0.09057971014492754
0 0.860797237915882 0.11956521739130435 0.016635279347143754 0.09057971014492754
0 0.8342749529190208 0.11684782608695653 0.018832391713747645 0.08514492753623189
0 0.8083804143126178 0.10507246376811594 0.01977401129943503 0.11594202898550725
0 0.8080665411173886 0.45018115942028986 0.01349654739485248 0.08876811594202899
0 0.7887633396107973 0.44655797101449274 0.016321406151914627 0.09601449275362318
0 0.7823289391086001 0.11684782608695653 0.023540489642184557 0.1286231884057971
0 0.7551789077212806 0.125 0.021343377275580666 0.10507246376811594
0 0.763653483992467 0.4519927536231884 0.021343377275580666 0.13949275362318841
0 0.7322661644695543 0.11231884057971014 0.01694915254237288 0.09420289855072464
0 0.7354048964218456 0.46195652173913043 0.014438166980539862 0.10869565217391304
0 0.7187696170747018 0.7789855072463768 0.017576898932831136 0.09057971014492754
0 0.6939736346516008 0.7726449275362319 0.014438166980539862 0.08514492753623189
0 0.6621155053358443 0.7663043478260869 0.010357815442561206 0.06521739130434782
0 0.6396735718769617 0.7789855072463768 0.013810420590081607 0.08695652173913043
0 0.6202134337727558 0.7844202898550725 0.020087884494664157 0.09782608695652174
0 0.5971437539234149 0.7744565217391305 0.018518518518518517 0.1068840579710145
0 0.5706214689265536 0.7708333333333334 0.016321406151914627 0.09963768115942029
0 0.5506905210295041 0.769927536231884 0.015379786566227243 0.10507246376811594
0 0.519774011299435 0.7744565217391305 0.018832391713747645 0.1105072463768116
0 0.7128060263653484 0.447463768115942 0.015693659761456372 0.10144927536231885
0 0.6856559949780289 0.45652173913043476 0.020401757689893284 0.11956521739130435
0 0.6605461393596986 0.453804347826087 0.022912743251726302 0.1322463768115942
0 0.634180790960452 0.45561594202898553 0.022284996861268048 0.1068840579710145
0 0.6118957940991839 0.44565217391304346 0.022284996861268048 0.15217391304347827
0 0.587413684871312 0.4420289855072464 0.021657250470809793 0.13768115942028986
0 0.5634023854362837 0.45561594202898553 0.02071563088512241 0.11413043478260869
0 0.5390772128060264 0.447463768115942 0.021657250470809793 0.13768115942028986
0 0.7073132454488387 0.12047101449275362 0.0160075329566855 0.08876811594202899
0 0.6839296924042687 0.11594202898550725 0.017576898932831136 0.10144927536231885
0 0.6585059635907093 0.11775362318840579 0.010043942247332079 0.04710144927536232
0 0.6316698053986189 0.1213768115942029 0.016635279347143754 0.11594202898550725
0 0.6134651600753296 0.12681159420289856 0.018518518518518517 0.12681159420289856
0 0.5872567482736974 0.12409420289855072 0.022598870056497175 0.1322463768115942
0 0.5605775266792216 0.12409420289855072 0.01820464532328939 0.10326086956521739
0 0.5411173885750157 0.12681159420289856 0.0194601381042059 0.11956521739130435
0 0.5105147520401758 0.125 0.01726302573760201 0.11231884057971014
0 0.4883866917765223 0.13043478260869565 0.0194601381042059 0.08695652173913043
0 0.46123666038920275 0.13496376811594202 0.01726302573760201 0.09963768115942029
0 0.4326741996233522 0.13405797101449277 0.01726302573760201 0.09057971014492754
0 0.4133709981167608 0.13043478260869565 0.011927181418706842 0.09057971014492754
0 0.5149089767733835 0.45108695652173914 0.022284996861268048 0.13043478260869565
0 0.48509102322661646 0.4519927536231884 0.0160075329566855 0.09963768115942029
0 0.46296296296296297 0.46467391304347827 0.018832391713747645 0.1068840579710145
0 0.4397363465160075 0.45561594202898553 0.0194601381042059 0.125
0 0.392812303829253 0.453804347826087 0.017890772128060263 0.1068840579710145
0 0.36738857501569366 0.46557971014492755 0.017890772128060263 0.11231884057971014
0 0.34573132454488387 0.4682971014492754 0.019146264908976772 0.11775362318840579
0 0.3199937225360954 0.4628623188405797 0.0160075329566855 0.1213768115942029
0 0.49466415568110483 0.769927536231884 0.020087884494664157 0.11956521739130435
0 0.4726930320150659 0.7853260869565217 0.016321406151914627 0.09601449275362318
0 0.4444444444444444 0.7780797101449275 0.015693659761456372 0.09963768115942029
0 0.42059008160703076 0.7862318840579711 0.015693659761456372 0.06884057971014493
0 0.40034526051475205 0.7708333333333334 0.016635279347143754 0.11775362318840579
0 0.3761770244821092 0.779891304347826 0.019146264908976772 0.1105072463768116
0 0.3524795982423101 0.7681159420289855 0.017576898932831136 0.11231884057971014
0 0.33207784055241685 0.7862318840579711 0.0194601381042059 0.09782608695652174
0 0.3893596986817326 0.13134057971014493 0.01977401129943503 0.11775362318840579
0 0.3644067796610169 0.1331521739130435 0.02448210922787194 0.1105072463768116
0 0.34070935342121783 0.13677536231884058 0.021657250470809793 0.11413043478260869
0 0.3170119271814187 0.1403985507246377 0.018832391713747645 0.1322463768115942
0 0.2951977401129944 0.14402173913043478 0.021657250470809793 0.11775362318840579
0 0.2704017576898933 0.1358695652173913 0.01726302573760201 0.09057971014492754
0 0.2457627118644068 0.15579710144927536 0.020087884494664157 0.11594202898550725
0 0.21814187068424357 0.13405797101449277 0.017576898932831136 0.07608695652173914
0 0.19789704959196486 0.14673913043478262 0.01726302573760201 0.10869565217391304
0 0.2975517890772128 0.45742753623188404 0.01820464532328939 0.11775362318840579
0 0.2746390458254865 0.4592391304347826 0.0194601381042059 0.10326086956521739
0 0.3039861895794099 0.7844202898550725 0.015379786566227243 0.10869565217391304
0 0.28358443188951665 0.7780797101449275 0.015379786566227243 0.09601449275362318
0 0.25674827369742625 0.7744565217391305 0.013810420590081607 0.1213768115942029
0 0.23289391086001254 0.7726449275362319 0.016321406151914627 0.11775362318840579
0 0.21029504080351538 0.7780797101449275 0.013810420590081607 0.09963768115942029
0 0.1829880728185813 0.7717391304347826 0.02322661644695543 0.12318840579710146
0 0.15976145637162587 0.7789855072463768 0.02071563088512241 0.11956521739130435
0 0.13559322033898305 0.7907608695652174 0.018832391713747645 0.11413043478260869
0 0.2452919020715631 0.46557971014492755 0.016635279347143754 0.10507246376811594
0 0.22802887633396107 0.47101449275362317 0.0160075329566855 0.10144927536231885
0 0.20040803515379788 0.47192028985507245 0.01224105461393597 0.07065217391304347
0 0.17529817953546767 0.48188405797101447 0.02102950408035154 0.11231884057971014
0 0.15364092906465787 0.483695652173913 0.018518518518518517 0.10869565217391304
0 0.12680477087256747 0.4682971014492754 0.0194601381042059 0.1105072463768116
0 0.14485247959824232 0.151268115942029 0.022912743251726302 0.1105072463768116
0 0.12445072190834902 0.1503623188405797 0.01726302573760201 0.11231884057971014
0 0.08725674827369742 0.7934782608695652 0.016321406151914627 0.08333333333333333
0 0.06261770244821092 0.7898550724637681 0.017890772128060263 0.11231884057971014
0 0.04347143753923415 0.7907608695652174 0.0160075329566855 0.11775362318840579
0 0.08192090395480225 0.4782608695652174 0.01820464532328939 0.10869565217391304
0 0.05743879472693032 0.47554347826086957 0.018832391713747645 0.09239130434782608
0 0.034996861268047706 0.4791666666666667 0.023540489642184557 0.13949275362318841
0 0.031387319522912745 0.15489130434782608 0.01820464532328939 0.1286231884057971
0 0.05555555555555555 0.15217391304347827 0.013810420590081607 0.10144927536231885
0 0.07846829880728186 0.15217391304347827 0.01820464532328939 0.11956521739130435
0 0.1016949152542373 0.14764492753623187 0.0194601381042059 0.11413043478260869
0 0.416195856873823 0.45742753623188404 0.01694915254237288 0.08152173913043478
0 0.11095417451349655 0.7871376811594203 0.01098556183301946 0.08152173913043478
