0 0.02122168052767422 0.18129139072847683 0.02810438772583883 0.11423841059602649
0 0.032549469457986806 0.15811258278145696 0.030111843991970175 0.13410596026490065
0 0.013908804129624319 0.34933774834437087 0.015199311729280183 0.03642384105960265
0 0.027244049326068255 0.3617549668874172 0.014338973329509607 0.06456953642384106
0 0.018353885861772296 0.543046357615894 0.025236593059936908 0.08278145695364239
0 0.038715227989675936 0.5587748344370861 0.008603383997705764 0.11092715231788079
0 0.051046745053054204 0.3849337748344371 0.005162030398623459 0.08443708609271523
0 0.05735589331803843 0.5612582781456954 0.006309148264984227 0.1357615894039735
0 0.06897046171494121 0.38079470198675497 0.015772870662460567 0.03642384105960265
0 0.08244909664468024 0.3849337748344371 0.012905075996558647 0.08774834437086093
0 0.09090909090909091 0.5794701986754967 0.012618296529968454 0.10264900662251655
0 0.09219959850874677 0.18211920529801323 0.03756811012331517 0.09271523178807947
0 0.11485517636937195 0.1837748344370861 0.030111843991970175 0.11589403973509933
0 0.12446228850014339 0.19288079470198677 0.029825064525379984 0.1672185430463576
0 0.11958703756811012 0.38741721854304634 0.01720676799541153 0.056291390728476824
0 0.1092629767708632 0.5662251655629139 0.007456266131344996 0.1390728476821192
0 0.14152566676225983 0.4014900662251656 0.015772870662460567 0.06456953642384106
0 0.13048465729853742 0.5902317880794702 0.02408947519357614 0.0380794701986755
0 0.15242328649268713 0.6001655629139073 0.02380269572698595 0.054635761589403975
0 0.16819615715514769 0.5960264900662252 0.019787783194723258 0.09602649006622517
0 0.15529108115858906 0.39403973509933776 0.008890163464295957 0.11258278145695365
0 0.16489819328936048 0.21357615894039736 0.016633209062231143 0.07947019867549669
0 0.18310868941783767 0.20281456953642385 0.028391167192429023 0.1076158940397351
0 0.18382563808431315 0.41307947019867547 0.01319185546314884 0.04470198675496689
0 0.19199885288213364 0.402317880794702 0.007743045597935188 0.11589403973509933
0 0.20504731861198738 0.25579470198675497 0.014338973329509607 0.1804635761589404
0 0.2043303699455119 0.4230132450331126 0.015199311729280183 0.06456953642384106
0 0.1968741038141669 0.5951986754966887 0.025523372526527102 0.048013245033112585
0 0.21020934901061084 0.5885761589403974 0.020648121594493835 0.041390728476821195
0 0.22770289647261255 0.4412251655629139 0.007456266131344996 0.09437086092715231
0 0.22841984513908803 0.6076158940397351 0.0146257527960998 0.1390728476821192
0 0.2443361055348437 0.6216887417218543 0.01605965012905076 0.12086092715231789
0 0.22067679954115285 0.24089403973509935 0.022082018927444796 0.19701986754966888
0 0.2449096644680241 0.22350993377483444 0.0292515055921996 0.0695364238410596
0 0.26512761686263264 0.2185430463576159 0.025523372526527102 0.16887417218543047
0 0.2598221967307141 0.43956953642384106 0.01204473759678807 0.08112582781456953
0 0.2710065959277316 0.43211920529801323 0.019501003728133067 0.039735099337748346
0 0.27158015486091197 0.6233443708609272 0.011471178663607686 0.12086092715231789
0 0.2840550616575853 0.6084437086092715 0.020361342127903644 0.08774834437086093
0 0.28749641525666764 0.1945364238410596 0.026096931459707484 0.173841059602649
0 0.29480929165471753 0.44039735099337746 0.005735589331803843 0.10596026490066225
0 0.30441640378548895 0.6216887417218543 0.019214224261542873 0.09768211920529801
0 0.29954115285345567 0.22350993377483444 0.011757958130197877 0.1490066225165563
0 0.3094350444508173 0.24006622516556292 0.016633209062231143 0.11920529801324503
0 0.3143102953828506 0.4370860927152318 0.0068827071981646115 0.0695364238410596
0 0.3277889303125896 0.43956953642384106 0.015486091195870376 0.06788079470198675
0 0.32664181244622886 0.24172185430463577 0.014338973329509607 0.152317880794702
0 0.3488672211069687 0.47433774834437087 0.007743045597935188 0.09768211920529801
0 0.3501577287066246 0.6332781456953642 0.017780326928591914 0.057947019867549666
0 0.36736449670203614 0.6572847682119205 0.018353885861772296 0.11920529801324503
0 0.35890450243762545 0.24834437086092714 0.015772870662460567 0.17880794701986755
0 0.3620590765701176 0.4304635761589404 0.015772870662460567 0.06291390728476821
0 0.37439059363349586 0.3029801324503311 0.02380269572698595 0.1490066225165563
0 0.38973329509607113 0.6382450331125827 0.01892744479495268 0.09437086092715231
0 0.3948953254946946 0.27566225165562913 0.010897619730427301 0.2433774834437086
0 0.41425293948953257 0.277317880794702 0.03068540292515056 0.10430463576158941
0 0.4316030972182392 0.28311258278145696 0.014912532262689992 0.18543046357615894
0 0.4240034413535991 0.4917218543046358 0.012905075996558647 0.10264900662251655
0 0.408947519357614 0.6481788079470199 0.019501003728133067 0.07450331125827815
0 0.42228276455405794 0.6697019867549668 0.022082018927444796 0.061258278145695365
0 0.4383424146831087 0.6614238410596026 0.024949813593346717 0.09437086092715231
0 0.4380556352165185 0.47019867549668876 0.011184399197017494 0.09933774834437085
0 0.44751935761399486 0.2781456953642384 0.02667049039288787 0.11589403973509933
0 0.45870375681101233 0.304635761589404 0.026096931459707484 0.06622516556291391
0 0.4599942644106682 0.6705298013245033 0.00802982506452538 0.11258278145695365
0 0.4813593346716375 0.6779801324503312 0.016919988528821338 0.11092715231788079
0 0.47849154000573557 0.5074503311258278 0.019214224261542873 0.06788079470198675
0 0.47648408373960427 0.3120860927152318 0.026096931459707484 0.15397350993377484
0 0.504445081732148 0.706953642384106 0.019501003728133067 0.07947019867549669
0 0.5219386291941497 0.6846026490066225 0.020648121594493835 0.08443708609271523
0 0.49899627186693435 0.49337748344370863 0.01319185546314884 0.056291390728476824
0 0.5034413535990823 0.3162251655629139 0.015199311729280183 0.2185430463576159
0 0.5193576139948379 0.5 0.010324060797246917 0.09602649006622517
0 0.5239460854602811 0.2955298013245033 0.02638371092629768 0.12417218543046357
0 0.5444508173214798 0.2955298013245033 0.02437625466016633 0.10430463576158941
0 0.5595067393174649 0.32864238410596025 0.015486091195870376 0.24006622516556292
0 0.5332664181244623 0.5082781456953642 0.01347863492973903 0.08609271523178808
0 0.5405792945225122 0.6804635761589404 0.007456266131344996 0.12582781456953643
0 0.5526240321193002 0.5248344370860927 0.011471178663607686 0.08278145695364239
0 0.5629480929165471 0.6912251655629139 0.01720676799541153 0.09437086092715231
0 0.5856036707771723 0.7028145695364238 0.013765414396329223 0.08774834437086093
0 0.5987955262403212 0.6937086092715232 0.005735589331803843 0.09602649006622517
0 0.5861772297103527 0.326158940397351 0.016633209062231143 0.18543046357615894
0 0.5946372239747634 0.5091059602649006 0.008890163464295957 0.12086092715231789
0 0.6039575566389447 0.5264900662251656 0.02007456266131345 0.056291390728476824
0 0.6063951821049612 0.3170529801324503 0.022082018927444796 0.16390728476821192
0 0.6191568683682248 0.6903973509933775 0.00802982506452538 0.11589403973509933
0 0.6237453398336679 0.34271523178807944 0.03211930025810152 0.06622516556291391
0 0.6300544880986522 0.5264900662251656 0.014338973329509607 0.029801324503311258
0 0.6393748207628334 0.30711920529801323 0.00659592773157442 0.13410596026490065
0 0.634356180097505 0.6937086092715232 0.009176942930886148 0.10596026490066225
0 0.6436765127616862 0.5165562913907285 0.011184399197017494 0.04966887417218543
0 0.6604531115572125 0.326158940397351 0.00802982506452538 0.15894039735099338
0 0.6653283624892458 0.5438741721854304 0.007456266131344996 0.10430463576158941
0 0.6616002294235733 0.7094370860927153 0.015486091195870376 0.06456953642384106
0 0.6786636076856897 0.6920529801324503 0.011757958130197877 0.10927152317880795
0 0.6845425867507886 0.5256622516556292 0.009176942930886148 0.10430463576158941
0 0.6912819042156582 0.3567880794701987 0.011757958130197877 0.1870860927152318
0 0.6983080011471179 0.7301324503311258 0.022368798394034987 0.029801324503311258
0 0.7361628907370232 0.5612582781456954 0.01204473759678807 0.056291390728476824
0 0.7315744192715802 0.3716887417218543 0.009750501864066534 0.20033112582781457
0 0.7576713507312877 0.3824503311258278 0.032692859191281905 0.09933774834437085
0 0.7662747347289934 0.36837748344370863 0.02695726985947806 0.15066225165562913
0 0.7624032119300258 0.5736754966887417 0.010037281330656725 0.061258278145695365
0 0.771723544594207 0.5960264900662252 0.0034413535990823058 0.10927152317880795
0 0.7972469171207341 0.5877483443708609 0.011471178663607686 0.10927152317880795
0 0.8125896185833095 0.5993377483443708 0.014052193862919416 0.0695364238410596
0 0.8277889303125896 0.5960264900662252 0.023229136793805564 0.03642384105960265
0 0.7950960711213078 0.3658940397350993 0.02667049039288787 0.16556291390728478
0 0.8203326641812446 0.38162251655629137 0.026096931459707484 0.12086092715231789
0 0.8540292515055922 0.39403973509933776 0.02408947519357614 0.09933774834437085
0 0.8795526240321193 0.6299668874172185 0.009750501864066534 0.11754966887417219
0 0.8901634642959564 0.6183774834437086 0.017780326928591914 0.04470198675496689
0 0.8990536277602523 0.4147350993377483 0.017780326928591914 0.16390728476821192
0 0.9125322626899914 0.6043046357615894 0.01204473759678807 0.09933774834437085
0 0.9181244622885002 0.4329470198675497 0.015199311729280183 0.25662251655629137
0 0.9599942644106682 0.45778145695364236 0.028391167192429023 0.14403973509933773
0 0.980498996271867 0.47433774834437087 0.021795239460854602 0.12748344370860928
0 0.9929739030685403 0.4552980132450331 0.00946372239747634 0.17549668874172186
0 0.9683108689417838 0.6432119205298014 0.019787783194723258 0.054635761589403975
0 0.988098652136507 0.6705298013245033 0.015772870662460567 0.0695364238410596
0 0.9374820762833381 0.6332781456953642 0.012618296529968454 0.024834437086092714
