0 0.9188511950655358 0.1308316430020284 0.030454895913646876 0.07707910750507099
0 0.8945643793369313 0.14300202839756593 0.025057825751734774 0.06288032454361055
0 0.8700848111025443 0.15567951318458417 0.02467232074016962 0.0537525354969574
0 0.8421356977640709 0.18407707910750506 0.028141865844255976 0.07403651115618662
0 0.8164996144949884 0.18864097363083165 0.02235929067077872 0.07099391480730223
0 0.7943330763299923 0.19929006085192696 0.028141865844255976 0.07606490872210954
0 0.7686969930609098 0.21044624746450305 0.02158828064764842 0.05172413793103448
0 0.743639167309175 0.2281947261663286 0.027756360832690823 0.06896551724137931
0 0.7162683114880494 0.24087221095334685 0.026985350809560524 0.06795131845841786
0 0.6906322282189669 0.25760649087221094 0.023515805705474173 0.07505070993914807
0 0.6659599074787972 0.2682555780933063 0.029683885890516577 0.08012170385395538
0 0.643407864302236 0.2783975659229209 0.015420200462606014 0.04969574036511156
0 0.6212413261372398 0.2905679513184584 0.02428681572860447 0.06592292089249494
0 0.5954124903623748 0.3088235294117647 0.01966075558982267 0.055780933062880324
0 0.568041634541249 0.32150101419878296 0.018889745566692366 0.060851926977687626
0 0.5439475713184272 0.33367139959432046 0.02158828064764842 0.07099391480730223
0 0.518118735543562 0.34127789046653145 0.028527370855821126 0.0720081135902637
0 0.9149961449498843 0.3052738336713996 0.02197378565921357 0.056795131845841784
0 0.8365458750963762 0.3448275862068966 0.020046260601387818 0.06490872210953347
0 0.8112952968388589 0.35699797160243407 0.02274479568234387 0.05273833671399594
0 0.7831534309946029 0.3793103448275862 0.02197378565921357 0.05070993914807302
0 0.7573245952197378 0.38742393509127787 0.025057825751734774 0.07099391480730223
0 0.7314957594448728 0.3995943204868154 0.02428681572860447 0.06693711967545639
0 0.706437933693138 0.4148073022312373 0.02197378565921357 0.05476673427991886
0 0.680609097918273 0.4295131845841785 0.023515805705474173 0.061866125760649086
0 0.6569005397070162 0.44523326572008115 0.02467232074016962 0.06490872210953347
0 0.6343484965304549 0.4579107505070994 0.025057825751734774 0.059837728194726165
0 0.6050501156515035 0.4721095334685598 0.02120277563608327 0.05172413793103448
0 0.5803777949113339 0.4817444219066937 0.018889745566692366 0.056795131845841784
0 0.5591750192752506 0.4964503042596349 0.02274479568234387 0.04969574036511156
0 0.5331534309946029 0.5030425963488844 0.027756360832690823 0.07302231237322515
0 0.506360832690825 0.5212981744421906 0.018118735543562067 0.04259634888438134
0 0.4813030069390902 0.5380324543610547 0.034309946029298384 0.08823529411764706
0 0.9539321511179646 0.4528397565922921 0.025828835774865073 0.06389452332657201
0 0.9277178103315343 0.46399594320486814 0.02197378565921357 0.04969574036511156
0 0.9036237471087124 0.4781947261663286 0.016962220508866616 0.055780933062880324
0 0.8789514263685428 0.49543610547667344 0.02313030069390902 0.057809330628803245
0 0.853893600616808 0.505578093306288 0.020046260601387818 0.07403651115618662
0 0.830763299922899 0.5192697768762677 0.02313030069390902 0.07099391480730223
0 0.8030069390902081 0.5304259634888439 0.018504240555127217 0.058823529411764705
0 0.7796838858905166 0.5491886409736308 0.020431765612952967 0.06389452332657201
0 0.7525057825751735 0.5542596348884381 0.02158828064764842 0.057809330628803245
0 0.7284117193523516 0.5760649087221096 0.02274479568234387 0.05070993914807302
0 0.70508866615266 0.579107505070994 0.02235929067077872 0.05273833671399594
0 0.6800308404009252 0.6014198782961461 0.017733230531996914 0.038539553752535496
0 0.6543947571318427 0.6110547667342799 0.017347725520431765 0.05172413793103448
0 0.6312644564379337 0.6201825557809331 0.02274479568234387 0.04563894523326572
0 0.6037008481110254 0.6328600405679513 0.02158828064764842 0.05476673427991886
0 0.5809560524286815 0.6506085192697769 0.025443330763299923 0.06389452332657201
0 0.5524286815728604 0.6648073022312373 0.025443330763299923 0.0720081135902637
0 0.529491133384734 0.6779918864097363 0.01966075558982267 0.04563894523326572
0 0.5005782575173477 0.6967545638945233 0.030454895913646876 0.07099391480730223
0 0.4753276792598304 0.7043610547667343 0.020046260601387818 0.06592292089249494
0 0.4919043947571318 0.35699797160243407 0.01927525057825752 0.0486815415821501
0 0.46491904394757133 0.36764705882352944 0.03161141094834233 0.07809330628803246
0 0.44236700077101004 0.38235294117647056 0.02428681572860447 0.07910750507099391
0 0.41808018504240557 0.39300202839756593 0.020431765612952967 0.057809330628803245
0 0.3928296067848882 0.41125760649087223 0.029298380878951428 0.06592292089249494
0 0.3635312259059368 0.42849898580121704 0.026214340786430222 0.0720081135902637
0 0.34040092521202775 0.4396551724137931 0.02235929067077872 0.0821501014198783
0 0.315343099460293 0.4477687626774848 0.023901310717039322 0.06795131845841786
0 0.4335003855050116 0.5608519269776876 0.025057825751734774 0.07505070993914807
0 0.4099845797995374 0.5704868154158215 0.02197378565921357 0.05172413793103448
0 0.38145720894371626 0.5917849898580122 0.02428681572860447 0.07403651115618662
0 0.3571703932151118 0.6029411764705882 0.023515805705474173 0.06592292089249494
0 0.3338473400154202 0.6156186612576064 0.026985350809560524 0.07302231237322515
0 0.4533538936006168 0.7221095334685599 0.020046260601387818 0.05273833671399594
0 0.4302235929067078 0.7347870182555781 0.025443330763299923 0.0537525354969574
0 0.40246723207401697 0.7469574036511156 0.023901310717039322 0.06997971602434078
0 0.37702390131071706 0.757606490872211 0.02313030069390902 0.0486815415821501
0 0.3492675404780262 0.7728194726166329 0.02313030069390902 0.04665314401622718
0 0.32652274479568233 0.7860040567951319 0.017733230531996914 0.04665314401622718
0 0.3006939090208173 0.795131845841785 0.026214340786430222 0.06288032454361055
0 0.2843099460292984 0.6353955375253549 0.026599845797995375 0.061866125760649086
0 0.2739013107170393 0.8093306288032455 0.02197378565921357 0.056795131845841784
0 0.2469159599074788 0.8275862068965517 0.025057825751734774 0.058823529411764705
0 0.25501156515034695 0.6551724137931034 0.018889745566692366 0.05273833671399594
0 0.22879722436391672 0.670892494929006 0.02428681572860447 0.06795131845841786
0 0.20547417116422514 0.6805273833671399 0.02235929067077872 0.0486815415821501
0 0.2897070161912105 0.4645030425963489 0.02197378565921357 0.060851926977687626
0 0.26272166538165 0.4852941176470588 0.028141865844255976 0.0821501014198783
0 0.23939861218195838 0.4908722109533469 0.023901310717039322 0.07302231237322515
0 0.2151117964533539 0.5070993914807302 0.027756360832690823 0.06896551724137931
0 0.1871626831148805 0.5182555780933062 0.02428681572860447 0.056795131845841784
0 0.16499614494988435 0.533975659229209 0.023901310717039322 0.04969574036511156
0 0.13685427910562836 0.545131845841785 0.02313030069390902 0.06389452332657201
0 0.11391673091750193 0.552738336713996 0.028912875867386275 0.07707910750507099
0 0.08731688511950655 0.5750507099391481 0.02428681572860447 0.06896551724137931
0 0.06399383191981496 0.5851926977687627 0.02313030069390902 0.06288032454361055
0 0.03643022359290671 0.5988843813387424 0.02197378565921357 0.055780933062880324
0 0.17559753276792597 0.6967545638945233 0.023515805705474173 0.05273833671399594
0 0.15150346954510407 0.7094320486815415 0.02467232074016962 0.06389452332657201
0 0.1272166538164996 0.7134888438133874 0.02313030069390902 0.07606490872210954
0 0.10312259059367772 0.736815415821501 0.02274479568234387 0.061866125760649086
0 0.0776792598303778 0.7464503042596349 0.02120277563608327 0.056795131845841784
0 0.05146491904394757 0.7621703853955375 0.02197378565921357 0.04766734279918864
0 0.2220508866615266 0.8397565922920892 0.02081727062451812 0.058823529411764705
0 0.19622205088666153 0.8544624746450304 0.02158828064764842 0.04969574036511156
0 0.16942945258288358 0.8696754563894523 0.027370855821125674 0.059837728194726165
0 0.1250963762528913 0.8914807302231237 0.02120277563608327 0.05476673427991886
0 0.09464148033924441 0.9046653144016227 0.02428681572860447 0.056795131845841784
0 0.07305319969159599 0.9143002028397565 0.01966075558982267 0.04969574036511156
0 0.050501156515034694 0.9330628803245437 0.016962220508866616 0.038539553752535496
