0 0.9118878191712013 0.11846153846153847 0.03641691084135622 0.09743589743589744
0 0.8794474675596484 0.13948717948717948 0.03181247383842612 0.08205128205128205
0 0.8476349937212223 0.14564102564102563 0.033486814566764334 0.08205128205128205
0 0.8133110087902888 0.16205128205128205 0.03181247383842612 0.0882051282051282
0 0.780242779405609 0.17794871794871794 0.04688154039347007 0.12615384615384614
0 0.7461280870657179 0.19333333333333333 0.03725408120552533 0.08307692307692308
0 0.7101297614064462 0.20512820512820512 0.034742570113018 0.09846153846153846
0 0.679782335705316 0.2271794871794872 0.02762662201758058 0.08923076923076922
0 0.6500627877773126 0.23076923076923078 0.03181247383842612 0.11692307692307692
0 0.6197153620761825 0.24769230769230768 0.03557974047718711 0.1117948717948718
0 0.5818334030975304 0.27897435897435896 0.03599832565927166 0.09641025641025641
0 0.5516952699874424 0.2764102564102564 0.0301381331100879 0.08717948717948718
0 0.5207199665131854 0.2882051282051282 0.037672666387609875 0.08
0 0.49100041858518206 0.3 0.03432398493093344 0.08512820512820513
0 0.46107157806613647 0.321025641025641 0.02804520719966513 0.11487179487179487
0 0.9313520301381331 0.3 0.03264964420259523 0.08717948717948718
0 0.895772289660946 0.3117948717948718 0.037672666387609875 0.0841025641025641
0 0.8599832565927166 0.3323076923076923 0.033068229384679786 0.08205128205128205
0 0.8292172457095018 0.34512820512820513 0.03516115529510255 0.09333333333333334
0 0.7955211385516953 0.36256410256410254 0.03809125156969443 0.10153846153846154
0 0.7595228128924236 0.37743589743589745 0.04395144411887819 0.10256410256410256
0 0.7291753871912934 0.3984615384615385 0.028463792381749686 0.08717948717948718
0 0.6971536207618251 0.4041025641025641 0.033068229384679786 0.06769230769230769
0 0.6697362913352868 0.42153846153846153 0.0301381331100879 0.0882051282051282
0 0.633737965676015 0.42923076923076925 0.033486814566764334 0.09538461538461539
0 0.9508162411050649 0.47846153846153844 0.03725408120552533 0.08512820512820513
0 0.9183758894935119 0.49025641025641026 0.0301381331100879 0.06564102564102564
0 0.8865634156550858 0.5041025641025642 0.039347007115948095 0.07692307692307693
0 0.8514022603599832 0.5205128205128206 0.03097530347425701 0.08307692307692308
0 0.8191712013394726 0.5317948717948718 0.033486814566764334 0.08717948717948718
0 0.7873587275010465 0.5538461538461539 0.03264964420259523 0.0882051282051282
0 0.7524068647969862 0.5625641025641026 0.033068229384679786 0.07692307692307693
0 0.7201758057764756 0.583076923076923 0.03557974047718711 0.07076923076923076
0 0.6904562578484722 0.5938461538461538 0.031393888656341566 0.09435897435897436
0 0.660108832147342 0.6056410256410256 0.03181247383842612 0.09948717948717949
0 0.6213897028045208 0.6307692307692307 0.030556718292172456 0.08205128205128205
0 0.6038091251569695 0.438974358974359 0.03390539974884889 0.10666666666666667
0 0.5682293846797823 0.46615384615384614 0.03892842193386354 0.08717948717948718
0 0.5362076182503139 0.4753846153846154 0.03181247383842612 0.07487179487179488
0 0.5092088740058602 0.48205128205128206 0.030556718292172456 0.0841025641025641
0 0.4761406446211804 0.5005128205128205 0.033068229384679786 0.10461538461538461
0 0.4489326077856844 0.5205128205128206 0.027208036835496024 0.08717948717948718
0 0.4146086228547509 0.521025641025641 0.03809125156969443 0.09230769230769231
0 0.3800753453327752 0.5430769230769231 0.038509836751778985 0.10153846153846154
0 0.35412306404353283 0.5497435897435897 0.0301381331100879 0.10666666666666667
0 0.32691502720803683 0.563076923076923 0.03599832565927166 0.10666666666666667
0 0.2909167015487652 0.58 0.03683549602344077 0.09538461538461539
0 0.25701130179991627 0.6005128205128205 0.03516115529510255 0.09538461538461539
0 0.22833821682712432 0.6051282051282051 0.022185014650481373 0.06974358974358974
0 0.19799079112599413 0.6261538461538462 0.03181247383842612 0.07692307692307693
0 0.16303892842193388 0.6369230769230769 0.02971954792800335 0.07794871794871795
0 0.4296776894097949 0.3374358974358974 0.03892842193386354 0.10051282051282051
0 0.3993302637086647 0.3441025641025641 0.041021347844286314 0.10358974358974359
0 0.36584344914190037 0.358974358974359 0.03432398493093344 0.09641025641025641
0 0.3388447048974466 0.3687179487179487 0.03809125156969443 0.08923076923076922
0 0.3087065717873587 0.3923076923076923 0.034742570113018 0.1076923076923077
0 0.2727082461280871 0.40307692307692305 0.031393888656341566 0.08
0 0.24529091670154876 0.4107692307692308 0.03516115529510255 0.08923076923076922
0 0.21347844286312265 0.4317948717948718 0.03599832565927166 0.09435897435897436
0 0.5925073252406865 0.6384615384615384 0.033068229384679786 0.08717948717948718
0 0.5613227291753872 0.6558974358974359 0.033486814566764334 0.08307692307692308
0 0.530138133110088 0.6656410256410257 0.031393888656341566 0.0758974358974359
0 0.5006278777731268 0.6717948717948717 0.033486814566764334 0.07794871794871795
0 0.46630389284219337 0.6871794871794872 0.040184177480117204 0.09025641025641026
0 0.43574717455002093 0.6943589743589743 0.03432398493093344 0.10461538461538461
0 0.4087484303055672 0.7169230769230769 0.032231059020510676 0.09025641025641026
0 0.3792381749686061 0.7369230769230769 0.03264964420259523 0.08923076923076922
0 0.34365843449141903 0.7569230769230769 0.038509836751778985 0.11076923076923077
0 0.3116366680619506 0.7610256410256411 0.02971954792800335 0.0841025641025641
0 0.277940560904144 0.7738461538461539 0.0301381331100879 0.08923076923076922
0 0.2505232314776057 0.7841025641025641 0.02804520719966513 0.08307692307692308
0 0.22373377982419423 0.803076923076923 0.031393888656341566 0.07179487179487179
0 0.18857262452909168 0.8184615384615385 0.031393888656341566 0.09435897435897436
0 0.15927166178317287 0.8358974358974359 0.03390539974884889 0.08205128205128205
0 0.12955211385516952 0.8466666666666667 0.03557974047718711 0.13025641025641024
0 0.09648388447048975 0.861025641025641 0.03641691084135622 0.10974358974358975
0 0.06195060694851402 0.8712820512820513 0.03432398493093344 0.08923076923076922
0 0.13101716199246546 0.6528205128205128 0.03097530347425701 0.10153846153846154
0 0.10318124738384261 0.6697435897435897 0.02888237756383424 0.08205128205128205
0 0.06927584763499373 0.6835897435897436 0.03390539974884889 0.09128205128205129
0 0.041649225617413146 0.7020512820512821 0.02804520719966513 0.07897435897435898
0 0.18313101716199245 0.4451282051282051 0.027208036835496024 0.0758974358974359
0 0.15320217664294683 0.45897435897435895 0.03599832565927166 0.08512820512820513
0 0.11845960652992885 0.47794871794871796 0.02762662201758058 0.10051282051282051
0 0.08978652155713687 0.4907692307692308 0.03641691084135622 0.1158974358974359
0 0.05609041439933026 0.4882051282051282 0.03432398493093344 0.0882051282051282
