0 0.004571428571428572 0.2033898305084746 0.008 0.1393596986817326
0 0.01042857142857143 0.5602636534839924 0.02085714285714286 0.1224105461393597
0 0.020714285714285713 0.3926553672316384 0.006 0.12994350282485875
0 0.019714285714285715 0.19491525423728814 0.018857142857142857 0.09227871939736347
0 0.03357142857142857 0.2080979284369115 0.02142857142857143 0.12617702448210924
0 0.038714285714285715 0.3992467043314501 0.011142857142857144 0.10546139359698682
0 0.02614285714285714 0.5470809792843692 0.012285714285714285 0.03954802259887006
0 0.04042857142857143 0.5376647834274952 0.030571428571428572 0.11864406779661017
0 0.05357142857142857 0.4152542372881356 0.011714285714285714 0.08851224105461393
0 0.053714285714285714 0.20433145009416195 0.016 0.1374764595103578
0 0.07728571428571429 0.4209039548022599 0.015142857142857144 0.04331450094161959
0 0.08742857142857142 0.2382297551789077 0.023428571428571427 0.0847457627118644
0 0.09757142857142857 0.423728813559322 0.016285714285714285 0.05273069679849341
0 0.07914285714285714 0.5677966101694916 0.013142857142857144 0.11864406779661017
0 0.060571428571428575 0.5404896421845574 0.018857142857142857 0.1958568738229755
0 0.09414285714285714 0.5555555555555556 0.02942857142857143 0.08662900188323917
0 0.11314285714285714 0.4397363465160075 0.017714285714285714 0.05084745762711865
0 0.10642857142857143 0.2231638418079096 0.018 0.11864406779661017
0 0.13257142857142856 0.24105461393596986 0.014285714285714285 0.14689265536723164
0 0.11914285714285715 0.5800376647834274 0.025714285714285714 0.12429378531073447
0 0.1392857142857143 0.4463276836158192 0.0054285714285714284 0.09792843691148775
0 0.1467142857142857 0.24670433145009416 0.011714285714285714 0.14689265536723164
0 0.16085714285714287 0.588512241054614 0.022285714285714287 0.12617702448210924
0 0.176 0.4548022598870056 0.01657142857142857 0.0847457627118644
0 0.18371428571428572 0.2278719397363465 0.012 0.1657250470809793
0 0.19057142857142856 0.2589453860640301 0.018285714285714287 0.1374764595103578
0 0.20414285714285715 0.2871939736346516 0.019714285714285715 0.1751412429378531
0 0.20842857142857144 0.4708097928436911 0.015142857142857144 0.060263653483992465
0 0.21628571428571428 0.6129943502824858 0.027428571428571427 0.062146892655367235
0 0.23157142857142857 0.6129943502824858 0.012285714285714285 0.15630885122410546
0 0.22385714285714287 0.4632768361581921 0.014571428571428572 0.09416195856873823
0 0.23342857142857143 0.2570621468926554 0.01657142857142857 0.10357815442561205
0 0.23985714285714285 0.455743879472693 0.007714285714285714 0.14689265536723164
0 0.24842857142857142 0.2843691148775895 0.010571428571428572 0.1694915254237288
0 0.25742857142857145 0.2551789077212806 0.02057142857142857 0.1111111111111111
0 0.2634285714285714 0.4717514124293785 0.013714285714285714 0.06591337099811675
0 0.2805714285714286 0.4736346516007533 0.014857142857142857 0.07344632768361582
0 0.28114285714285714 0.3107344632768362 0.01657142857142857 0.08286252354048965
0 0.2804285714285714 0.608286252354049 0.015714285714285715 0.16195856873822975
0 0.28285714285714286 0.6177024482109228 0.021142857142857144 0.04896421845574388
0 0.3008571428571429 0.487758945386064 0.006285714285714286 0.03389830508474576
0 0.314 0.4990583804143126 0.006285714285714286 0.05273069679849341
0 0.30257142857142855 0.2815442561205273 0.018857142857142857 0.08851224105461393
0 0.30757142857142855 0.635593220338983 0.023142857142857142 0.08851224105461393
0 0.3231428571428571 0.3088512241054614 0.015428571428571429 0.1958568738229755
0 0.3424285714285714 0.4839924670433145 0.016285714285714285 0.07532956685499058
0 0.327 0.6497175141242938 0.030571428571428572 0.04896421845574388
0 0.35085714285714287 0.6412429378531074 0.024 0.0847457627118644
0 0.3585714285714286 0.5188323917137476 0.008571428571428572 0.06591337099811675
0 0.37357142857142855 0.5169491525423728 0.015714285714285715 0.04331450094161959
0 0.37142857142857144 0.3041431261770245 0.017714285714285714 0.15630885122410546
0 0.3932857142857143 0.512241054613936 0.011714285714285714 0.10546139359698682
0 0.38971428571428574 0.6506591337099812 0.022285714285714287 0.16760828625235405
0 0.4198571428571429 0.2806026365348399 0.014 0.12429378531073447
0 0.43214285714285716 0.3672316384180791 0.012857142857142857 0.17325800376647835
0 0.41314285714285715 0.556497175141243 0.015428571428571429 0.0847457627118644
0 0.42828571428571427 0.5338983050847458 0.018857142857142857 0.05084745762711865
0 0.4094285714285714 0.6694915254237288 0.011428571428571429 0.15630885122410546
0 0.4268571428571429 0.6779661016949152 0.015428571428571429 0.17325800376647835
0 0.4442857142857143 0.692090395480226 0.015428571428571429 0.18267419962335216
0 0.4572857142857143 0.3408662900188324 0.014571428571428572 0.17325800376647835
0 0.4674285714285714 0.6506591337099812 0.010857142857142857 0.224105461393597
0 0.48 0.6939736346516008 0.018857142857142857 0.14500941619585686
0 0.486 0.5404896421845574 0.019428571428571427 0.04896421845574388
0 0.5031428571428571 0.3126177024482109 0.019428571428571427 0.128060263653484
0 0.5092857142857142 0.3672316384180791 0.011714285714285714 0.04896421845574388
0 0.5092857142857142 0.5357815442561206 0.01685714285714286 0.06591337099811675
0 0.5051428571428571 0.6883239171374764 0.026857142857142857 0.1713747645951036
0 0.5168571428571429 0.6685499058380414 0.026857142857142857 0.12429378531073447
0 0.5347142857142857 0.711864406779661 0.015714285714285715 0.08286252354048965
0 0.531 0.5508474576271186 0.009428571428571429 0.05084745762711865
0 0.5334285714285715 0.3370998116760829 0.014857142857142857 0.1544256120527307
0 0.5547142857142857 0.3493408662900188 0.02085714285714286 0.11864406779661017
0 0.5424285714285715 0.5612052730696798 0.008285714285714285 0.1318267419962335
0 0.5492857142857143 0.672316384180791 0.027142857142857142 0.17325800376647835
0 0.5648571428571428 0.5546139359698682 0.005714285714285714 0.1374764595103578
0 0.5742857142857143 0.6704331450094162 0.006857142857142857 0.09792843691148775
0 0.5798571428571428 0.5508474576271186 0.01 0.09227871939736347
0 0.5781428571428572 0.3822975517890772 0.009428571428571429 0.12429378531073447
0 0.5947142857142858 0.3738229755178908 0.024857142857142855 0.096045197740113
0 0.6052857142857143 0.3728813559322034 0.02542857142857143 0.09792843691148775
0 0.6092857142857143 0.7052730696798494 0.022571428571428572 0.15630885122410546
0 0.6135714285714285 0.5743879472693032 0.0054285714285714284 0.1167608286252354
0 0.6324285714285715 0.588512241054614 0.012285714285714285 0.11864406779661017
0 0.6444285714285715 0.7203389830508474 0.006571428571428572 0.1487758945386064
0 0.6577142857142857 0.7401129943502824 0.022857142857142857 0.1657250470809793
0 0.654 0.5932203389830508 0.01657142857142857 0.05649717514124294
0 0.6337142857142857 0.3700564971751412 0.021142857142857144 0.08851224105461393
0 0.6524285714285715 0.3653483992467043 0.023714285714285716 0.08286252354048965
0 0.666 0.3973634651600753 0.027428571428571427 0.064030131826742
0 0.6721428571428572 0.6101694915254238 0.011142857142857144 0.10922787193973635
0 0.6908571428571428 0.7542372881355932 0.02857142857142857 0.12994350282485875
0 0.6834285714285714 0.4246704331450094 0.012571428571428572 0.16760828625235405
0 0.7011428571428572 0.3926553672316384 0.022285714285714287 0.096045197740113
0 0.708 0.748587570621469 0.03371428571428572 0.11487758945386065
0 0.6958571428571428 0.6073446327683616 0.019142857142857142 0.05084745762711865
0 0.708 0.6073446327683616 0.018285714285714287 0.05084745762711865
0 0.7228571428571429 0.3860640301318267 0.017142857142857144 0.1318267419962335
0 0.7255714285714285 0.628060263653484 0.007142857142857143 0.096045197740113
0 0.7474285714285714 0.6214689265536724 0.016 0.07909604519774012
0 0.7478571428571429 0.4293785310734463 0.022 0.06779661016949153
0 0.7702857142857142 0.4397363465160075 0.014285714285714285 0.1224105461393597
0 0.7755714285714286 0.435969868173258 0.007142857142857143 0.14500941619585686
0 0.7705714285714286 0.6459510357815442 0.010857142857142857 0.0903954802259887
0 0.7665714285714286 0.7777777777777778 0.026857142857142857 0.07532956685499058
0 0.785 0.6148775894538606 0.010571428571428572 0.1111111111111111
0 0.7981428571428572 0.4096045197740113 0.01 0.18267419962335216
0 0.7887142857142857 0.7843691148775894 0.016285714285714285 0.07344632768361582
0 0.7995714285714286 0.775894538606403 0.012857142857142857 0.064030131826742
0 0.8122857142857143 0.6610169491525424 0.017142857142857144 0.07156308851224105
0 0.8132857142857143 0.78060263653484 0.02085714285714286 0.047080979284369114
0 0.8288571428571428 0.6431261770244822 0.009142857142857144 0.096045197740113
0 0.8207142857142857 0.416195856873823 0.014 0.18832391713747645
0 0.8438571428571429 0.4284369114877589 0.024285714285714285 0.08851224105461393
0 0.833 0.7608286252354048 0.03514285714285714 0.12052730696798493
0 0.8481428571428572 0.6506591337099812 0.012857142857142857 0.09227871939736347
0 0.857 0.628060263653484 0.01 0.0696798493408663
0 0.8544285714285714 0.435969868173258 0.015142857142857144 0.1374764595103578
0 0.8544285714285714 0.812617702448211 0.014571428571428572 0.08097928436911488
