0 0.9241393965150871 0.15178571428571427 0.019124521886952826 0.08603896103896104
0 0.895240118997025 0.15746753246753248 0.01997450063748406 0.09090909090909091
0 0.8623034424139396 0.16558441558441558 0.021249468763280918 0.06493506493506493
0 0.824054398640034 0.16396103896103897 0.014449638759031025 0.07142857142857142
0 0.7928176795580111 0.17126623376623376 0.016574585635359115 0.07954545454545454
0 0.7547811304717382 0.1793831168831169 0.016999575010624733 0.060064935064935064
0 0.7241818954526137 0.17694805194805194 0.020399490012749683 0.08116883116883117
0 0.6940076498087547 0.1875 0.018699532511687208 0.08279220779220779
0 0.6610709732256693 0.19724025974025974 0.024224394390140246 0.08279220779220779
0 0.6334466638334042 0.19318181818181818 0.024224394390140246 0.1038961038961039
0 0.5983850403739907 0.20616883116883117 0.013599660008499787 0.09090909090909091
0 0.5607734806629834 0.200487012987013 0.017424564385890354 0.08279220779220779
0 0.5263493412664684 0.20535714285714285 0.017424564385890354 0.08279220779220779
0 0.4970250743731407 0.22727272727272727 0.019124521886952826 0.07792207792207792
0 0.9326391840203995 0.4602272727272727 0.01827454313642159 0.08603896103896104
0 0.895240118997025 0.45454545454545453 0.01997450063748406 0.07142857142857142
0 0.8691032724181895 0.4594155844155844 0.017849553761155972 0.09415584415584416
0 0.8304292392690182 0.46915584415584416 0.018699532511687208 0.08441558441558442
0 0.7991925201869953 0.47483766233766234 0.021674458138546536 0.12175324675324675
0 0.7664683382915427 0.487012987012987 0.017424564385890354 0.08441558441558442
0 0.7016574585635359 0.47483766233766234 0.016149596260093498 0.08928571428571429
0 0.6642583935401615 0.4991883116883117 0.02634934126646834 0.09902597402597403
0 0.6400339991500212 0.487012987012987 0.017849553761155972 0.07142857142857142
0 0.6007224819379515 0.4926948051948052 0.0208244793880153 0.06655844155844155
0 0.5688482787930301 0.5073051948051948 0.01827454313642159 0.08928571428571429
0 0.5365490862728431 0.510551948051948 0.01572460688482788 0.07305194805194805
0 0.5057373565660859 0.5146103896103896 0.024649383765405864 0.09415584415584416
0 0.47025074373140674 0.512987012987013 0.017424564385890354 0.08441558441558442
0 0.9436889077773055 0.7467532467532467 0.019124521886952826 0.07467532467532467
0 0.9094772630684232 0.7483766233766234 0.016149596260093498 0.07792207792207792
0 0.8746281342966425 0.7556818181818182 0.017849553761155972 0.09577922077922078
0 0.84190395240119 0.7556818181818182 0.016149596260093498 0.09577922077922078
0 0.8115172120696983 0.7540584415584416 0.01317467063323417 0.08928571428571429
0 0.777305567360816 0.7686688311688312 0.014449638759031025 0.09253246753246754
0 0.7464938376540586 0.7694805194805194 0.014024649383765405 0.07142857142857142
0 0.7110072248193795 0.7775974025974026 0.01529961750956226 0.05844155844155844
0 0.6825329366765831 0.7808441558441559 0.016149596260093498 0.08766233766233766
0 0.6476838079048024 0.7808441558441559 0.01529961750956226 0.07792207792207792
0 0.6149596260093497 0.775974025974026 0.010199745006374841 0.045454545454545456
0 0.5465363365915852 0.8027597402597403 0.010199745006374841 0.04707792207792208
0 0.5131746706332342 0.7930194805194806 0.01317467063323417 0.06655844155844155
0 0.4802379940501487 0.8027597402597403 0.013599660008499787 0.060064935064935064
0 0.44496387590310243 0.8051948051948052 0.01529961750956226 0.07142857142857142
0 0.4145771355716107 0.8076298701298701 0.01317467063323417 0.060064935064935064
0 0.38312792180195493 0.8076298701298701 0.011474713132171696 0.056818181818181816
0 0.35104122396940074 0.814935064935065 0.016999575010624733 0.048701298701298704
0 0.3015299617509562 0.8262987012987013 0.014874628134296642 0.07467532467532467
0 0.2864428389290268 0.8214285714285714 0.014449638759031025 0.08116883116883117
0 0.25350616234594137 0.8295454545454546 0.01827454313642159 0.08441558441558442
0 0.2173820654483638 0.825487012987013 0.016574585635359115 0.05357142857142857
0 0.1829579260518487 0.8376623376623377 0.014024649383765405 0.05844155844155844
0 0.15363365915852104 0.8336038961038961 0.016574585635359115 0.07305194805194805
0 0.1228219294517637 0.836038961038961 0.013599660008499787 0.05844155844155844
0 0.08691032724181895 0.849025974025974 0.014024649383765405 0.06493506493506493
0 0.058011049723756904 0.8506493506493507 0.016574585635359115 0.07467532467532467
0 0.4371015724606885 0.523538961038961 0.0208244793880153 0.0762987012987013
0 0.4071398215044624 0.5211038961038961 0.019549511262218443 0.06818181818181818
0 0.3769655758606035 0.5243506493506493 0.018699532511687208 0.07142857142857142
0 0.3355291117722057 0.5267857142857143 0.01997450063748406 0.07305194805194805
0 0.310667233319167 0.5275974025974026 0.016149596260093498 0.05194805194805195
0 0.27624309392265195 0.5300324675324676 0.016999575010624733 0.07305194805194805
0 0.24436889077773055 0.5340909090909091 0.021249468763280918 0.07792207792207792
0 0.21206969825754357 0.5413961038961039 0.014449638759031025 0.060064935064935064
0 0.17063323416914578 0.5422077922077922 0.01572460688482788 0.048701298701298704
0 0.1440713982150446 0.5487012987012987 0.016999575010624733 0.06493506493506493
0 0.11028474288142796 0.5535714285714286 0.016574585635359115 0.05844155844155844
0 0.07586060348491287 0.5633116883116883 0.016574585635359115 0.06818181818181818
0 0.04568635784105397 0.5551948051948052 0.019124521886952826 0.06818181818181818
0 0.4596260093497663 0.22321428571428573 0.014024649383765405 0.07305194805194805
0 0.4292392690182745 0.22321428571428573 0.020399490012749683 0.06655844155844155
0 0.3960900977475563 0.2224025974025974 0.013599660008499787 0.06493506493506493
0 0.3659158521036974 0.22646103896103897 0.024649383765405864 0.0762987012987013
0 0.3015299617509562 0.23133116883116883 0.0208244793880153 0.06655844155844155
0 0.2681682957926052 0.23863636363636365 0.019549511262218443 0.08766233766233766
0 0.2362940926476838 0.24107142857142858 0.021249468763280918 0.0762987012987013
0 0.2010199745006375 0.24431818181818182 0.021249468763280918 0.08928571428571429
0 0.1364215894602635 0.2508116883116883 0.019549511262218443 0.08603896103896104
0 0.1017849553761156 0.2662337662337662 0.01572460688482788 0.08116883116883117
0 0.06884827879303017 0.2637987012987013 0.017849553761155972 0.09902597402597403
0 0.03761155971100723 0.262987012987013 0.01997450063748406 0.08441558441558442
