0 0.9287494806813461 0.14532374100719425 0.03199002908184462 0.10359712230215827
0 0.8967594515995014 0.14676258992805755 0.04196094723722476 0.11223021582733812
0 0.8645616950560864 0.15251798561151078 0.028250934773577065 0.1237410071942446
0 0.8255089322808475 0.1510791366906475 0.02658911508101371 0.12086330935251799
0 0.7951807228915663 0.1776978417266187 0.03572912339011217 0.09640287769784173
0 0.7569588699626091 0.16906474820143885 0.02658911508101371 0.11366906474820145
0 0.7249688408807644 0.1841726618705036 0.036560033236393855 0.14676258992805755
0 0.6948483589530536 0.19280575539568345 0.027835479850436228 0.11223021582733812
0 0.6630660573327793 0.20431654676258992 0.039883672621520566 0.13525179856115108
0 0.631699210635646 0.19640287769784173 0.0328209389281263 0.11366906474820145
0 0.601994183631076 0.20863309352517986 0.03489821354383049 0.09496402877697842
0 0.936643124221022 0.4136690647482014 0.03697548815953469 0.1223021582733813
0 0.9021603656003324 0.4136690647482014 0.03199002908184462 0.11942446043165468
0 0.8722476111341919 0.4179856115107914 0.037806398005816366 0.11079136690647481
0 0.8369339426672207 0.4330935251798561 0.03863730785209805 0.13237410071942446
0 0.8061902783547985 0.4366906474820144 0.0328209389281263 0.1251798561151079
0 0.7735770668882426 0.45611510791366905 0.03572912339011217 0.11223021582733812
0 0.7370170336518488 0.44676258992805756 0.017449106771915246 0.03884892086330935
0 0.70793518903199 0.4611510791366906 0.04403822185292896 0.09640287769784173
0 0.6678437889488991 0.479136690647482 0.037806398005816366 0.1093525179856115
0 0.6445783132530121 0.47266187050359715 0.027835479850436228 0.11079136690647481
0 0.6065641877856253 0.4827338129496403 0.02575820523473203 0.10215827338129496
0 0.947029497299543 0.6683453237410072 0.037806398005816366 0.11366906474820145
0 0.9142085583714167 0.6741007194244605 0.029497299542999584 0.11079136690647481
0 0.8805567095970087 0.6884892086330935 0.037806398005816366 0.11654676258992806
0 0.8471125882841711 0.7014388489208633 0.036560033236393855 0.1079136690647482
0 0.8147071042791857 0.6985611510791367 0.029912754466140425 0.09928057553956834
0 0.7818861653510594 0.7035971223021583 0.03157457415870378 0.08920863309352518
0 0.7503115911923556 0.7115107913669064 0.029912754466140425 0.09352517985611511
0 0.7166597424179476 0.7280575539568346 0.033236393851267136 0.1093525179856115
0 0.6865392604902368 0.7359712230215827 0.037806398005816366 0.11366906474820145
0 0.6535105941005401 0.7453237410071942 0.03157457415870378 0.09496402877697842
0 0.6194432904029913 0.7366906474820144 0.022434565849605317 0.04892086330935252
0 0.5623182384711258 0.2251798561151079 0.03199002908184462 0.10503597122302158
0 0.5267968425425841 0.23525179856115108 0.030743664312422102 0.07913669064748201
0 0.49605317823016204 0.24244604316546764 0.03489821354383049 0.09352517985611511
0 0.46115496468633155 0.24028776978417266 0.02658911508101371 0.060431654676258995
0 0.4308267552970503 0.25107913669064746 0.029912754466140425 0.10215827338129496
0 0.3973826339842127 0.2539568345323741 0.02700457000415455 0.06474820143884892
0 0.3651848774407977 0.260431654676259 0.03572912339011217 0.12949640287769784
0 0.300997091815538 0.2712230215827338 0.041130037390943085 0.14244604316546763
0 0.26838388034898214 0.28776978417266186 0.03489821354383049 0.13237410071942446
0 0.5716659742417948 0.4985611510791367 0.039883672621520566 0.11366906474820145
0 0.5359368508516826 0.4956834532374101 0.02658911508101371 0.08489208633093526
0 0.5058163689239717 0.5107913669064749 0.03614457831325301 0.14676258992805755
0 0.47382633984212713 0.516546762589928 0.029497299542999584 0.09784172661870504
0 0.44266722060656416 0.5215827338129496 0.03115911923556294 0.1251798561151079
0 0.41067719152471954 0.5266187050359712 0.028666389696717906 0.0920863309352518
0 0.3770253427503116 0.5424460431654676 0.041130037390943085 0.10359712230215827
0 0.3421271292064811 0.5410071942446043 0.03115911923556294 0.0920863309352518
0 0.3147071042791857 0.541726618705036 0.027835479850436228 0.11366906474820145
0 0.28334025758205234 0.5503597122302158 0.03489821354383049 0.08776978417266187
0 0.24553385957623597 0.5582733812949641 0.03240548400498546 0.0920863309352518
0 0.550477773161612 0.7618705035971223 0.024096385542168676 0.07913669064748201
0 0.5191109264644787 0.7705035971223022 0.027835479850436228 0.09640287769784173
0 0.4846281678437889 0.7683453237410072 0.022850020772746157 0.10647482014388489
0 0.4501454092230993 0.7827338129496403 0.027835479850436228 0.11510791366906475
0 0.42106356460324057 0.781294964028777 0.02700457000415455 0.08345323741007195
0 0.38824262567511425 0.7920863309352518 0.028666389696717906 0.07338129496402877
0 0.353967594515995 0.7971223021582734 0.027420024927295387 0.10071942446043165
0 0.3072289156626506 0.8129496402877698 0.02700457000415455 0.1381294964028777
0 0.2866638969671791 0.8100719424460432 0.024927295388450354 0.08057553956834532
0 0.2565434150394682 0.820863309352518 0.037806398005816366 0.11079136690647481
0 0.23847112588284172 0.28992805755395684 0.033236393851267136 0.11366906474820145
0 0.2077274615704196 0.29424460431654675 0.039052762775238885 0.13093525179856116
0 0.13523057748234316 0.3100719424460432 0.037806398005816366 0.11942446043165468
0 0.10324054840049855 0.32014388489208634 0.03199002908184462 0.11366906474820145
0 0.07187370170336518 0.32661870503597124 0.03489821354383049 0.10359712230215827
0 0.03822185292895721 0.33309352517985613 0.030743664312422102 0.13093525179856116
0 0.21333610303282094 0.5582733812949641 0.029497299542999584 0.0920863309352518
0 0.17636061487328625 0.5748201438848921 0.026173660157872872 0.10215827338129496
0 0.14810968009970918 0.5697841726618705 0.034482758620689655 0.14964028776978416
0 0.11217282924802659 0.5877697841726619 0.030743664312422102 0.1079136690647482
0 0.08080598255089323 0.5892086330935252 0.029497299542999584 0.1251798561151079
0 0.051308683007893645 0.602158273381295 0.03199002908184462 0.1079136690647482
0 0.2237224761113419 0.8244604316546763 0.019526381387619442 0.060431654676258995
0 0.18923971749065227 0.8273381294964028 0.0328209389281263 0.06906474820143885
0 0.15766514333194848 0.839568345323741 0.03365184877440797 0.09928057553956834
0 0.12796011632737847 0.8431654676258993 0.027420024927295387 0.07194244604316546
0 0.09264644786040714 0.8460431654676259 0.02658911508101371 0.08920863309352518
0 0.060448691316992105 0.8647482014388489 0.03199002908184462 0.10647482014388489
