0 0.9467247097844113 0.12606837606837606 0.030265339966832505 0.12393162393162394
0 0.9148009950248757 0.1396011396011396 0.028606965174129355 0.1168091168091168
0 0.8737562189054726 0.15954415954415954 0.036898839137645106 0.1339031339031339
0 0.8416252072968491 0.14743589743589744 0.03980099502487562 0.15242165242165243
0 0.781301824212272 0.1787749287749288 0.037728026533996685 0.10398860398860399
0 0.7452321724709784 0.1787749287749288 0.036898839137645106 0.10113960113960115
0 0.7126865671641791 0.19017094017094016 0.03233830845771144 0.09829059829059829
0 0.6803482587064676 0.19301994301994302 0.03316749585406302 0.10113960113960115
0 0.646558872305141 0.20156695156695156 0.035240464344941956 0.12108262108262108
0 0.6144278606965174 0.20584045584045585 0.03399668325041459 0.14102564102564102
0 0.582089552238806 0.2143874643874644 0.03067993366500829 0.12393162393162394
0 0.9450663349917081 0.3903133903133903 0.036069651741293535 0.13675213675213677
0 0.9112769485903814 0.400997150997151 0.03648424543946932 0.10113960113960115
0 0.8486733001658375 0.4081196581196581 0.0439469320066335 0.18091168091168092
0 0.8161276948590381 0.41951566951566954 0.027777777777777776 0.12108262108262108
0 0.7866915422885572 0.42165242165242167 0.03275290215588723 0.14245014245014245
0 0.7491708126036484 0.42663817663817666 0.0406301824212272 0.10683760683760683
0 0.7141376451077943 0.4337606837606838 0.03275290215588723 0.1267806267806268
0 0.6809701492537313 0.4565527065527066 0.04187396351575456 0.10113960113960115
0 0.6533996683250415 0.4551282051282051 0.03150912106135987 0.10398860398860399
0 0.6204394693200663 0.47293447293447294 0.036069651741293535 0.11965811965811966
0 0.5851990049751243 0.4707977207977208 0.036898839137645106 0.09544159544159544
0 0.5549336650082919 0.4886039886039886 0.0236318407960199 0.08831908831908832
0 0.9108623548922057 0.6673789173789174 0.02902155887230514 0.0811965811965812
0 0.8791459369817579 0.6716524216524217 0.01285240464344942 0.05270655270655271
0 0.8466003316749585 0.6745014245014245 0.03897180762852405 0.12962962962962962
0 0.8121890547263682 0.6958689458689459 0.03814262023217247 0.10968660968660969
0 0.7806799336650083 0.698005698005698 0.03897180762852405 0.10541310541310542
0 0.7446102819237148 0.6923076923076923 0.03565505804311774 0.13105413105413105
0 0.714759535655058 0.7172364672364673 0.04145936981757877 0.12393162393162394
0 0.681592039800995 0.7172364672364673 0.03482587064676617 0.10113960113960115
0 0.6500829187396352 0.73005698005698 0.03980099502487562 0.1267806267806268
0 0.6144278606965174 0.7364672364672364 0.03150912106135987 0.11965811965811966
0 0.5856135986733002 0.7435897435897436 0.033582089552238806 0.10541310541310542
0 0.5495439469320066 0.2215099715099715 0.033582089552238806 0.11823361823361823
0 0.5161691542288557 0.24002849002849003 0.02736318407960199 0.09259259259259259
0 0.4759535655058043 0.24857549857549857 0.03150912106135987 0.13817663817663817
0 0.4438225538971808 0.254985754985755 0.024461028192371476 0.11965811965811966
0 0.41065505804311775 0.25997150997151 0.037728026533996685 0.12962962962962962
0 0.380804311774461 0.26851851851851855 0.027777777777777776 0.09259259259259259
0 0.3175787728026534 0.2670940170940171 0.03482587064676617 0.11538461538461539
0 0.2877280265339967 0.27706552706552706 0.02736318407960199 0.12962962962962962
0 0.2570480928689884 0.2841880341880342 0.02570480928689884 0.06695156695156695
0 0.21849087893864014 0.2962962962962963 0.0406301824212272 0.09971509971509972
0 0.18055555555555555 0.30484330484330485 0.035240464344941956 0.1225071225071225
0 0.5217661691542289 0.4878917378917379 0.041044776119402986 0.10968660968660969
0 0.49087893864013266 0.4878917378917379 0.024875621890547265 0.09544159544159544
0 0.45480928689883915 0.49928774928774927 0.02155887230514096 0.06695156695156695
0 0.4210199004975124 0.5149572649572649 0.028606965174129355 0.05555555555555555
0 0.39096185737976785 0.5135327635327636 0.03150912106135987 0.11538461538461539
0 0.3536484245439469 0.5220797720797721 0.04560530679933665 0.16096866096866097
0 0.31923714759535654 0.5299145299145299 0.03980099502487562 0.16524216524216523
0 0.28503316749585406 0.5512820512820513 0.036898839137645106 0.1225071225071225
0 0.25476782752902155 0.5448717948717948 0.04021558872305141 0.11538461538461539
0 0.22512437810945274 0.5584045584045584 0.03814262023217247 0.1225071225071225
0 0.19174958540630183 0.5605413105413105 0.018656716417910446 0.0698005698005698
0 0.5491293532338308 0.7556980056980057 0.0203150912106136 0.05270655270655271
0 0.517620232172471 0.7564102564102564 0.03855721393034826 0.09401709401709402
0 0.4821724709784411 0.7678062678062678 0.03399668325041459 0.10541310541310542
0 0.45107794361525705 0.7770655270655271 0.02902155887230514 0.08974358974358974
0 0.4222636815920398 0.7834757834757835 0.03275290215588723 0.1225071225071225
0 0.3876451077943615 0.7884615384615384 0.03482587064676617 0.09829059829059829
0 0.35385572139303484 0.7898860398860399 0.041044776119402986 0.11253561253561253
0 0.32276119402985076 0.782051282051282 0.03275290215588723 0.1339031339031339
0 0.2848258706467662 0.8105413105413105 0.03897180762852405 0.1396011396011396
0 0.25290215588723053 0.8084045584045584 0.03565505804311774 0.10113960113960115
0 0.22118573797678276 0.8176638176638177 0.036069651741293535 0.09116809116809117
0 0.18428689883913765 0.8283475783475783 0.031923714759535655 0.11253561253561253
0 0.15547263681592038 0.8311965811965812 0.03980099502487562 0.1267806267806268
0 0.12251243781094527 0.8304843304843305 0.036069651741293535 0.10256410256410256
0 0.08872305140961857 0.8490028490028491 0.03399668325041459 0.12535612535612536
0 0.05679933665008292 0.8504273504273504 0.04311774461028192 0.13675213675213677
0 0.026741293532338308 0.8653846153846154 0.03275290215588723 0.10113960113960115
0 0.158167495854063 0.5698005698005698 0.028606965174129355 0.10826210826210826
0 0.12686567164179105 0.5719373219373219 0.03814262023217247 0.1267806267806268
0 0.09660033167495855 0.5819088319088319 0.03316749585406302 0.11823361823361823
0 0.060945273631840796 0.5854700854700855 0.03897180762852405 0.1339031339031339
0 0.027985074626865673 0.594017094017094 0.03109452736318408 0.1452991452991453
0 0.1519485903814262 0.3190883190883191 0.041044776119402986 0.1225071225071225
0 0.11878109452736318 0.31196581196581197 0.033582089552238806 0.13105413105413105
0 0.08271144278606965 0.3368945868945869 0.036069651741293535 0.12393162393162394
0 0.05286069651741294 0.33618233618233617 0.027777777777777776 0.09116809116809117
0 0.024461028192371476 0.32905982905982906 0.03565505804311774 0.1339031339031339
