0 0.8904941373534339 0.14902363823227133 0.032244556113902846 0.0842754367934224
0 0.8576214405360134 0.16238437821171633 0.02847571189279732 0.06372045220966084
0 0.8266331658291457 0.17163412127440905 0.035175879396984924 0.07810894141829394
0 0.7916666666666666 0.18705035971223022 0.03726968174204355 0.08633093525179857
0 0.7621440536013401 0.20349434737923947 0.03350083752093802 0.0842754367934224
0 0.7317839195979899 0.21685508735868447 0.031407035175879394 0.06783144912641316
0 0.6989112227805695 0.2312435765673176 0.032663316582914576 0.07810894141829394
0 0.6635259631490787 0.2538540596094553 0.03391959798994975 0.08633093525179857
0 0.6283500837520938 0.26156217882836585 0.032244556113902846 0.09146968139773895
0 0.9055695142378559 0.32579650565262075 0.04061976549413735 0.07194244604316546
0 0.8687185929648241 0.34635149023638234 0.0330820770519263 0.0698869475847893
0 0.8362646566164154 0.35611510791366907 0.03015075376884422 0.06680369989722508
0 0.8059045226130653 0.3648509763617677 0.028056951423785594 0.06783144912641316
0 0.7726130653266332 0.3879753340184995 0.04103852596314908 0.09558067831449127
0 0.7399497487437185 0.4033915724563207 0.02931323283082077 0.0750256937307297
0 0.7110552763819096 0.4136690647482014 0.03433835845896147 0.07091469681397738
0 0.6739949748743719 0.4239465570400822 0.029731993299832497 0.06063720452209661
0 0.9277638190954773 0.5041109969167523 0.04396984924623116 0.09146968139773895
0 0.8963567839195979 0.5246659815005139 0.0364321608040201 0.08941418293936279
0 0.8636934673366834 0.5380267214799589 0.027219430485762145 0.06269270298047276
0 0.8318676716917923 0.5452209660842754 0.0330820770519263 0.08530318602261049
0 0.8004606365159129 0.5585817060637205 0.038944723618090454 0.09146968139773895
0 0.7675879396984925 0.5822199383350463 0.02847571189279732 0.08119218910585817
0 0.7330402010050251 0.5950668036998972 0.03559463986599665 0.07605344295991778
0 0.6982830820770519 0.6109969167523125 0.031407035175879394 0.08324768756423433
0 0.6668760469011725 0.6202466598150052 0.0347571189279732 0.08735868448098665
0 0.634212730318258 0.6408016443987667 0.032244556113902846 0.08941418293936279
0 0.605108877721943 0.6500513874614594 0.03433835845896147 0.09352517985611511
0 0.5743299832495813 0.6603288797533402 0.030569514237855946 0.08941418293936279
0 0.6415410385259631 0.44964028776978415 0.03433835845896147 0.08324768756423433
0 0.6101340033500837 0.45477903391572455 0.03350083752093802 0.07091469681397738
0 0.5653266331658291 0.2954779033915725 0.03098827470686767 0.07708119218910586
0 0.5337102177554439 0.3052415210688592 0.03391959798994975 0.07810894141829394
0 0.5008375209380235 0.3175745118191161 0.02680067001675042 0.07194244604316546
0 0.4696398659966499 0.33093525179856115 0.03391959798994975 0.0842754367934224
0 0.5766331658291457 0.4696813977389517 0.021775544388609715 0.051387461459403906
0 0.5448073701842546 0.4886947584789311 0.038525963149078725 0.11202466598150052
0 0.5129815745393634 0.49743062692702983 0.03098827470686767 0.07810894141829394
0 0.478643216080402 0.5200411099691675 0.04103852596314908 0.0986639260020555
0 0.4453517587939699 0.5164439876670093 0.032244556113902846 0.08530318602261049
0 0.539572864321608 0.6767728674203495 0.031407035175879394 0.07913669064748201
0 0.5054438860971524 0.6906474820143885 0.03433835845896147 0.09044193216855087
0 0.47675879396984927 0.7076053442959918 0.028056951423785594 0.07913669064748201
0 0.4388609715242881 0.3432682425488181 0.03433835845896147 0.07810894141829394
0 0.4082914572864322 0.3545734840698869 0.03768844221105527 0.10071942446043165
0 0.3793969849246231 0.3725590955806783 0.025963149078726967 0.07297019527235354
0 0.3481993299832496 0.39003083247687564 0.0364321608040201 0.07708119218910586
0 0.3195142378559464 0.4013360739979445 0.036013400335008376 0.08324768756423433
0 0.2891541038525963 0.41264131551901334 0.027219430485762145 0.05447070914696814
0 0.25607202680067004 0.4290853031860226 0.032244556113902846 0.07708119218910586
0 0.2242462311557789 0.4465570400822199 0.0364321608040201 0.08941418293936279
0 0.16101340033500838 0.47070914696813976 0.03391959798994975 0.09249743062692703
0 0.09757118927973199 0.501027749229188 0.02847571189279732 0.06680369989722508
0 0.06658291457286432 0.5097636176772867 0.03768844221105527 0.09455292908530319
0 0.039782244556113906 0.5282631038026722 0.019262981574539362 0.04316546762589928
0 0.3907035175879397 0.5488180883864338 0.03685092127303183 0.08633093525179857
0 0.35804020100502515 0.566289825282631 0.032663316582914576 0.07605344295991778
0 0.3295644891122278 0.579136690647482 0.035175879396984924 0.08530318602261049
0 0.2943886097152429 0.5924974306269271 0.03015075376884422 0.08941418293936279
0 0.2657035175879397 0.6156217882836588 0.029731993299832497 0.07399794450154162
0 0.2382747068676717 0.618191161356629 0.036013400335008376 0.08530318602261049
0 0.20247068676716917 0.631551901336074 0.027219430485762145 0.0750256937307297
0 0.1731574539363484 0.6490236382322713 0.0347571189279732 0.09969167523124357
0 0.13819095477386933 0.6644398766700925 0.032663316582914576 0.08119218910585817
0 0.10950586264656617 0.6752312435765673 0.028056951423785594 0.065775950668037
0 0.07579564489112228 0.6911613566289825 0.04187604690117253 0.08941418293936279
0 0.04669179229480737 0.710174717368962 0.028056951423785594 0.07605344295991778
0 0.44430485762144056 0.7158273381294964 0.03015075376884422 0.07913669064748201
0 0.41603852596314905 0.736896197327852 0.0364321608040201 0.11099691675231244
0 0.3850502512562814 0.750256937307297 0.03726968174204355 0.10688591983556012
0 0.3544807370184255 0.762589928057554 0.0347571189279732 0.10071942446043165
0 0.32474874371859297 0.7774922918807811 0.03726968174204355 0.10174717368961973
0 0.2933417085427136 0.7877697841726619 0.032244556113902846 0.10585817060637205
0 0.26214405360134 0.7959917780061665 0.03015075376884422 0.07297019527235354
0 0.2275963149078727 0.8144912641315519 0.032244556113902846 0.0750256937307297
0 0.1961892797319933 0.8299075025693731 0.030569514237855946 0.08735868448098665
0 0.16750418760469013 0.8381294964028777 0.032663316582914576 0.08119218910585817
0 0.1350502512562814 0.8633093525179856 0.03726968174204355 0.09249743062692703
0 0.10301507537688442 0.868448098663926 0.03015075376884422 0.08221993833504625
0 0.06742043551088778 0.8843782117163412 0.036013400335008376 0.08735868448098665
