0 0.02452471482889734 0.4340159271899886 0.01634980988593156 0.04664391353811149
0 0.056463878326996196 0.40784982935153585 0.028517110266159697 0.06939704209328783
0 0.08193916349809886 0.4124004550625711 0.017870722433460075 0.06939704209328783
0 0.11159695817490495 0.40671217292377704 0.03384030418250951 0.07394766780432309
0 0.14391634980988594 0.3981797497155859 0.030798479087452472 0.07963594994311718
0 0.17395437262357413 0.36575654152445963 0.022433460076045627 0.06257110352673492
0 0.2047528517110266 0.3640500568828214 0.02091254752851711 0.05005688282138794
0 0.23403041825095058 0.3464163822525597 0.02167300380228137 0.0671217292377702
0 0.2623574144486692 0.34584755403868034 0.015209125475285171 0.05460750853242321
0 0.29581749049429656 0.32707622298065986 0.01977186311787072 0.048919226393629126
0 0.32756653992395435 0.3100113765642776 0.01634980988593156 0.06484641638225255
0 0.35551330798479086 0.31683731513083047 0.013688212927756654 0.05802047781569966
0 0.38631178707224334 0.28668941979522183 0.02053231939163498 0.05688282138794084
0 0.02832699619771863 0.6621160409556314 0.023193916349809884 0.07281001137656427
0 0.05665399239543726 0.6427758816837316 0.03650190114068441 0.06598407281001138
0 0.08098859315589353 0.6291240045506257 0.02129277566539924 0.05915813424345848
0 0.10950570342205324 0.6222980659840728 0.028136882129277566 0.06143344709897611
0 0.14258555133079848 0.6103526734926052 0.01977186311787072 0.07622298065984073
0 0.1614068441064639 0.5984072810011376 0.02167300380228137 0.06598407281001138
0 0.19657794676806084 0.5875995449374289 0.023574144486692015 0.06939704209328783
0 0.22889733840304183 0.5824800910125142 0.022053231939163497 0.07281001137656427
0 0.2692015209125475 0.5637087599544938 0.01977186311787072 0.051194539249146756
0 0.28916349809885933 0.5546075085324232 0.02167300380228137 0.055745164960182024
0 0.3228136882129278 0.5415244596131968 0.01977186311787072 0.07281001137656427
0 0.3505703422053232 0.5244596131968146 0.01977186311787072 0.07281001137656427
0 0.39144486692015207 0.5142207053469852 0.03688212927756654 0.09101251422070535
0 0.06577946768060837 0.8498293515358362 0.019011406844106463 0.05915813424345848
0 0.08326996197718631 0.8418657565415245 0.018250950570342206 0.07281001137656427
0 0.11653992395437263 0.8310580204778157 0.030798479087452472 0.055745164960182024
0 0.14714828897338403 0.8225255972696246 0.022053231939163497 0.06825938566552901
0 0.16844106463878328 0.8185437997724687 0.02585551330798479 0.07167235494880546
0 0.20456273764258556 0.7889647326507395 0.026615969581749048 0.0671217292377702
0 0.2355513307984791 0.7787258248009101 0.022433460076045627 0.06939704209328783
0 0.25874524714828895 0.7753128555176336 0.027756653992395436 0.07622298065984073
0 0.2885931558935361 0.7593856655290102 0.02737642585551331 0.06484641638225255
0 0.3231939163498099 0.7514220705346986 0.03269961977186312 0.07622298065984073
0 0.3517110266159696 0.7428896473265074 0.012927756653992395 0.038680318543799774
0 0.38574144486692014 0.7303754266211604 0.03612167300380228 0.09101251422070535
0 0.4180608365019011 0.7212741751990899 0.030798479087452472 0.05688282138794084
0 0.45019011406844106 0.7036405005688282 0.019011406844106463 0.055745164960182024
0 0.4747148288973384 0.6968145620022753 0.02623574144486692 0.07167235494880546
0 0.5055133079847909 0.6945392491467577 0.02091254752851711 0.06029579067121729
0 0.5344106463878328 0.6808873720136519 0.022433460076045627 0.07394766780432309
0 0.5593155893536121 0.6712172923777019 0.02053231939163498 0.05233219567690557
0 0.41692015209125477 0.5034129692832765 0.019391634980988594 0.051194539249146756
0 0.4098859315589354 0.28896473265073946 0.02585551330798479 0.07963594994311718
0 0.44543726235741443 0.2633674630261661 0.023193916349809884 0.053469852104664393
0 0.47509505703422056 0.2565415244596132 0.03460076045627376 0.07622298065984073
0 0.505893536121673 0.2582480091012514 0.017110266159695818 0.040955631399317405
0 0.5239543726235741 0.24744027303754265 0.016730038022813688 0.051194539249146756
0 0.5532319391634981 0.23890784982935154 0.029657794676806085 0.06598407281001138
0 0.4532319391634981 0.4869169510807736 0.02129277566539924 0.06143344709897611
0 0.4777566539923954 0.47554038680318544 0.02167300380228137 0.06370875995449374
0 0.5376425855513308 0.4613196814562002 0.022813688212927757 0.06257110352673492
0 0.5625475285171103 0.4482366325369738 0.018631178707224333 0.05915813424345848
0 0.5967680608365019 0.43629124004550623 0.017870722433460075 0.04436860068259386
0 0.626615969581749 0.4351535836177474 0.024334600760456272 0.03981797497155859
0 0.6307984790874525 0.20762229806598406 0.018250950570342206 0.03981797497155859
0 0.6570342205323194 0.189419795221843 0.018250950570342206 0.053469852104664393
0 0.6923954372623574 0.18543799772468714 0.01977186311787072 0.05688282138794084
0 0.7224334600760456 0.18088737201365188 0.023574144486692015 0.06370875995449374
0 0.661787072243346 0.4118316268486917 0.018631178707224333 0.06598407281001138
0 0.6906844106463879 0.4124004550625711 0.019391634980988594 0.05802047781569966
0 0.7216730038022814 0.3924914675767918 0.026615969581749048 0.06598407281001138
0 0.7484790874524715 0.3919226393629124 0.02091254752851711 0.05802047781569966
0 0.5935361216730038 0.6621160409556314 0.023574144486692015 0.05688282138794084
0 0.6273764258555133 0.6405005688282139 0.025095057034220533 0.07736063708759955
0 0.649809885931559 0.6359499431171786 0.024334600760456272 0.05460750853242321
0 0.6922053231939164 0.6200227531285551 0.02699619771863118 0.05915813424345848
0 0.7539923954372624 0.161547212741752 0.025095057034220533 0.07053469852104664
0 0.7804182509505704 0.15017064846416384 0.023954372623574145 0.04323094425483504
0 0.8125475285171103 0.13993174061433447 0.01977186311787072 0.04550625711035267
0 0.8488593155893536 0.12116040955631399 0.022433460076045627 0.06029579067121729
0 0.8726235741444867 0.12002275312855518 0.02053231939163498 0.055745164960182024
0 0.8965779467680608 0.11376564277588168 0.01749049429657795 0.04323094425483504
0 0.9346007604562737 0.10466439135381114 0.018250950570342206 0.04323094425483504
0 0.9655893536121672 0.08589306029579068 0.018631178707224333 0.048919226393629126
0 0.7817490494296578 0.37599544937428897 0.023574144486692015 0.06257110352673492
0 0.8136882129277566 0.3572241183162685 0.028136882129277566 0.07053469852104664
0 0.8374524714828897 0.3583617747440273 0.02015209125475285 0.06370875995449374
0 0.8714828897338402 0.3378839590443686 0.015209125475285171 0.05688282138794084
0 0.9076045627376426 0.3265073947667804 0.018250950570342206 0.07053469852104664
0 0.9439163498098859 0.3179749715585893 0.017110266159695818 0.06939704209328783
0 0.9716730038022814 0.30773606370875994 0.023193916349809884 0.051194539249146756
0 0.7222433460076045 0.6063708759954494 0.02623574144486692 0.06825938566552901
0 0.7595057034220533 0.6018202502844141 0.03307984790874525 0.06825938566552901
0 0.8104562737642586 0.5819112627986348 0.03612167300380228 0.06484641638225255
0 0.8494296577946768 0.5642775881683731 0.028897338403041824 0.07963594994311718
0 0.8785171102661598 0.5637087599544938 0.028517110266159697 0.055745164960182024
0 0.905893536121673 0.5460750853242321 0.027756653992395436 0.07053469852104664
0 0.9374524714828897 0.5449374288964732 0.022433460076045627 0.06598407281001138
0 0.9593155893536122 0.5301478953356087 0.01977186311787072 0.06598407281001138
