0 0.2504357931435212 0.07113583138173302 0.03137710633352702 0.012295081967213115
0 0.15804764671702498 0.359192037470726 0.020918070889018012 0.03337236533957846
0 0.5987797791981406 0.3618266978922717 0.01568855316676351 0.0351288056206089
0 0.13393375944218477 0.634367681498829 0.031958163858221963 0.024004683840749413
0 0.19814061592097618 0.634367681498829 0.03137710633352702 0.011124121779859485
0 0.4442184776292853 0.5076112412177985 0.0168506682161534 0.01990632318501171
0 0.7469494479953516 0.5084894613583139 0.02149912841371296 0.020491803278688523
0 0.054909936083672284 0.20901639344262296 0.02149912841371296 0.03278688524590164
0 0.6388727484020919 0.5128805620608899 0.011040092969203951 0.026932084309133488
0 0.905868680999419 0.9440866510538641 0.018593840790238233 0.014637002341920375
0 0.37972109238814644 0.7909836065573771 0.02033701336432307 0.02224824355971897
0 0.9500290528762347 0.22570257611241218 0.013945380592678676 0.027517564402810304
0 0.29343404997094713 0.06820843091334895 0.03137710633352702 0.008782201405152224
0 0.7449157466589192 0.9399882903981265 0.02672864613596746 0.008782201405152224
0 0.5290528762347473 0.07347775175644028 0.011040092969203951 0.012295081967213115
0 0.8553166763509588 0.3711943793911007 0.013945380592678676 0.03278688524590164
0 0.7899477048227774 0.7927400468384075 0.01220220801859384 0.02459016393442623
0 0.44683323649041257 0.6349531615925058 0.02672864613596746 0.031030444964871194
0 0.5505520046484602 0.36768149882903983 0.02149912841371296 0.03395784543325527
0 0.35008715862870426 0.5002927400468384 0.03428239395700174 0.014637002341920375
0 0.024694944799535153 0.7836651053864169 0.011040092969203951 0.018149882903981264
0 0.5720511330621731 0.6337822014051522 0.01452643811737362 0.014637002341920375
0 0.30708890180127835 0.6364168618266979 0.0168506682161534 0.0351288056206089
0 0.8602556653108657 0.08108899297423888 0.02033701336432307 0.006440281030444965
0 0.5920976176641487 0.2186768149882904 0.018593840790238233 0.020491803278688523
0 0.2411388727484021 0.498536299765808 0.03253922138291691 0.008782201405152224
0 0.9857640906449738 0.3785128805620609 0.011040092969203951 0.011124121779859485
0 0.5796048808832074 0.792447306791569 0.023823358512492735 0.029859484777517563
0 0.9552585705984893 0.9473067915690867 0.02672864613596746 0.0117096018735363
0 0.6490412550842534 0.367096018735363 0.016269610691458453 0.03161592505854801
0 0.49709471237652525 0.3635831381733021 0.01568855316676351 0.040983606557377046
0 0.6208599651365485 0.07347775175644028 0.01801278326554329 0.018149882903981264
0 0.4081929110981987 0.21428571428571427 0.03660662405578152 0.01053864168618267
0 0.2986635676932016 0.36563231850117095 0.02556653108657757 0.009953161592505855
0 0.5493898895990703 0.21809133489461358 0.031958163858221963 0.013466042154566744
0 0.5955839628123184 0.5038056206088993 0.020918070889018012 0.028688524590163935
0 0.5822196397443347 0.06762295081967214 0.018593840790238233 0.020491803278688523
0 0.8483439860546194 0.5002927400468384 0.023242300987797792 0.014637002341920375
0 0.11098198721673445 0.2066744730679157 0.03137710633352702 0.02810304449648712
0 0.10197559558396281 0.36416861826697894 0.03312027890761186 0.01756440281030445
0 0.043288785589773386 0.3632903981264637 0.03428239395700174 0.020491803278688523
0 0.4314352120859965 0.9317915690866511 0.006391632771644393 0.013466042154566744
0 0.13625798954096455 0.7851288056206089 0.023823358512492735 0.02224824355971897
0 0.4020918070889018 0.07230679156908665 0.013945380592678676 0.009953161592505855
0 0.7399767576990122 0.6437353629976581 0.029633933759442184 0.011124121779859485
0 0.15485183033120278 0.20813817330210774 0.03312027890761186 0.016978922716627636
0 0.03282975014526438 0.9338407494145199 0.0168506682161534 0.02107728337236534
0 0.9578733294596165 0.38026932084309134 0.02149912841371296 0.028688524590163935
0 0.8004067402672864 0.6405152224824356 0.03776873910517141 0.01053864168618267
0 0.6958163858221964 0.6367096018735363 0.02266124346310285 0.027517564402810304
0 0.44973852411388726 0.36007025761124123 0.02440441603718768 0.02224824355971897
0 0.1946542707728065 0.7927400468384075 0.02440441603718768 0.03161592505854801
0 0.34805345729227194 0.6334894613583139 0.02556653108657757 0.02810304449648712
0 0.5267286461359675 0.7871779859484778 0.01568855316676351 0.026346604215456676
0 0.20249854735618827 0.2148711943793911 0.0168506682161534 0.02224824355971897
0 0.044160371876815804 0.49473067915690866 0.022080185938407902 0.01990632318501171
0 0.704822777454968 0.21282201405152223 0.0337013364323068 0.024004683840749413
0 0.8506682161533992 0.6375878220140515 0.03602556653108658 0.01990632318501171
0 0.573213248111563 0.9335480093676815 0.01336432306798373 0.009953161592505855
0 0.3919233004067403 0.9285714285714286 0.009877977919814061 0.01756440281030445
0 0.14381173736199884 0.502927400468384 0.03428239395700174 0.01288056206088993
0 0.5403834979662987 0.6372950819672131 0.0337013364323068 0.009953161592505855
0 0.305055200464846 0.21370023419203746 0.022080185938407902 0.0234192037470726
0 0.8271353864032539 0.07845433255269321 0.01336432306798373 0.02459016393442623
0 0.2832655432887856 0.7848360655737705 0.01917489831493318 0.026346604215456676
0 0.674026728646136 0.0740632318501171 0.017431725740848343 0.020491803278688523
0 0.5427077280650784 0.507903981264637 0.017431725740848343 0.03571428571428571
0 0.20075537478210342 0.5017564402810304 0.01336432306798373 0.02927400468384075
0 0.8079604880883208 0.21692037470725994 0.01917489831493318 0.020491803278688523
0 0.7568274259151656 0.3709016393442623 0.01220220801859384 0.03337236533957846
0 0.038059267867518884 0.6302693208430913 0.024985473561882625 0.020491803278688523
0 0.9006391632771644 0.22540983606557377 0.010459035444509006 0.03278688524590164
0 0.9520627542126671 0.6440281030444965 0.01336432306798373 0.02459016393442623
0 0.09848925043579314 0.6317330210772834 0.01801278326554329 0.026932084309133488
0 0.11708309122603137 0.9265222482435597 0.01801278326554329 0.020491803278688523
0 0.9023823358512493 0.37265807962529274 0.018593840790238233 0.029859484777517563
0 0.9424753050552005 0.502927400468384 0.019755955839628123 0.0234192037470726
0 0.24811156304474144 0.36211943793911006 0.010459035444509006 0.019320843091334895
0 0.8065078442765834 0.3796838407494145 0.022080185938407902 0.022833723653395786
0 0.33643230679837305 0.7874707259953162 0.013945380592678676 0.02576112412177986
0 0.4009296920395119 0.6358313817330211 0.020918070889018012 0.02224824355971897
0 0.7806507844276583 0.07347775175644028 0.01336432306798373 0.020491803278688523
0 0.48895990703079606 0.7898126463700235 0.01336432306798373 0.026932084309133488
0 0.45613015688553166 0.21165105386416863 0.02905287623474724 0.032201405152224825
0 0.6240557815223707 0.7883489461358314 0.0337013364323068 0.012295081967213115
0 0.5052295177222546 0.20930913348946137 0.027309703660662404 0.022833723653395786
0 0.8527019174898315 0.22482435597189696 0.01452643811737362 0.02927400468384075
0 0.20162696106914585 0.3553864168618267 0.02440441603718768 0.02224824355971897
0 0.3599651365485183 0.3720725995316159 0.01801278326554329 0.028688524590163935
0 0.6499128413712958 0.21604215456674472 0.01917489831493318 0.03161592505854801
0 0.242300987797792 0.7839578454332553 0.020918070889018012 0.01053864168618267
0 0.6984311446833237 0.36885245901639346 0.015107495642068565 0.02459016393442623
0 0.25421266705403833 0.20989461358313818 0.026147588611272515 0.016978922716627636
0 0.08483439860546194 0.7865925058548009 0.013945380592678676 0.03337236533957846
0 0.8942475305055201 0.5131733021077284 0.015107495642068565 0.024004683840749413
0 0.6952353282975015 0.509367681498829 0.023823358512492735 0.03395784543325527
0 0.7408483439860546 0.7930327868852459 0.022080185938407902 0.024004683840749413
0 0.36461359674607785 0.2154566744730679 0.0168506682161534 0.0234192037470726
0 0.4907030796048809 0.6378805620608899 0.024985473561882625 0.019320843091334895
0 0.7925624636839047 0.5084894613583139 0.023242300987797792 0.018149882903981264
0 0.8968622893666472 0.7965456674473068 0.02033701336432307 0.025175644028103045
0 0.3968622893666473 0.5055620608899297 0.018593840790238233 0.022833723653395786
0 0.8864032539221383 0.640807962529274 0.03776873910517141 0.011124121779859485
0 0.8021499128413713 0.9432084309133489 0.011040092969203951 0.02459016393442623
0 0.2391051714119698 0.9317915690866511 0.01917489831493318 0.013466042154566744
0 0.4915746658919233 0.07259953161592506 0.006972690296339338 0.00936768149882904
0 0.9584543869843114 0.08372365339578454 0.0168506682161534 0.00936768149882904
0 0.9192330040674027 0.07962529274004684 0.015107495642068565 0.01288056206088993
0 0.6295758280069726 0.9338407494145199 0.01801278326554329 0.02459016393442623
0 0.6638582219639745 0.9391100702576113 0.04009296920395119 0.02459016393442623
