0 0.017871017871017872 0.6925643469971401 0.021756021756021756 0.06387035271687322
0 0.03146853146853147 0.8574833174451859 0.017094017094017096 0.04861773117254528
0 0.04972804972804973 0.8598665395614872 0.016317016317016316 0.0438512869399428
0 0.08352758352758352 0.8374642516682554 0.021756021756021756 0.05624404194470925
0 0.11674436674436675 0.8198284080076264 0.0236985236985237 0.04575786463298379
0 0.1445221445221445 0.8098188751191611 0.024087024087024088 0.06196377502383222
0 0.18667443667443667 0.7955195424213537 0.020590520590520592 0.05433746425166826
0 0.20745920745920746 0.7797902764537655 0.019425019425019424 0.04575786463298379
0 0.2338772338772339 0.763584366062917 0.017094017094017096 0.05338417540514776
0 0.2707847707847708 0.7469018112488084 0.019425019425019424 0.052430886558627265
0 0.2618492618492618 0.561487130600572 0.024864024864024864 0.055290753098188754
0 0.22804972804972806 0.5877025738798856 0.021756021756021756 0.06768350810295519
0 0.20221445221445222 0.6039084842707341 0.020590520590520592 0.037178265014299335
0 0.17501942501942502 0.6163012392755005 0.027583527583527584 0.06387035271687322
0 0.14316239316239315 0.6301239275500476 0.020590520590520592 0.05338417540514776
0 0.11013986013986014 0.6401334604385128 0.024475524475524476 0.05052430886558627
0 0.0777000777000777 0.6601525262154433 0.021756021756021756 0.042897998093422304
0 0.05283605283605284 0.49046711153479505 0.020202020202020204 0.04861773117254528
0 0.07536907536907538 0.4833174451858913 0.023310023310023312 0.034318398474737846
0 0.10819735819735819 0.4661582459485224 0.022144522144522144 0.061010486177311724
0 0.14005439005439005 0.45281220209723544 0.02292152292152292 0.07435653002859867
0 0.16569541569541568 0.4489990467111535 0.025252525252525252 0.061010486177311724
0 0.19172494172494173 0.4265967588179218 0.026029526029526028 0.058150619637750235
0 0.2261072261072261 0.4065776930409914 0.01554001554001554 0.05624404194470925
0 0.25466200466200467 0.38703527168732127 0.033022533022533024 0.061010486177311724
0 0.29001554001554003 0.3841754051477598 0.02292152292152292 0.055290753098188754
0 0.31993006993006995 0.3617731172545281 0.026029526029526028 0.042897998093422304
0 0.3442113442113442 0.3555767397521449 0.028749028749028748 0.05147759771210677
0 0.37315462315462317 0.3317445185891325 0.027583527583527584 0.04194470924690181
0 0.29215229215229216 0.5476644423260247 0.023310023310023312 0.052430886558627265
0 0.31643356643356646 0.5476644423260247 0.01825951825951826 0.044804575786463297
0 0.3463480963480963 0.5228789323164919 0.029137529137529136 0.052430886558627265
0 0.38073038073038074 0.5123927550047664 0.02641802641802642 0.06005719733079123
0 0.41181041181041184 0.5 0.02641802641802642 0.06196377502383222
0 0.4423076923076923 0.47569113441372735 0.02836052836052836 0.06482364156339371
0 0.47183372183372185 0.45567206863679693 0.025252525252525252 0.05338417540514776
0 0.4024864024864025 0.32125834127740704 0.012432012432012432 0.02669208770257388
0 0.3032245532245532 0.7368922783603432 0.022144522144522144 0.0667302192564347
0 0.32634032634032634 0.7244995233555768 0.023310023310023312 0.04957102001906578
0 0.36421911421911424 0.7035271687321258 0.027583527583527584 0.057197330791229746
0 0.38733488733488736 0.6892278360343184 0.024087024087024088 0.061010486177311724
0 0.4160839160839161 0.6830314585319351 0.029526029526029528 0.06387035271687322
0 0.45376845376845376 0.6601525262154433 0.030303030303030304 0.06387035271687322
0 0.47882672882672883 0.6515729265967588 0.025252525252525252 0.06959008579599618
0 0.5062160062160063 0.6334604385128694 0.024087024087024088 0.05433746425166826
0 0.5378787878787878 0.6148713060057197 0.020590520590520592 0.055290753098188754
0 0.5621600621600622 0.6048617731172545 0.028749028749028748 0.04861773117254528
0 0.5087412587412588 0.44852240228789325 0.022144522144522144 0.06196377502383222
0 0.5304972804972805 0.4380362249761678 0.01825951825951826 0.03336510962821735
0 0.5868298368298368 0.40085795996186846 0.019813519813519812 0.042897998093422304
0 0.6025641025641025 0.40371782650142995 0.020202020202020204 0.06387035271687322
0 0.6396658896658897 0.563393708293613 0.019036519036519036 0.0438512869399428
0 0.4353146853146853 0.30409914204003813 0.024475524475524476 0.04575786463298379
0 0.46153846153846156 0.28789323164918973 0.023310023310023312 0.04003813155386082
0 0.4898989898989899 0.2778836987607245 0.02641802641802642 0.058150619637750235
0 0.5295260295260296 0.25738798856053385 0.020202020202020204 0.04957102001906578
0 0.6581196581196581 0.55767397521449 0.019425019425019424 0.05147759771210677
0 0.6895881895881896 0.5357483317445186 0.027972027972027972 0.0667302192564347
0 0.7247474747474747 0.5247855100095329 0.020590520590520592 0.052430886558627265
0 0.743006993006993 0.5204957102001907 0.01825951825951826 0.032411820781696854
0 0.782051282051282 0.4909437559580553 0.02564102564102564 0.05910390848427073
0 0.8088578088578089 0.4809342230695901 0.02641802641802642 0.052430886558627265
0 0.7082362082362083 0.34127740705433746 0.024087024087024088 0.05147759771210677
0 0.5594405594405595 0.24213536701620592 0.024087024087024088 0.04957102001906578
0 0.5909090909090909 0.22735938989513824 0.023310023310023312 0.06005719733079123
0 0.6132478632478633 0.21830314585319352 0.019813519813519812 0.05910390848427073
0 0.6462703962703963 0.1982840800762631 0.029137529137529136 0.06291706387035272
0 0.6831779331779332 0.17349857006673022 0.0236985236985237 0.05338417540514776
0 0.7049339549339549 0.16587225929456625 0.01825951825951826 0.04003813155386082
0 0.7375679875679876 0.3374642516682555 0.029914529914529916 0.061010486177311724
0 0.7977855477855478 0.3031458531935176 0.029137529137529136 0.05910390848427073
0 0.7453379953379954 0.14489990467111535 0.02836052836052836 0.05147759771210677
0 0.7696192696192696 0.1334604385128694 0.023310023310023312 0.04194470924690181
0 0.7991452991452992 0.1215443279313632 0.022533022533022532 0.05433746425166826
0 0.8414918414918415 0.29837940896091514 0.022533022533022532 0.0438512869399428
0 0.8624708624708625 0.26739752144899903 0.02641802641802642 0.07530981887511916
0 0.8333333333333334 0.10581506196377502 0.02097902097902098 0.05338417540514776
0 0.8587801087801088 0.08913250714966635 0.02836052836052836 0.05052430886558627
0 0.8791763791763791 0.44566253574833176 0.021756021756021756 0.06196377502383222
0 0.9044289044289044 0.43183984747378457 0.023310023310023312 0.04957102001906578
0 0.9364801864801865 0.42278360343183985 0.019036519036519036 0.058150619637750235
0 0.9603729603729604 0.4113441372735939 0.024864024864024864 0.052430886558627265
0 0.898989898989899 0.25119161105815063 0.027195027195027196 0.06005719733079123
0 0.9254079254079254 0.24165872259294566 0.02564102564102564 0.05624404194470925
0 0.952020202020202 0.22974261201143947 0.026029526029526028 0.055290753098188754
0 0.89005439005439 0.07816968541468065 0.028749028749028748 0.057197330791229746
0 0.9226884226884227 0.06339370829361296 0.024087024087024088 0.058150619637750235
0 0.9506604506604507 0.05290753098188751 0.022533022533022532 0.058150619637750235
0 0.9897047397047397 0.3913250714966635 0.019813519813519812 0.05433746425166826
0 0.9842657342657343 0.029551954242135366 0.021367521367521368 0.047664442326024785
0 0.8422688422688422 0.4652049571020019 0.010878010878010878 0.020972354623450904
