0 0.4897528631705847 0.11701277955271565 0.06690777576853527 0.08067092651757188
0 0.36618444846292947 0.9305111821086262 0.045207956600361664 0.07348242811501597
0 0.030138637733574444 0.9436900958466453 0.04701627486437613 0.05990415335463259
0 0.08981314044605183 0.14376996805111822 0.05304400241109102 0.06070287539936102
0 0.8188667872212176 0.43410543130990414 0.04038577456298975 0.05990415335463259
0 0.024110910186859555 0.46445686900958466 0.03616636528028933 0.0902555910543131
0 0.24110910186859555 0.9325079872204473 0.05907172995780591 0.06469648562300319
0 0.49819168173598555 0.44009584664536744 0.046413502109704644 0.07667731629392971
0 0.687462326702833 0.7595846645367412 0.060880048221820374 0.06070287539936102
0 0.7531645569620253 0.7575878594249201 0.05726341169379144 0.06309904153354633
0 0.8984327908378541 0.9017571884984026 0.05244122965641953 0.05750798722044728
0 0.47257383966244726 0.4480830670926518 0.03496081977094635 0.06549520766773163
0 0.8351416515973478 0.90814696485623 0.047619047619047616 0.07028753993610223
0 0.11995177817962628 0.6234025559105432 0.04822182037371911 0.05351437699680511
0 0.5898131404460518 0.6010383386581469 0.05726341169379144 0.06469648562300319
0 0.9104882459312839 0.26277955271565495 0.050030138637733576 0.07667731629392971
0 0.16817359855334538 0.2955271565495208 0.056660638939119955 0.0926517571884984
0 0.15310427968655818 0.7863418530351438 0.06027727546714889 0.07108626198083066
0 0.3206751054852321 0.6178115015974441 0.039783001808318265 0.07268370607028754
0 0.8713080168776371 0.4237220447284345 0.044002411091018684 0.07907348242811502
0 0.4240506329113924 0.7727635782747604 0.0644966847498493 0.08226837060702875
0 0.43731163351416513 0.9293130990415336 0.05244122965641953 0.05990415335463259
0 0.9804098854731766 0.6018370607028753 0.0379746835443038 0.051916932907348244
0 0.7070524412296564 0.2731629392971246 0.028933092224231464 0.0463258785942492
0 0.25406871609403253 0.6198083067092651 0.05123568414707655 0.07667731629392971
0 0.21488848704038577 0.45726837060702874 0.045207956600361664 0.07747603833865814
0 0.3716094032549729 0.2895367412140575 0.05364677516576251 0.0950479233226837
0 0.6305003013863774 0.9141373801916933 0.0433996383363472 0.08067092651757188
0 0.55666063893912 0.7659744408945687 0.060880048221820374 0.07667731629392971
0 0.35051235684147075 0.7767571884984026 0.07172995780590717 0.07587859424920128
0 0.7049427365883062 0.1178115015974441 0.04038577456298975 0.05990415335463259
0 0.094333936106088 0.9416932907348243 0.03918022905364678 0.054313099041533544
0 0.21699819168173598 0.777555910543131 0.07836045810729356 0.08226837060702875
0 0.30620855937311636 0.2919329073482428 0.04942736588306208 0.07268370607028754
0 0.85623869801085 0.5902555910543131 0.0753465943339361 0.07827476038338659
0 0.29897528631705844 0.9345047923322684 0.06148282097649186 0.05591054313099041
0 0.45418927064496684 0.6110223642172524 0.05605786618444846 0.07028753993610223
0 0.8755274261603375 0.7547923322683706 0.04159132007233273 0.052715654952076675
0 0.9569017480409886 0.4221246006389776 0.05605786618444846 0.08546325878594249
0 0.49969861362266427 0.9233226837060703 0.04460518384569018 0.06869009584664537
0 0.9285714285714286 0.5862619808306709 0.05244122965641953 0.06070287539936102
0 0.5765521398432791 0.9289137380191693 0.062085593731163354 0.07348242811501597
0 0.45449065702230257 0.2979233226837061 0.03375527426160337 0.05750798722044728
0 0.41561181434599154 0.13178913738019168 0.05244122965641953 0.06869009584664537
0 0.638034960819771 0.2735623003194888 0.0379746835443038 0.05830670926517572
0 0.5114526823387583 0.2803514376996805 0.060880048221820374 0.08945686900958466
0 0.41078963230861965 0.44568690095846647 0.05123568414707655 0.08146964856230032
0 0.4912597950572634 0.7711661341853036 0.06027727546714889 0.0742811501597444
0 0.8318264014466547 0.7511980830670927 0.05063291139240506 0.08386581469648563
0 0.09674502712477397 0.2987220447284345 0.03918022905364678 0.05750798722044728
0 0.5771549125979506 0.28314696485623003 0.05485232067510549 0.08067092651757188
0 0.7706449668474985 0.11261980830670927 0.0379746835443038 0.04792332268370607
0 0.04912597950572634 0.619408945686901 0.0644966847498493 0.1062300319488818
0 0.7673297166968053 0.911741214057508 0.05304400241109102 0.05990415335463259
0 0.29566003616636527 0.13777955271565495 0.046413502109704644 0.05511182108626198
0 0.2857142857142857 0.7767571884984026 0.06148282097649186 0.06629392971246006
0 0.3628691983122363 0.12859424920127796 0.05183845690174804 0.07028753993610223
0 0.6184448462929476 0.7643769968051118 0.06751054852320675 0.07827476038338659
0 0.028933092224231464 0.2991214057507987 0.0433996383363472 0.07268370607028754
0 0.0216998191681736 0.14257188498402557 0.0433996383363472 0.07747603833865814
0 0.8993369499698614 0.10982428115015974 0.05304400241109102 0.0694888178913738
0 0.5201928872814949 0.6050319488817891 0.07112718505123568 0.09824281150159744
0 0.6841470765521398 0.43929712460063897 0.0433996383363472 0.04952076677316294
0 0.07353827606992164 0.46285942492012777 0.04942736588306208 0.06150159744408946
0 0.25467148884870405 0.2943290734824281 0.047619047619047616 0.06629392971246006
0 0.7272453285111513 0.5942492012779552 0.046413502109704644 0.06389776357827476
0 0.39300783604581074 0.6142172523961661 0.06027727546714889 0.06869009584664537
0 0.8282097649186256 0.1042332268370607 0.04460518384569018 0.0694888178913738
0 0.1735985533453888 0.9361022364217252 0.06389391199517781 0.07827476038338659
0 0.15159734779987943 0.1409744408945687 0.048824593128390596 0.07268370607028754
0 0.18354430379746836 0.6257987220447284 0.06570223025919228 0.06469648562300319
0 0.6503918022905365 0.6034345047923323 0.06268836648583484 0.07108626198083066
0 0.2845087402049427 0.46445686900958466 0.05183845690174804 0.06150159744408946
0 0.6377335744424352 0.11701277955271565 0.06751054852320675 0.10143769968051118
0 0.9752863170584689 0.2519968051118211 0.0433996383363472 0.08386581469648563
0 0.9629294755877035 0.7436102236421726 0.06811332127787824 0.06070287539936102
0 0.6169379144062689 0.44289137380191695 0.046413502109704644 0.05670926517571885
0 0.3474984930681133 0.4544728434504792 0.060880048221820374 0.09105431309904154
0 0.14948764315852922 0.45766773162939295 0.04219409282700422 0.05910543130990415
0 0.5533453887884268 0.125 0.054249547920433995 0.07268370607028754
0 0.7064496684749849 0.9141373801916933 0.05304400241109102 0.07587859424920128
0 0.7552742616033755 0.4353035143769968 0.04701627486437613 0.07507987220447285
0 0.7790837854128994 0.26277955271565495 0.050030138637733576 0.05910543130990415
0 0.08288125376732972 0.7847444089456869 0.06811332127787824 0.06469648562300319
0 0.2218203737191079 0.13498402555910544 0.04942736588306208 0.09904153354632587
0 0.45358649789029537 0.13738019169329074 0.029535864978902954 0.05750798722044728
0 0.43309222423146476 0.2827476038338658 0.04279686558167571 0.07188498402555911
0 0.2239300783604581 0.2975239616613419 0.04279686558167571 0.05830670926517572
0 0.5497287522603979 0.43929712460063897 0.04822182037371911 0.0878594249201278
0 0.9035563592525618 0.4476837060702875 0.04942736588306208 0.04712460063897764
0 0.7938517179023508 0.5922523961661342 0.04581072935503315 0.05830670926517572
0 0.0189873417721519 0.7903354632587859 0.028330319469559977 0.06629392971246006
0 0.9092827004219409 0.7503993610223643 0.033152501506931886 0.06150159744408946
0 0.958710066305003 0.9053514376996805 0.027124773960216998 0.04552715654952077
