0 0.011438542070569989 0.5388940955951266 0.02055060100814269 0.05435801312089972
0 0.03722373012795657 0.5276476101218369 0.013183404420317953 0.041237113402061855
0 0.0703761147731679 0.5079662605435802 0.021326095385808454 0.05435801312089972
0 0.10333462582396277 0.49765698219306465 0.019775106630476928 0.03561387066541706
0 0.12698720434276853 0.4803186504217432 0.02520356727413726 0.05154639175257732
0 0.15742535866614968 0.4592314901593252 0.017836370686312525 0.05060918462980318
0 0.18514928266770067 0.45126522961574506 0.017448623497479644 0.044048734770384255
0 0.22489336952307096 0.436269915651359 0.02016285381930981 0.04592314901593252
0 0.2518417991469562 0.42642924086223055 0.02520356727413726 0.056232427366447985
0 0.2803412175261729 0.41237113402061853 0.027142303218301668 0.046860356138706656
0 0.3088406359053897 0.394095595126523 0.0244280728964715 0.04592314901593252
0 0.33753392787902287 0.3828491096532334 0.015897634742148118 0.04029990627928772
0 0.02772392400155099 0.7052483598875351 0.02055060100814269 0.05716963448922212
0 0.05370298565335401 0.6968134957825679 0.0244280728964715 0.04779756326148079
0 0.08898797983714618 0.6757263355201499 0.02753005040713455 0.05248359887535145
0 0.11535478867778208 0.6607310215557638 0.022101589763474216 0.06560449859418932
0 0.1488949205118263 0.648078725398313 0.023264831329972858 0.04967197750702906
0 0.179139201240791 0.6326148078725399 0.027142303218301668 0.07310215557638237
0 0.2064753780535091 0.6208997188378632 0.026754556029468787 0.04592314901593252
0 0.24447460255913145 0.6082474226804123 0.022877084141139977 0.05435801312089972
0 0.05331523846452113 0.8739456419868791 0.016673129119813883 0.03655107778819119
0 0.08278402481582009 0.8598875351452671 0.022101589763474216 0.04967197750702906
0 0.10798759208995735 0.851921274601687 0.02055060100814269 0.04873477038425492
0 0.14346645986816595 0.8252108716026242 0.026366808840635907 0.030927835051546393
0 0.18069018999612252 0.816776007497657 0.033346258239627766 0.07216494845360824
0 0.20957735556417215 0.8036551077788191 0.014346645986816595 0.04029990627928772
0 0.2283830942225669 0.7985004686035614 0.02404032570763862 0.05810684161199625
0 0.25649476541295074 0.7830365510777882 0.030632027917797598 0.05529522024367385
0 0.2851880573865839 0.7685098406747891 0.02365257851880574 0.04873477038425492
0 0.32745250096936795 0.7492970946579194 0.02055060100814269 0.04592314901593252
0 0.35323768902675456 0.738987816307404 0.029468786351298952 0.07029053420805999
0 0.2710352849941838 0.5923149015932521 0.027142303218301668 0.06373008434864105
0 0.29430011632415665 0.5862230552952202 0.018611865063978286 0.04029990627928772
0 0.32066692516479256 0.5618556701030928 0.02791779759596743 0.044048734770384255
0 0.34877859635517644 0.563730084348641 0.018224117875145406 0.04592314901593252
0 0.3918185343156262 0.5365510777881912 0.02365257851880574 0.05716963448922212
0 0.3664210934470725 0.36363636363636365 0.02791779759596743 0.05998125585754452
0 0.4451337727801473 0.6874414245548266 0.02404032570763862 0.04967197750702906
0 0.42555253974408686 0.5182755388940956 0.02753005040713455 0.07685098406747891
0 0.44746025591314464 0.4990627928772259 0.031019775106630478 0.07029053420805999
0 0.40403257076386195 0.35051546391752575 0.013958898797983715 0.041237113402061855
0 0.4271035284994184 0.3373945641986879 0.031407522295463355 0.06935332708528585
0 0.462582396277627 0.32567947516401125 0.017060876308646764 0.03655107778819119
0 0.4941837921675068 0.3078725398313027 0.017448623497479644 0.05154639175257732
0 0.47867390461419157 0.4957825679475164 0.0244280728964715 0.03936269915651359
0 0.5073671965878247 0.6560449859418932 0.02753005040713455 0.06373008434864105
0 0.5378053509112058 0.654639175257732 0.02016285381930981 0.04217432052483599
0 0.5172547499030632 0.47891283973758203 0.026366808840635907 0.05248359887535145
0 0.540907328421869 0.4681349578256795 0.02016285381930981 0.04029990627928772
0 0.5238464521132222 0.2914714151827554 0.022489336952307096 0.046860356138706656
0 0.5538968592477704 0.2769447047797563 0.022877084141139977 0.044048734770384255
0 0.5854982551376503 0.2666354264292409 0.019387359441644048 0.06466729147141519
0 0.6048856145792944 0.2582005623242737 0.019387359441644048 0.03280224929709466
0 0.5754168282279953 0.44892221180880976 0.017060876308646764 0.033739456419868794
0 0.5994571539356339 0.43252108716026244 0.018611865063978286 0.03655107778819119
0 0.6279565723148507 0.43064667291471415 0.02365257851880574 0.04029990627928772
0 0.5981000387747188 0.6171508903467666 0.025979061651803026 0.05716963448922212
0 0.6260178363706863 0.6016869728209935 0.02753005040713455 0.05810684161199625
0 0.6550988755331524 0.5913776944704779 0.031407522295463355 0.05060918462980318
0 0.6835982939123691 0.5740393626991566 0.026366808840635907 0.06091846298031865
0 0.7144241954245831 0.5599812558575445 0.02365257851880574 0.06279287722586692
0 0.6475378053509112 0.23477038425492033 0.02404032570763862 0.05154639175257732
0 0.6750678557580457 0.22867853795688847 0.018611865063978286 0.04498594189315839
0 0.6671190383869717 0.4076850984067479 0.02055060100814269 0.046860356138706656
0 0.6894145017448623 0.39971883786316775 0.02404032570763862 0.04967197750702906
0 0.7233423807677394 0.3795688847235239 0.017448623497479644 0.04873477038425492
0 0.7425358666149671 0.36879100281162136 0.023264831329972858 0.04217432052483599
0 0.7285769678169833 0.1958762886597938 0.026366808840635907 0.028116213683223992
0 0.786932919736332 0.16541705716963448 0.022101589763474216 0.06279287722586692
0 0.8212485459480419 0.14995313964386128 0.02016285381930981 0.04498594189315839
0 0.8594416440480807 0.13495782567947517 0.022101589763474216 0.05998125585754452
0 0.8813493602171384 0.12511715089034678 0.022489336952307096 0.04779756326148079
0 0.9389298177588212 0.10028116213683223 0.022877084141139977 0.05060918462980318
0 0.7855758045754169 0.3528584817244611 0.02404032570763862 0.04029990627928772
0 0.8129119813881349 0.33598875351452673 0.025979061651803026 0.05529522024367385
0 0.8431562621170996 0.3181818181818182 0.021326095385808454 0.05529522024367385
0 0.8741760372237302 0.30927835051546393 0.02753005040713455 0.05998125585754452
0 0.9145017448623497 0.28631677600749766 0.02520356727413726 0.04592314901593252
0 0.9319503683598294 0.2830365510777882 0.015122140364482357 0.041237113402061855
0 0.9606436603334626 0.2717900656044986 0.022101589763474216 0.033739456419868794
0 0.805932531989143 0.520618556701031 0.02365257851880574 0.06091846298031865
0 0.834044203179527 0.5037488284910965 0.032570763861962 0.07966260543580131
0 0.8635129895308259 0.49765698219306465 0.030244280728964713 0.06560449859418932
0 0.8993796044978674 0.47891283973758203 0.026754556029468787 0.03936269915651359
0 0.9263280341217526 0.4587628865979381 0.017836370686312525 0.06091846298031865
0 0.9695618456766188 0.44189315838800375 0.018999612252811167 0.04967197750702906
0 0.9893369523070957 0.43486410496719774 0.02055060100814269 0.07122774133083412
0 0.9842962388522684 0.08013120899718838 0.021326095385808454 0.04779756326148079
