0 0.010290889132821076 0.28060522696011003 0.018386388583973654 0.05639614855570839
0 0.03444017563117453 0.2723521320495186 0.031558726673984634 0.07565337001375516
0 0.0628430296377607 0.2723521320495186 0.027442371020856202 0.07152682255845942
0 0.08877607025246981 0.2579092159559835 0.027716794731064764 0.07565337001375516
0 0.14352360043907794 0.2469050894085282 0.030186608122941824 0.07290233837689133
0 0.1720636663007684 0.2407152682255846 0.03567508232711306 0.10178817056396149
0 0.2051317233809001 0.2297111416781293 0.027716794731064764 0.07015130674002751
0 0.2325740944017563 0.2248968363136176 0.03485181119648738 0.10178817056396149
0 0.2635839736553238 0.2221458046767538 0.03210757409440176 0.0811554332874828
0 0.29212403951701427 0.21217331499312242 0.022777167947310648 0.054332874828060526
0 0.3209385290889133 0.2011691884456671 0.033205268935236 0.09284731774415406
0 0.35002744237102085 0.1970426409903714 0.02552140504939627 0.07083906464924347
0 0.379390779363337 0.18982118294360384 0.03265642151481888 0.09628610729023383
0 0.4102634467618002 0.1812242090784044 0.02854006586169045 0.0749656121045392
0 0.4393523600439078 0.17400275103163687 0.033479692645444564 0.09766162310866575
0 0.4669319429198683 0.171595598349381 0.030461031833150385 0.07909215955983494
0 0.49464873765093303 0.1592159559834938 0.034302963776070255 0.09009628610729023
0 0.013309549945115257 0.4092159559834938 0.012897914379802415 0.07015130674002751
0 0.04020307354555434 0.3982118294360385 0.022228320526893525 0.04264099037138927
0 0.08177826564215149 0.39786795048143053 0.026344676180021953 0.07359009628610728
0 0.11114160263446762 0.38548830811554335 0.02469813391877058 0.08046767537826685
0 0.13968166849615807 0.3786107290233838 0.030186608122941824 0.08872077028885832
0 0.16630076838638858 0.36657496561210456 0.02689352360043908 0.07427785419532325
0 0.23765093304061471 0.3500687757909216 0.03512623490669594 0.07015130674002751
0 0.2677003293084522 0.3559147180192572 0.020581778265642153 0.061210453920220086
0 0.2877332601536773 0.3421595598349381 0.02332601536772777 0.08046767537826685
0 0.30598243688254667 0.33768913342503437 0.01756311745334797 0.06464924346629987
0 0.3395993413830955 0.3328748280605227 0.02991218441273326 0.07015130674002751
0 0.38693743139407244 0.31636863823933975 0.03238199780461032 0.09628610729023383
0 0.40559824368825464 0.30674002751031637 0.022502744237102086 0.07290233837689133
0 0.4274149286498353 0.3074277854195323 0.02991218441273326 0.08528198074277854
0 0.4508781558726674 0.30536451169188444 0.024149286498353458 0.07840440165061899
0 0.4862788144895719 0.29332874828060523 0.03787047200878156 0.09284731774415406
0 0.02318880351262349 0.5333562585969739 0.020581778265642153 0.05983493810178817
0 0.04198682766190999 0.5340440165061898 0.020856201975850714 0.06671251719394773
0 0.06407793633369924 0.5247592847317745 0.030461031833150385 0.07290233837689133
0 0.0939901207464325 0.5178817056396149 0.028814489571899013 0.07977991746905089
0 0.12746981339187705 0.5189133425034388 0.02607025246981339 0.0639614855570839
0 0.15642151481888036 0.5051581843191196 0.01646542261251372 0.0515818431911967
0 0.17947310647639955 0.4951856946354883 0.029088913282107574 0.0811554332874828
0 0.20952250274423712 0.4965612104539202 0.030461031833150385 0.08528198074277854
0 0.23970911086717892 0.49277854195323245 0.031558726673984634 0.09147180192572214
0 0.2679747530186608 0.4776478679504814 0.024972557628979142 0.08184319119669876
0 0.29596597145993414 0.46973865199449794 0.030461031833150385 0.08253094910591471
0 0.32642700329308455 0.46011004126547456 0.033205268935236 0.09353507565337002
0 0.3562019758507135 0.45563961485557086 0.027442371020856202 0.07083906464924347
0 0.38364434687156973 0.4497936726272352 0.030186608122941824 0.08803301237964237
0 0.4099890230515917 0.44738651994497936 0.026344676180021953 0.09972489683631362
0 0.44017563117453345 0.43707015130674004 0.03896816684961581 0.10797799174690509
0 0.46789242590559826 0.43191196698762035 0.03732162458836443 0.10453920220082531
0 0.4964324917672887 0.42159559834938104 0.036223929747530186 0.10453920220082531
0 0.03210757409440176 0.6681568088033012 0.02305159165751921 0.0749656121045392
0 0.058315038419319426 0.6640302613480055 0.02991218441273326 0.06258596973865199
0 0.08905049396267838 0.6482118294360385 0.03265642151481888 0.07634112792297111
0 0.11580680570801317 0.6461485557083907 0.02689352360043908 0.06258596973865199
0 0.14681668496158068 0.6372077028885832 0.03567508232711306 0.08459422283356259
0 0.20472008781558726 0.6348005502063274 0.027442371020856202 0.0811554332874828
0 0.26180021953896815 0.6059147180192572 0.030186608122941824 0.09353507565337002
0 0.29075192096597147 0.6048830811554333 0.029363336992316136 0.08321870701513068
0 0.3194291986827662 0.5980055020632737 0.03677277716794731 0.11210453920220083
0 0.3475576289791438 0.5949105914718019 0.02991218441273326 0.07015130674002751
0 0.3725301866081229 0.5863136176066025 0.03924259055982437 0.09559834938101788
0 0.4058726673984632 0.5725584594222833 0.031833150384193196 0.09147180192572214
0 0.43317782656421516 0.5646492434662999 0.028814489571899013 0.07565337001375516
0 0.463364434687157 0.5588033012379643 0.03814489571899012 0.11072902338376892
0 0.49437431394072445 0.5505502063273727 0.02716794731064764 0.10385144429160935
0 0.051454445664105376 0.7902338376891335 0.03210757409440176 0.06602475928473177
0 0.08068057080131723 0.7854195323246217 0.02689352360043908 0.0577716643741403
0 0.10935784851811196 0.7713204951856947 0.020032930845225026 0.050206327372764786
0 0.13899560922063667 0.7713204951856947 0.031558726673984634 0.06946354883081156
0 0.1675356750823271 0.7737276478679505 0.027716794731064764 0.08253094910591471
0 0.19141053787047202 0.7534387895460798 0.02442371020856202 0.0859697386519945
0 0.22434138309549945 0.7431224209078404 0.037596048298573 0.09972489683631362
0 0.2538419319429199 0.7448418156808804 0.03512623490669594 0.0907840440165062
0 0.307628979143798 0.7276478679504814 0.029088913282107574 0.07290233837689133
0 0.3387760702524698 0.7245529573590096 0.02991218441273326 0.0639614855570839
0 0.3692371020856202 0.7104539202200826 0.022777167947310648 0.05639614855570839
0 0.42384742041712403 0.703920220082531 0.033205268935236 0.09147180192572214
0 0.45293633369923164 0.6918844566712518 0.024972557628979142 0.0811554332874828
0 0.5093304061470911 0.6815680880330124 0.033479692645444564 0.0907840440165062
0 0.4784577387486279 0.6801925722145805 0.03485181119648738 0.07977991746905089
0 0.03732162458836443 0.9267537826685007 0.021953896816684963 0.07083906464924347
0 0.11827661909989023 0.9044016506189821 0.02579582875960483 0.0577716643741403
0 0.14695389681668497 0.8995873452544704 0.033205268935236 0.07702888583218707
0 0.17618002195389681 0.890302613480055 0.030735455543358946 0.0873452544704264
0 0.20485729967069155 0.8896148555708391 0.028814489571899013 0.0873452544704264
0 0.23518111964873764 0.8789546079779917 0.036223929747530186 0.07427785419532325
0 0.26262349066959384 0.8720770288858322 0.030735455543358946 0.06602475928473177
0 0.286635565312843 0.8617606602475929 0.034302963776070255 0.08390646492434663
0 0.319840834248079 0.8517881705639615 0.028265642151481887 0.0749656121045392
0 0.3497530186608123 0.8521320495185695 0.024972557628979142 0.06602475928473177
0 0.3777442371020856 0.84353507565337 0.03485181119648738 0.07909215955983494
0 0.43468715697036225 0.8242778541953233 0.033479692645444564 0.09422283356258597
0 0.4615806805708013 0.8253094910591472 0.025246981339187707 0.07152682255845942
0 0.49108122941822174 0.811554332874828 0.023874862788144897 0.06327372764786796
0 0.5204445664105378 0.8053645116918845 0.028814489571899013 0.05639614855570839
0 0.5489846322722283 0.7998624484181568 0.023874862788144897 0.06052269601100413
0 0.5749176728869374 0.797455295735901 0.03293084522502744 0.08459422283356259
0 0.6092206366630076 0.7843878954607978 0.03128430296377607 0.08459422283356259
0 0.6395444566410537 0.780949105914718 0.033754116355653126 0.08046767537826685
0 0.669456641053787 0.7795735900962861 0.02716794731064764 0.07083906464924347
0 0.693880351262349 0.765474552957359 0.02716794731064764 0.07977991746905089
0 0.7232436882546652 0.7565337001375516 0.033205268935236 0.08803301237964237
0 0.7527442371020856 0.7555020632737276 0.03128430296377607 0.07909215955983494
0 0.7818331503841932 0.7469050894085282 0.02030735455543359 0.03163686382393398
0 0.8063940724478595 0.7352132049518569 0.028814489571899013 0.07840440165061899
0 0.8376783754116356 0.7362448418156808 0.02607025246981339 0.06258596973865199
0 0.8722557628979144 0.7310866574965612 0.03924259055982437 0.07427785419532325
0 0.9001097694840834 0.7118294360385145 0.023600439077936335 0.06327372764786796
0 0.926728869374314 0.7073590096286108 0.03238199780461032 0.08321870701513068
0 0.9533479692645445 0.7052957359009628 0.02579582875960483 0.061210453920220086
0 0.9827113062568605 0.6963548830811555 0.030186608122941824 0.06808803301237965
0 0.5378704720087816 0.6760660247592847 0.021405049396267837 0.061898211829436035
0 0.5676454445664105 0.6643741403026134 0.035949506037321624 0.07840440165061899
0 0.5972832052689352 0.6537138927097662 0.029363336992316136 0.06258596973865199
0 0.6528540065861691 0.6430536451169189 0.03567508232711306 0.06740027510316368
0 0.6838638858397366 0.6372077028885832 0.02469813391877058 0.0749656121045392
0 0.714873765093304 0.6334250343878954 0.021953896816684963 0.0687757909215956
0 0.7414928649835346 0.6275790921595599 0.036223929747530186 0.08046767537826685
0 0.7719538968166849 0.6148555708390646 0.03677277716794731 0.09491059147180192
0 0.8013172338090011 0.6172627235213205 0.02579582875960483 0.0873452544704264
0 0.8279363336992316 0.6014442916093535 0.030735455543358946 0.07359009628610728
0 0.8649835345773875 0.6017881705639615 0.029088913282107574 0.08803301237964237
0 0.8942096597145993 0.5904401650618982 0.035949506037321624 0.11348005502063274
0 0.9176728869374314 0.5859697386519945 0.02469813391877058 0.07290233837689133
0 0.9447036223929748 0.577372764786795 0.028814489571899013 0.08184319119669876
0 0.9735181119648738 0.5739339752407153 0.0216794731064764 0.05845942228335626
0 0.5242864983534578 0.5484869325997249 0.031009879253567508 0.09147180192572214
0 0.5515916575192097 0.5416093535075653 0.020856201975850714 0.06808803301237965
0 0.5784851811196488 0.5275103163686382 0.03128430296377607 0.08390646492434663
0 0.6088090010976949 0.5206327372764786 0.035949506037321624 0.1155433287482806
0 0.6410537870472008 0.5120357634112792 0.030186608122941824 0.0969738651994498
0 0.6663007683863886 0.517193947730399 0.027442371020856202 0.07427785419532325
0 0.6959385290889133 0.5127235213204951 0.030735455543358946 0.09009628610729023
0 0.7250274423710209 0.5006877579092159 0.03457738748627882 0.10591471801925723
0 0.7517837541163557 0.4907152682255846 0.03265642151481888 0.09559834938101788
0 0.780735455543359 0.48658872077028886 0.03512623490669594 0.12173314993122421
0 0.8117453347969265 0.4762723521320495 0.027991218441273325 0.09009628610729023
0 0.8382272228320526 0.4700825309491059 0.033754116355653126 0.09284731774415406
0 0.8660812294182217 0.4659559834938102 0.031833150384193196 0.07771664374140302
0 0.8968166849615807 0.45598349381017883 0.036223929747530186 0.09903713892709766
0 0.926728869374314 0.4518569463548831 0.03238199780461032 0.07290233837689133
0 0.9566410537870472 0.45082530949105915 0.026344676180021953 0.07359009628610728
0 0.9794182217343579 0.437414030261348 0.017014270032930844 0.06602475928473177
0 0.5248353457738749 0.41162310866574964 0.04198682766190999 0.10247592847317744
0 0.5596871569703622 0.40715268225584594 0.03485181119648738 0.07702888583218707
0 0.5835620197585072 0.3995873452544704 0.03210757409440176 0.0907840440165062
0 0.6151207464324918 0.3954607977991747 0.034302963776070255 0.0907840440165062
0 0.6466794731064764 0.38514442916093533 0.040889132821075744 0.09491059147180192
0 0.6750823271130626 0.38342503438789544 0.021405049396267837 0.06533700137551582
0 0.7007409440175631 0.37620357634112794 0.040340285400658614 0.0921595598349381
0 0.7324368825466521 0.36176066024759285 0.03238199780461032 0.10866574965612105
0 0.7586443468715697 0.3614167812929849 0.0354006586169045 0.09422283356258597
0 0.8175082327113062 0.3459422283356259 0.023600439077936335 0.06740027510316368
0 0.8493413830954994 0.343878954607978 0.03238199780461032 0.0907840440165062
0 0.8785675082327113 0.3356258596973865 0.037596048298573 0.08803301237964237
0 0.9058726673984633 0.3246217331499312 0.03128430296377607 0.07977991746905089
0 0.9613062568605928 0.31327372764786793 0.03238199780461032 0.07771664374140302
0 0.5300493962678375 0.281636863823934 0.030461031833150385 0.09284731774415406
0 0.5791712403951701 0.26513067400275103 0.026619099890230515 0.06671251719394773
0 0.648463227222832 0.2558459422283356 0.03567508232711306 0.08803301237964237
0 0.6787870472008781 0.24896836313617607 0.027716794731064764 0.0811554332874828
0 0.7476673984632273 0.22111416781292983 0.03649835345773875 0.10660247592847318
0 0.7805982436882547 0.22558459422283356 0.031009879253567508 0.08253094910591471
0 0.8316410537870472 0.20839064649243466 0.030461031833150385 0.07565337001375516
0 0.900384193194292 0.19669876203576342 0.027991218441273325 0.08253094910591471
0 0.9582875960482986 0.1829436038514443 0.03402854006586169 0.08528198074277854
0 0.5251097694840834 0.15577716643741404 0.02991218441273326 0.09009628610729023
0 0.5554335894621295 0.14270976616231087 0.029088913282107574 0.08321870701513068
0 0.5802689352360044 0.13720770288858322 0.028265642151481887 0.06808803301237965
0 0.6110043907793633 0.1313617606602476 0.038693743139407245 0.0907840440165062
0 0.6410537870472008 0.12757909215955984 0.030735455543358946 0.07634112792297111
0 0.6702799121844127 0.12276478679504814 0.022777167947310648 0.057083906464924346
0 0.6974478594950604 0.11279229711141678 0.03210757409440176 0.09353507565337002
0 0.7510976948408342 0.10075653370013755 0.036223929747530186 0.09422283356258597
0 0.7841657519209659 0.0969738651994498 0.033754116355653126 0.0907840440165062
0 0.8138035126234907 0.08528198074277854 0.031009879253567508 0.08803301237964237
0 0.839324917672887 0.08218707015130675 0.03485181119648738 0.08872077028885832
0 0.8759604829857299 0.07221458046767538 0.036223929747530186 0.0921595598349381
0 0.9014818880351262 0.06361760660247592 0.024149286498353458 0.05983493810178817
0 0.9289242590559824 0.06224209078404402 0.020856201975850714 0.057083906464924346
0 0.9576015367727772 0.04986244841815681 0.03265642151481888 0.0873452544704264
0 0.974615806805708 0.234525447042641 0.011251372118551043 0.0343878954607978
