0 0.5857787810383747 0.5963983050847458 0.05304740406320542 0.06002824858757062
0 0.1580135440180587 0.5098870056497176 0.06433408577878104 0.0692090395480226
0 0.3055869074492099 0.2676553672316384 0.04796839729119639 0.05084745762711865
0 0.8905191873589164 0.9371468926553672 0.029345372460496615 0.052259887005649715
0 0.28386004514672686 0.8181497175141242 0.04966139954853273 0.067090395480226
0 0.5493792325056434 0.3019067796610169 0.04683972911963882 0.05861581920903955
0 0.31405191873589167 0.12252824858757062 0.06489841986455983 0.0713276836158192
0 0.8346501128668171 0.6490112994350282 0.03837471783295711 0.05649717514124294
0 0.1343115124153499 0.3004943502824859 0.030474040632054177 0.033192090395480225
0 0.7528216704288939 0.4911723163841808 0.056433408577878104 0.07415254237288135
0 0.11851015801354402 0.6486581920903954 0.040632054176072234 0.05155367231638418
0 0.6128668171557562 0.18149717514124294 0.06997742663656885 0.07909604519774012
0 0.572234762979684 0.455861581920904 0.05191873589164785 0.06285310734463277
0 0.9729119638826185 0.2510593220338983 0.039503386004514675 0.06850282485875706
0 0.9184537246049661 0.3802966101694915 0.06376975169300225 0.06426553672316385
0 0.5265237020316027 0.5850988700564972 0.045146726862302484 0.05861581920903955
0 0.11851015801354402 0.2242231638418079 0.04966139954853273 0.0614406779661017
0 0.7497178329571106 0.20374293785310735 0.06489841986455983 0.06285310734463277
0 0.09988713318284424 0.7771892655367232 0.05869074492099323 0.06850282485875706
0 0.34283295711060946 0.8227401129943502 0.05699774266365688 0.07768361581920905
0 0.8103837471783296 0.4978813559322034 0.050790067720090294 0.07627118644067797
0 0.8603273137697517 0.3693502824858757 0.051354401805869074 0.062146892655367235
0 0.21303611738148984 0.3898305084745763 0.06038374717832957 0.05367231638418079
0 0.25197516930022573 0.1016949152542373 0.05248306997742664 0.059322033898305086
0 0.6458803611738149 0.6115819209039548 0.05248306997742664 0.07768361581920905
0 0.35214446952595935 0.6818502824858758 0.050790067720090294 0.0614406779661017
0 0.8984198645598194 0.8008474576271186 0.04740406320541761 0.06497175141242938
0 0.9246613995485328 0.24046610169491525 0.050225733634311515 0.06426553672316385
0 0.03837471783295711 0.7669491525423728 0.05869074492099323 0.07203389830508475
0 0.8913656884875847 0.658545197740113 0.05812641083521445 0.06567796610169492
0 0.22150112866817157 0.8050847457627118 0.06376975169300225 0.07344632768361582
0 0.7920428893905191 0.3545197740112994 0.03781038374717833 0.0635593220338983
0 0.16422121896162528 0.659957627118644 0.046275395033860044 0.05296610169491525
0 0.5547404063205418 0.7733050847457628 0.045146726862302484 0.06497175141242938
0 0.1811512415349887 0.2312853107344633 0.05756207674943566 0.0614406779661017
0 0.8400112866817155 0.7870762711864406 0.044582392776523705 0.05861581920903955
0 0.05220090293453725 0.6320621468926554 0.055869074492099324 0.0748587570621469
0 0.09480812641083522 0.4982344632768362 0.056433408577878104 0.07556497175141243
0 0.40801354401805867 0.8372175141242938 0.050790067720090294 0.0769774011299435
0 0.7937358916478555 0.9156073446327684 0.04232505643340858 0.0557909604519774
0 0.5129796839729119 0.4470338983050847 0.05304740406320542 0.0480225988700565
0 0.9325620767494357 0.5261299435028248 0.04796839729119639 0.07344632768361582
0 0.6805869074492099 0.1906779661016949 0.05981941309255079 0.06497175141242938
0 0.5572799097065463 0.16913841807909605 0.0536117381489842 0.0614406779661017
0 0.8055869074492099 0.2199858757062147 0.05812641083521445 0.07556497175141243
0 0.44836343115124155 0.4262005649717514 0.055869074492099324 0.07415254237288135
0 0.7136004514672686 0.899364406779661 0.06376975169300225 0.067090395480226
0 0.8391647855530474 0.926906779661017 0.050790067720090294 0.067090395480226
0 0.48702031602708806 0.2980225988700565 0.05304740406320542 0.07627118644067797
0 0.3998306997742664 0.5596751412429378 0.05812641083521445 0.06002824858757062
0 0.720372460496614 0.7634180790960452 0.061512415349887134 0.07344632768361582
0 0.7748306997742663 0.6370056497175142 0.05981941309255079 0.07344632768361582
0 0.2765237020316027 0.5374293785310734 0.05756207674943566 0.0635593220338983
0 0.11032731376975169 0.0780367231638418 0.031038374717832957 0.05014124293785311
0 0.13544018058690746 0.08615819209039548 0.05417607223476298 0.06638418079096045
0 0.1848194130925508 0.09639830508474577 0.04796839729119639 0.0614406779661017
0 0.37358916478555304 0.13912429378531074 0.06884875846501129 0.07062146892655367
0 0.42494356659142213 0.1483050847457627 0.033860045146726865 0.0423728813559322
0 0.44808126410835214 0.1408898305084746 0.046275395033860044 0.05861581920903955
0 0.8668171557562077 0.2298728813559322 0.029345372460496615 0.0346045197740113
0 0.3117945823927765 0.2319915254237288 0.03781038374717833 0.03884180790960452
0 0.36427765237020315 0.2701271186440678 0.05812641083521445 0.07274011299435028
0 0.9599322799097065 0.388771186440678 0.029345372460496615 0.06002824858757062
0 0.623589164785553 0.4604519774011299 0.033860045146726865 0.03954802259887006
0 0.2350451467268623 0.3700564971751412 0.045711060948081264 0.05084745762711865
0 0.6915914221218962 0.4551553672316384 0.04232505643340858 0.06002824858757062
0 0.707392776523702 0.4841101694915254 0.045711060948081264 0.06567796610169492
0 0.6822799097065463 0.4894067796610169 0.04401805869074492 0.03389830508474576
0 0.6613995485327314 0.756002824858757 0.029345372460496615 0.04025423728813559
0 0.5234198645598194 0.8569915254237288 0.05812641083521445 0.06991525423728813
0 0.4915349887133183 0.846045197740113 0.040632054176072234 0.0423728813559322
0 0.470372460496614 0.8555790960451978 0.03668171557562077 0.041666666666666664
0 0.14644469525959367 0.8008474576271186 0.041196388261851014 0.05790960451977401
0 0.16901805869074493 0.7828389830508474 0.051354401805869074 0.048728813559322036
