0 0.011069580218516388 0.26335040234089246 0.020989074180563543 0.08632040965618142
0 0.03522139160437033 0.24762253108997806 0.028464634847613572 0.06803218727139722
0 0.06354226566992524 0.246525237746891 0.030477285796434734 0.07607900512070227
0 0.09344450833812536 0.23847841989758595 0.02875215641173088 0.07607900512070227
0 0.11860264519838988 0.23555230431602048 0.01926394479585969 0.05998536942209217
0 0.14491086831512365 0.22860277980980248 0.035077630822311676 0.07681053401609364
0 0.17639447958596896 0.22311631309436722 0.026739505462909718 0.07461594732991954
0 0.20313398504887867 0.2143379663496708 0.025014376078205867 0.048280907095830286
0 0.2386428982173663 0.20519385515727873 0.029902242668200116 0.06803218727139722
0 0.2666762507188039 0.20263350402340893 0.02903967797584819 0.06876371616678859
0 0.2925531914893617 0.19970738844184346 0.026739505462909718 0.07754206291148501
0 0.3208740655549166 0.18580833942940747 0.03335250143760782 0.07315288953913679
0 0.35566417481311097 0.18653986832479882 0.0327774583093732 0.05998536942209217
0 0.38168487636572745 0.16971470373079736 0.025014376078205867 0.0570592538405267
0 0.40540540540540543 0.1686174103877103 0.022426682001150087 0.06364301389904901
0 0.4389016676250719 0.1554498902706657 0.03479010925819436 0.06949524506217995
0 0.46923519263944796 0.14959765910753475 0.02817711328349626 0.07242136064374542
0 0.4928119608970673 0.14923189465983908 0.030477285796434734 0.07168983174835405
0 0.522857964347326 0.14081931236283834 0.0261644623346751 0.05779078273591807
0 0.01566992524439333 0.3833211411850768 0.022714203565267394 0.05267008046817849
0 0.04154686601495112 0.38697878566203364 0.030189764232317423 0.06876371616678859
0 0.07073030477285797 0.3719824433065106 0.03335250143760782 0.08851499634235552
0 0.09746981023576769 0.3653986832479883 0.03220241518113859 0.07681053401609364
0 0.128953421506613 0.3606437454279444 0.03076480736055204 0.06876371616678859
0 0.1572742955721679 0.3463789319678127 0.030477285796434734 0.08412582297000731
0 0.18645773433007476 0.34198975859546454 0.03421506612995975 0.0753474762253109
0 0.2172225416906268 0.3405267008046818 0.03133985048878666 0.08266276517922458
0 0.24669350201265094 0.3324798829553767 0.027602070155261643 0.06803218727139722
0 0.2724266820011501 0.3284564740307242 0.02443933294997125 0.06291148500365765
0 0.3024726854514089 0.324067300658376 0.03392754456584244 0.08632040965618142
0 0.3320874065554917 0.3174835405998537 0.025301897642323174 0.0570592538405267
0 0.35954571592869466 0.3039502560351134 0.03076480736055204 0.06949524506217995
0 0.3891604370327775 0.2955376737381127 0.025014376078205867 0.06876371616678859
0 0.4141748131109833 0.2900512070226774 0.027889591719378954 0.07242136064374542
0 0.4456584243818286 0.2878566203365033 0.03795284646348476 0.08266276517922458
0 0.4749856239217941 0.27724945135332846 0.025876940770557792 0.05413313825896123
0 0.5047441058079356 0.2721287490855889 0.02903967797584819 0.09509875640087784
0 0.5317711328349626 0.2618873445501097 0.022714203565267394 0.07900512070226774
0 0.03479010925819436 0.5171909290416972 0.02817711328349626 0.07168983174835405
0 0.06138585393904543 0.5095098756400878 0.029614721104082805 0.0753474762253109
0 0.09445083381253594 0.5014630577907827 0.026739505462909718 0.07242136064374542
0 0.11889016676250719 0.49451353328456477 0.023289246693502012 0.08778346744696415
0 0.14606095457159288 0.48866130212143377 0.03162737205290397 0.06730065837600585
0 0.1794134560092007 0.4795171909290417 0.035077630822311676 0.08851499634235552
0 0.21017826336975273 0.47110460863204096 0.03392754456584244 0.08632040965618142
0 0.23504887866589994 0.4630577907827359 0.02156411730879816 0.07168983174835405
0 0.26121334100057503 0.4656181419166057 0.03076480736055204 0.07973664959765911
0 0.2906843013225992 0.45354791514264814 0.027602070155261643 0.07754206291148501
0 0.31857389304197814 0.44879297732260426 0.02817711328349626 0.07242136064374542
0 0.3801035077630822 0.4356254572055596 0.02645198389879241 0.06803218727139722
0 0.4098619896492237 0.43050475493782003 0.03421506612995975 0.07095830285296269
0 0.43933294997124783 0.4217264081931236 0.0327774583093732 0.08851499634235552
0 0.4647786083956297 0.4144111192392099 0.026739505462909718 0.06217995610826628
0 0.4942495687176538 0.41514264813460133 0.02875215641173088 0.06510607168983175
0 0.5218516388729154 0.40051207022677393 0.02127659574468085 0.06656912948061448
0 0.02702702702702703 0.6459400146305779 0.022426682001150087 0.07607900512070227
0 0.05405405405405406 0.6375274323335772 0.02817711328349626 0.07242136064374542
0 0.08553766532489937 0.6338697878566203 0.019838987924094307 0.05779078273591807
0 0.11055204140310523 0.6239941477688369 0.030189764232317423 0.07900512070226774
0 0.14261069580218516 0.6258229700073152 0.023576768257619323 0.07095830285296269
0 0.17050028752156413 0.6089978054133138 0.029902242668200116 0.08851499634235552
0 0.2008338125359402 0.6024140453547915 0.02903967797584819 0.07973664959765911
0 0.2269982748706153 0.6024140453547915 0.03479010925819436 0.07681053401609364
0 0.2566129959746981 0.5940014630577908 0.029614721104082805 0.07461594732991954
0 0.2814836112708453 0.5841258229700074 0.02702702702702703 0.08119970738844184
0 0.31325474410580795 0.5793708851499634 0.03306497987349051 0.06730065837600585
0 0.3420069005175388 0.5713240673006583 0.020989074180563543 0.06876371616678859
0 0.36673375503162736 0.5709583028529627 0.032489936745255896 0.08558888076079005
0 0.39994249568717655 0.5618141916605706 0.034502587694077054 0.07607900512070227
0 0.4299884991374353 0.5468178493050475 0.026739505462909718 0.07388441843452817
0 0.456728004600345 0.5493782004389174 0.025014376078205867 0.06291148500365765
0 0.48691776883266247 0.5431602048280907 0.04169062679700978 0.10607168983174835
0 0.5185451408855665 0.5303584491587418 0.025014376078205867 0.07461594732991954
0 0.5418343875790684 0.5237746891002194 0.027314548591144336 0.07754206291148501
0 0.04930994824611846 0.7706656912948061 0.02903967797584819 0.07242136064374542
0 0.07504312823461759 0.7659107534747622 0.025876940770557792 0.06583760058522312
0 0.09660724554341575 0.7629846378931968 0.02645198389879241 0.07461594732991954
0 0.15483036227717079 0.754572055596196 0.02443933294997125 0.08119970738844184
0 0.1765382403680276 0.7494513533284565 0.029327199539965498 0.07827359180687637
0 0.20442783208740656 0.737381126554499 0.03335250143760782 0.08485735186539868
0 0.24482461184588844 0.7348207754206291 0.031914893617021274 0.06656912948061448
0 0.2719953996549741 0.7231163130943672 0.023001725129384705 0.08119970738844184
0 0.2978723404255319 0.7161667885881492 0.030477285796434734 0.07607900512070227
0 0.3451696377228292 0.7132406730065838 0.042265669925244394 0.06730065837600585
0 0.38757906843013223 0.7073884418434528 0.03392754456584244 0.0980248719824433
0 0.4205002875215641 0.6931236283833211 0.02156411730879816 0.08119970738844184
0 0.43875790684301325 0.6832479882955377 0.029327199539965498 0.06730065837600585
0 0.4657849338700403 0.6773957571324067 0.029902242668200116 0.07022677395757132
0 0.49798734905117886 0.6726408193123629 0.0327774583093732 0.08119970738844184
0 0.5281771132834963 0.6722750548646672 0.029902242668200116 0.06437454279444038
0 0.03407130534790109 0.8994147768836869 0.01868890166762507 0.06656912948061448
0 0.0605232892466935 0.9100219458668617 0.03479010925819436 0.055596196049743966
0 0.09157561817136285 0.8899049012435991 0.031914893617021274 0.08851499634235552
0 0.12004025301897642 0.8858814923189466 0.02386428982173663 0.08046817849305048
0 0.14146060954571593 0.8884418434528164 0.02185163887291547 0.06071689831748354
0 0.15051753881541116 0.9389173372348207 0.015813686026451983 0.03291880029261156
0 0.1715066129959747 0.8774689100219458 0.04169062679700978 0.10168251645940014
0 0.20212765957446807 0.8694220921726408 0.034502587694077054 0.07681053401609364
0 0.23231742380678552 0.8650329188002926 0.02702702702702703 0.07388441843452817
0 0.261644623346751 0.8555230431602048 0.03220241518113859 0.07973664959765911
0 0.28766532489936747 0.8514996342355523 0.030189764232317423 0.06291148500365765
0 0.3158424381828637 0.8430870519385516 0.026739505462909718 0.09436722750548647
0 0.3441633122484186 0.8343087051938551 0.03335250143760782 0.08266276517922458
0 0.3742093156986774 0.8313825896122897 0.027314548591144336 0.07827359180687637
0 0.4078493387004025 0.8255303584491588 0.02386428982173663 0.08266276517922458
0 0.43200115008625645 0.8141916605705926 0.030189764232317423 0.08485735186539868
0 0.46420356526739504 0.8087051938551573 0.0359401955146636 0.07681053401609364
0 0.49036802760207016 0.8087051938551573 0.02903967797584819 0.09729334308705194
0 0.5194077055779184 0.7955376737381127 0.03421506612995975 0.091441111923921
0 0.5435595169637722 0.7841989758595465 0.015813686026451983 0.038039502560351136
0 0.5559229442208166 0.7867593269934162 0.01696377228292122 0.06217995610826628
0 0.5753306497987349 0.7820043891733723 0.03105232892466935 0.10387710314557425
0 0.6101207590569293 0.7717629846378932 0.03852788959171938 0.11119239209948793
0 0.6344163312248419 0.7688368690563278 0.03133985048878666 0.09656181419166057
0 0.6620184013801035 0.7600585223116313 0.031914893617021274 0.08339429407461595
0 0.6896204715353651 0.7567666422823701 0.031914893617021274 0.09729334308705194
0 0.7226854514088557 0.7527432333577176 0.028464634847613572 0.06876371616678859
0 0.7531627372052904 0.7435991221653255 0.032489936745255896 0.08705193855157278
0 0.7761644623346751 0.7443306510607169 0.023289246693502012 0.06510607168983175
0 0.8037665324899368 0.7359180687637161 0.03076480736055204 0.06876371616678859
0 0.8283496262219666 0.731528895391368 0.018401380103507763 0.07315288953913679
0 0.8458884416331225 0.7329919531821507 0.02702702702702703 0.06291148500365765
0 0.8677400805060379 0.7187271397220191 0.025876940770557792 0.06803218727139722
0 0.8970672800460034 0.7092172640819312 0.029902242668200116 0.08705193855157278
0 0.926394479585969 0.7051938551572787 0.029327199539965498 0.08046817849305048
0 0.9527027027027027 0.6989758595464521 0.0261644623346751 0.06803218727139722
0 0.9784358826912019 0.6978785662033651 0.023001725129384705 0.061448427212874905
0 0.56196089706728 0.6561814191660571 0.025014376078205867 0.07315288953913679
0 0.5874065554916619 0.6591075347476225 0.03737780333525014 0.09656181419166057
0 0.6137147786083956 0.6389904901243599 0.026739505462909718 0.10021945866861741
0 0.6404542840713053 0.6422823701536211 0.03479010925819436 0.07168983174835405
0 0.6753881541115584 0.6335040234089246 0.025301897642323174 0.07900512070226774
0 0.7032777458309373 0.6199707388441843 0.03335250143760782 0.08558888076079005
0 0.7350488786659 0.6243599122165325 0.027889591719378954 0.06364301389904901
0 0.7560379528464635 0.6141185076810534 0.025014376078205867 0.08266276517922458
0 0.7994537090281771 0.6016825164594002 0.03421506612995975 0.10460863204096561
0 0.81943645773433 0.6013167520117044 0.020701552616446232 0.06876371616678859
0 0.8437320299022427 0.5958302852962692 0.03306497987349051 0.10460863204096561
0 0.8734905117883841 0.591441111923921 0.030477285796434734 0.07973664959765911
0 0.9029614721104082 0.583394294074616 0.038815411155836685 0.09290416971470374
0 0.9363139735480162 0.5716898317483541 0.03076480736055204 0.07973664959765911
0 0.960897067280046 0.5687637161667886 0.025876940770557792 0.06656912948061448
0 0.981311098332375 0.5640087783467447 0.024726854514088556 0.07168983174835405
0 0.574468085106383 0.520848573518654 0.035077630822311676 0.07900512070226774
0 0.6026451983898793 0.5087783467446965 0.025301897642323174 0.08412582297000731
0 0.6319723979298447 0.5051207022677395 0.03622771707878091 0.07242136064374542
0 0.6591431857389304 0.4981711777615216 0.027889591719378954 0.08339429407461595
0 0.7180851063829787 0.4857351865398683 0.029614721104082805 0.08924652523774688
0 0.7471247843588269 0.48280907095830283 0.02903967797584819 0.08046817849305048
0 0.776595744680851 0.4817117776152158 0.04370327774583094 0.07827359180687637
0 0.8063542265669925 0.46964155084125825 0.02443933294997125 0.07168983174835405
0 0.8348188614146062 0.4656181419166057 0.02903967797584819 0.08705193855157278
0 0.8617021276595744 0.4594001463057791 0.029327199539965498 0.0936356986100951
0 0.8941920644048303 0.4509875640087784 0.02875215641173088 0.08412582297000731
0 0.9225129384703853 0.44879297732260426 0.028464634847613572 0.07095830285296269
0 0.9502587694077056 0.4381858083394294 0.034502587694077054 0.09070958302852963
0 0.5527602070155262 0.3928310168251646 0.03076480736055204 0.07900512070226774
0 0.5838125359401956 0.38734455010972935 0.039390454284071307 0.08266276517922458
0 0.613139735480161 0.3763716166788588 0.0261644623346751 0.07242136064374542
0 0.6375790684301322 0.3763716166788588 0.027889591719378954 0.07973664959765911
0 0.6679125934445084 0.365764447695684 0.03220241518113859 0.10095098756400878
0 0.6981023576768257 0.36247256766642283 0.03335250143760782 0.07973664959765911
0 0.726710753306498 0.35515727871250913 0.027314548591144336 0.06656912948061448
0 0.7524439332949971 0.3471104608632041 0.029327199539965498 0.07388441843452817
0 0.7889591719378953 0.34564740307242137 0.03335250143760782 0.09875640087783467
0 0.8394192064404831 0.32772494513533285 0.0359401955146636 0.0936356986100951
0 0.8694652098907418 0.3222384784198976 0.0327774583093732 0.07242136064374542
0 0.8987924094307073 0.3145574250182882 0.02645198389879241 0.061448427212874905
0 0.9281196089706728 0.3061448427212875 0.030477285796434734 0.08558888076079005
0 0.5662737205290397 0.2574981711777615 0.03536515238642898 0.10534016093635698
0 0.5921506612995975 0.2490855888807608 0.026739505462909718 0.08997805413313825
0 0.6196089706728004 0.24177029992684712 0.025876940770557792 0.07973664959765911
0 0.6496549741230593 0.23152889539136795 0.028464634847613572 0.08558888076079005
0 0.6758194364577343 0.22860277980980248 0.030189764232317423 0.09436722750548647
0 0.7084531339850488 0.22713972201901975 0.02645198389879241 0.06510607168983175
0 0.7347613571017826 0.22092172640819313 0.03306497987349051 0.1097293343087052
0 0.7609258194364578 0.21799561082662766 0.027314548591144336 0.08485735186539868
0 0.7916906267970097 0.20958302852962693 0.028464634847613572 0.07681053401609364
0 0.8218803910293272 0.196781272860278 0.03364002300172513 0.07900512070226774
0 0.8548016101207591 0.1960497439648866 0.03737780333525014 0.10095098756400878
0 0.8796722254169063 0.19056327724945135 0.02156411730879816 0.056327724945135334
0 0.9058366877515813 0.1781272860277981 0.025014376078205867 0.0958302852962692
0 0.9174813110983324 0.18763716166788588 0.016101207590569294 0.06071689831748354
0 0.9355951696377228 0.17702999268471104 0.023576768257619323 0.07900512070226774
0 0.9637722829212191 0.16495976591075348 0.03220241518113859 0.09290416971470374
0 0.5531914893617021 0.12948061448427212 0.03105232892466935 0.07315288953913679
0 0.5802185163887291 0.12618873445501097 0.027602070155261643 0.07388441843452817
0 0.6106958021851638 0.12070226773957571 0.03162737205290397 0.07900512070226774
0 0.6664749856239218 0.10680321872713973 0.02817711328349626 0.07315288953913679
0 0.6981023576768257 0.09985369422092173 0.035077630822311676 0.07681053401609364
0 0.7314548591144335 0.09034381858083394 0.030477285796434734 0.07095830285296269
0 0.7560379528464635 0.08961228968544258 0.02558941920644048 0.05779078273591807
0 0.7846463484761357 0.07973664959765911 0.03105232892466935 0.07607900512070227
0 0.8142610695802185 0.07644476956839795 0.02817711328349626 0.07242136064374542
0 0.8420069005175388 0.06547183613752743 0.028464634847613572 0.06510607168983175
0 0.8670212765957447 0.06583760058522312 0.029614721104082805 0.061448427212874905
0 0.8986486486486487 0.05084125822970007 0.029614721104082805 0.06949524506217995
0 0.9276883266244969 0.0457205559619605 0.0261644623346751 0.07095830285296269
0 0.9590281771132835 0.04352596927578639 0.030189764232317423 0.07681053401609364
