0 0.028735632183908046 0.6739776951672862 0.03333333333333333 0.07509293680297398
0 0.7080459770114943 0.31115241635687735 0.06666666666666667 0.07657992565055761
0 0.6727011494252874 0.46022304832713756 0.06724137931034482 0.08773234200743495
0 0.38448275862068965 0.5721189591078067 0.06666666666666667 0.0795539033457249
0 0.3971264367816092 0.8639405204460967 0.06091954022988506 0.0550185873605948
0 0.09166666666666666 0.8312267657992565 0.06839080459770115 0.08327137546468401
0 0.5433908045977012 0.4449814126394052 0.04885057471264368 0.05724907063197026
0 0.6586206896551724 0.8981412639405204 0.08620689655172414 0.08327137546468401
0 0.3336206896551724 0.8557620817843866 0.06954022988505747 0.07137546468401487
0 0.6048850574712644 0.44869888475836434 0.06839080459770115 0.09144981412639405
0 0.16408045977011496 0.38847583643122674 0.056896551724137934 0.07360594795539034
0 0.5807471264367816 0.5966542750929368 0.05 0.07211895910780669
0 0.4646551724137931 0.8732342007434944 0.07298850574712644 0.08550185873605948
0 0.1425287356321839 0.6858736059479554 0.05517241379310345 0.0691449814126394
0 0.7163793103448276 0.16505576208178438 0.0764367816091954 0.0654275092936803
0 0.4247126436781609 0.4379182156133829 0.035632183908045977 0.05204460966542751
0 0.7752873563218391 0.17174721189591077 0.05172413793103448 0.09219330855018587
0 0.2632183908045977 0.8520446096654275 0.07701149425287357 0.08921933085501858
0 0.1310344827586207 0.24646840148698884 0.05517241379310345 0.08550185873605948
0 0.1482758620689655 0.8386617100371747 0.054022988505747126 0.07881040892193308
0 0.8698275862068966 0.48141263940520446 0.07988505747126437 0.09293680297397769
0 0.5267241379310345 0.8884758364312267 0.06379310344827586 0.08029739776951673
0 0.09827586206896552 0.3828996282527881 0.059770114942528735 0.08921933085501858
0 0.2916666666666667 0.4141263940520446 0.05 0.08327137546468401
0 0.7721264367816092 0.6200743494423792 0.052298850574712646 0.07732342007434945
0 0.782183908045977 0.7739776951672862 0.06896551724137931 0.07732342007434945
0 0.22844827586206898 0.40557620817843865 0.06609195402298851 0.08252788104089219
0 0.642816091954023 0.30408921933085503 0.06149425287356322 0.07881040892193308
0 0.45201149425287357 0.12639405204460966 0.0764367816091954 0.08475836431226766
0 0.4827586206896552 0.42862453531598516 0.05862068965517241 0.0795539033457249
0 0.5238505747126436 0.7442379182156134 0.06609195402298851 0.06394052044609666
0 0.14798850574712644 0.5371747211895911 0.06264367816091954 0.08104089219330855
0 0.46120689655172414 0.2821561338289963 0.058045977011494256 0.0691449814126394
0 0.19798850574712643 0.10223048327137546 0.056896551724137934 0.08550185873605948
0 0.2620689655172414 0.1100371747211896 0.06666666666666667 0.08921933085501858
0 0.5086206896551724 0.13977695167286244 0.06206896551724138 0.07434944237918216
0 0.5836206896551724 0.15055762081784388 0.06149425287356322 0.051301115241635685
0 0.6347701149425288 0.1483271375464684 0.06609195402298851 0.06765799256505577
0 0.8462643678160919 0.18327137546468403 0.05344827586206897 0.07063197026022305
0 0.9028735632183909 0.18921933085501857 0.05747126436781609 0.08252788104089219
0 0.9640804597701149 0.3557620817843866 0.04310344827586207 0.09739776951672863
0 0.9045977011494253 0.33903345724907064 0.07471264367816093 0.09219330855018587
0 0.7721264367816092 0.32007434944237917 0.04195402298850575 0.05278810408921933
0 0.07126436781609195 0.23643122676579925 0.040229885057471264 0.038661710037174724
0 0.3505747126436782 0.4107806691449814 0.03793103448275862 0.06171003717472119
0 0.4451149425287356 0.5769516728624535 0.06149425287356322 0.06691449814126393
0 0.5083333333333333 0.5869888475836431 0.039655172413793106 0.058736059479553904
0 0.2160919540229885 0.7 0.05632183908045977 0.08252788104089219
0 0.27011494252873564 0.7074349442379182 0.05632183908045977 0.07509293680297398
0 0.32988505747126434 0.7204460966542751 0.07011494252873564 0.08921933085501858
0 0.4028735632183908 0.7223048327137547 0.06206896551724138 0.08104089219330855
0 0.4600574712643678 0.7319702602230483 0.058045977011494256 0.07211895910780669
0 0.6617816091954023 0.7557620817843866 0.038505747126436785 0.06022304832713755
0 0.721551724137931 0.7631970260223049 0.05574712643678161 0.08401486988847584
0 0.842816091954023 0.7762081784386617 0.052298850574712646 0.04312267657992565
0 0.034482758620689655 0.8133828996282528 0.06436781609195402 0.09516728624535316
0 0.7152298850574713 0.8988847583643123 0.052298850574712646 0.06840148698884758
0 0.789367816091954 0.9130111524163569 0.07528735632183908 0.07434944237918216
0 0.739367816091954 0.9245353159851301 0.058045977011494256 0.07063197026022305
0 0.842816091954023 0.9263940520446097 0.06149425287356322 0.08029739776951673
0 0.9097701149425287 0.9427509293680297 0.05862068965517241 0.07732342007434945
