0 0.4642857142857143 0.6049290515309933 0.06451612903225806 0.09260642270351008
0 0.2808179723502304 0.27632561613144135 0.07085253456221198 0.1075429424943988
0 0.16013824884792627 0.10716952949962659 0.06912442396313365 0.09634055265123226
0 0.1972926267281106 0.5780433159073936 0.07200460829493087 0.1075429424943988
0 0.04406682027649769 0.7244212098581031 0.048963133640553 0.07617625093353249
0 0.5020161290322581 0.44660194174757284 0.06970046082949309 0.08663181478715459
0 0.4415322580645161 0.7733383121732637 0.08237327188940093 0.09335324869305452
0 0.34043778801843316 0.5896191187453323 0.08755760368663594 0.09932785660941
0 0.1264400921658986 0.5780433159073936 0.0673963133640553 0.09260642270351008
0 0.10109447004608295 0.1157580283793876 0.08813364055299538 0.09111277072442121
0 0.601094470046083 0.6183719193427931 0.07661290322580645 0.08513816280806571
0 0.18461981566820276 0.8917102315160568 0.06854838709677419 0.08663181478715459
0 0.410426267281106 0.59260642270351 0.06048387096774194 0.09335324869305452
0 0.6644585253456221 0.31590739357729647 0.07661290322580645 0.10007468259895444
0 0.8554147465437788 0.6340552651232263 0.06797235023041474 0.09410007468259896
0 0.1077188940092166 0.727781926811053 0.0576036866359447 0.07542942494398805
0 0.3686635944700461 0.7640029873039582 0.04377880184331797 0.061239731142643763
0 0.8724078341013825 0.3278566094100075 0.057027649769585256 0.08513816280806571
0 0.5659562211981567 0.7752053771471247 0.06624423963133641 0.06572068707991038
0 0.746831797235023 0.16579536967886482 0.07661290322580645 0.09410007468259896
0 0.42857142857142855 0.4424943988050784 0.08640552995391705 0.10231516056758776
0 0.6975806451612904 0.4719940253920836 0.052995391705069124 0.07617625093353249
0 0.24308755760368664 0.8917102315160568 0.07949308755760369 0.10903659447348768
0 0.9017857142857143 0.9421209858103062 0.06624423963133641 0.09185959671396565
0 0.5486751152073732 0.1530993278566094 0.09619815668202765 0.11202389843166542
0 0.631336405529954 0.46415235250186704 0.06451612903225806 0.08737864077669903
0 0.8925691244239631 0.80134428678118 0.0673963133640553 0.10007468259895444
0 0.2122695852534562 0.27184466019417475 0.08122119815668202 0.10604929051530994
0 0.09014976958525346 0.2643764002987304 0.08122119815668202 0.07318894697535475
0 0.7410714285714286 0.3174010455563854 0.051267281105990783 0.07169529499626587
0 0.04521889400921659 0.8655713218820015 0.0846774193548387 0.1179985063480209
0 0.9375 0.1837191934279313 0.05933179723502304 0.09559372666168783
0 0.6065668202764977 0.3073188946975355 0.06336405529953917 0.09185959671396565
0 0.3211405529953917 0.44548170276325616 0.07430875576036866 0.07692307692307693
0 0.23934331797235023 0.7427184466019418 0.07085253456221198 0.10231516056758776
0 0.7301267281105991 0.6292008961911875 0.07315668202764977 0.10082150858849888
0 0.9377880184331797 0.3312173263629574 0.06221198156682028 0.08588498879761015
0 0.4173387096774194 0.2867811799850635 0.0478110599078341 0.06870799103808813
0 0.6290322580645161 0.1527259148618372 0.06912442396313365 0.09036594473487677
0 0.056451612903225805 0.4133681852128454 0.06336405529953917 0.10978342046303212
0 0.11549539170506913 0.417849141150112 0.07776497695852534 0.09036594473487677
0 0.7733294930875576 0.470873786407767 0.07776497695852534 0.1053024645257655
0 0.8931451612903226 0.49514563106796117 0.07430875576036866 0.10156833457804332
0 0.8381336405529954 0.4809559372666169 0.059907834101382486 0.10604929051530994
0 0.03773041474654378 0.5743091859596714 0.04205069124423963 0.07169529499626587
0 0.0771889400921659 0.5694548170276326 0.04723502304147465 0.06796116504854369
0 0.24798387096774194 0.5832710978342046 0.05587557603686636 0.09260642270351008
0 0.2862903225806452 0.5888722927557879 0.055299539170506916 0.08439133681852129
0 0.5282258064516129 0.6049290515309933 0.08640552995391705 0.1075429424943988
0 0.6589861751152074 0.6235997012696042 0.059907834101382486 0.05825242718446602
0 0.785426267281106 0.6340552651232263 0.07661290322580645 0.10306198655713218
0 0.9351958525345622 0.8028379387602689 0.05357142857142857 0.09111277072442121
0 0.6373847926267281 0.7781926811053025 0.06394009216589862 0.08513816280806571
0 0.6912442396313364 0.7976101568334578 0.06682027649769585 0.10007468259895444
0 0.7632488479262672 0.7875280059746079 0.08294930875576037 0.11277072442120986
0 0.8217165898617511 0.8017176997759522 0.08352534562211981 0.09335324869305452
0 0.49855990783410137 0.7669902912621359 0.07200460829493087 0.09410007468259896
0 0.4115783410138249 0.9100074682598954 0.036290322580645164 0.04256908140403286
0 0.4504608294930876 0.9100074682598954 0.0576036866359447 0.0948469006721434
0 0.4976958525345622 0.9171023151605676 0.0587557603686636 0.070201643017177
0 0.6345046082949308 0.9275578790141897 0.06048387096774194 0.08812546676624347
0 0.6975806451612904 0.929798356982823 0.07949308755760369 0.0970873786407767
0 0.7649769585253456 0.941747572815534 0.08755760368663594 0.08513816280806571
0 0.8292050691244239 0.941747572815534 0.06854838709677419 0.10156833457804332
