0 0.12621082621082622 0.44916540212443096 0.07236467236467237 0.09559939301972686
0 0.8393162393162393 0.4958270106221548 0.07065527065527065 0.09028831562974203
0 0.4128205128205128 0.3099393019726859 0.05527065527065527 0.0629742033383915
0 0.603988603988604 0.16160849772382396 0.045584045584045586 0.05918057663125948
0 0.1717948717948718 0.7488619119878603 0.07692307692307693 0.07283763277693475
0 0.6732193732193732 0.3213201820940819 0.03361823361823362 0.05538694992412747
0 0.6339031339031339 0.48141122913505313 0.07692307692307693 0.11001517450682853
0 0.3754985754985755 0.9290591805766313 0.06267806267806268 0.06449165402124431
0 0.14814814814814814 0.287556904400607 0.0660968660968661 0.08952959028831563
0 0.5421652421652422 0.3137329286798179 0.04843304843304843 0.05993930197268589
0 0.2532763532763533 0.46851289833080423 0.07122507122507123 0.11153262518968134
0 0.44672364672364673 0.4787556904400607 0.07977207977207977 0.08952959028831563
0 0.9065527065527066 0.4992412746585736 0.07521367521367521 0.09256449165402124
0 0.22165242165242166 0.2886949924127466 0.05698005698005698 0.09180576631259484
0 0.18974358974358974 0.9150227617602428 0.05584045584045584 0.07283763277693475
0 0.18233618233618235 0.4533383915022762 0.07521367521367521 0.11153262518968134
0 0.24586894586894587 0.9218512898330804 0.05527065527065527 0.06980273141122914
0 0.34444444444444444 0.30576631259484066 0.062108262108262105 0.09104704097116843
0 0.8774928774928775 0.3258725341426404 0.07635327635327635 0.11001517450682853
0 0.9404558404558404 0.33725341426403643 0.06096866096866097 0.082701062215478
0 0.4792022792022792 0.3091805766312595 0.0660968660968661 0.09635811836115327
0 0.6059829059829059 0.3194233687405159 0.042735042735042736 0.05311077389984825
0 0.7746438746438746 0.49127465857359637 0.04957264957264957 0.07511380880121396
0 0.7384615384615385 0.3262518968133536 0.06267806267806268 0.07435508345978756
0 0.07407407407407407 0.13543247344461304 0.07179487179487179 0.1267071320182094
0 0.14843304843304844 0.13694992412746584 0.05185185185185185 0.08573596358118361
0 0.19914529914529913 0.1422610015174507 0.0678062678062678 0.10698027314112292
0 0.26495726495726496 0.1460546282245827 0.07749287749287749 0.11153262518968134
0 0.3207977207977208 0.15212443095599393 0.0660968660968661 0.09484066767830046
0 0.3572649572649573 0.165402124430956 0.05356125356125356 0.0819423368740516
0 0.3997150997150997 0.16084977238239756 0.05071225071225071 0.048558421851289835
0 0.45413105413105415 0.17450682852807284 0.042165242165242166 0.06676783004552352
0 0.4757834757834758 0.13884673748103188 0.043304843304843306 0.07435508345978756
0 0.49002849002849 0.17526555386949924 0.043304843304843306 0.07283763277693475
0 0.5267806267806268 0.167298937784522 0.05413105413105413 0.07359635811836115
0 0.5595441595441596 0.1638846737481032 0.05925925925925926 0.057663125948406675
0 0.6578347578347579 0.17261001517450683 0.05527065527065527 0.07814871016691957
0 0.6843304843304844 0.1631259484066768 0.044444444444444446 0.05918057663125948
0 0.7287749287749288 0.167298937784522 0.05584045584045584 0.09180576631259484
0 0.7507122507122507 0.17564491654021244 0.040455840455840456 0.08118361153262518
0 0.8535612535612536 0.17450682852807284 0.05356125356125356 0.0819423368740516
0 0.8945868945868946 0.19385432473444614 0.05584045584045584 0.07056145675265554
0 0.9341880341880342 0.18133535660091046 0.05413105413105413 0.06828528072837632
0 0.037891737891737894 0.27579666160849775 0.0301994301994302 0.09635811836115327
0 0.08660968660968661 0.2720030349013657 0.06723646723646724 0.05083459787556904
0 0.08376068376068375 0.3099393019726859 0.05925925925925926 0.04324734446130501
0 0.04757834757834758 0.44840667678300455 0.05982905982905983 0.11836115326251896
0 0.07150997150997151 0.4620637329286798 0.05185185185185185 0.06676783004552352
0 0.31339031339031337 0.468133535660091 0.06723646723646724 0.09863429438543247
0 0.3754985754985755 0.4776176024279211 0.0547008547008547 0.07663125948406677
0 0.5074074074074074 0.466236722306525 0.05982905982905983 0.10091047040971168
0 0.51994301994302 0.48861911987860396 0.06438746438746439 0.07587253414264036
0 0.7076923076923077 0.48368740515933234 0.07521367521367521 0.10849772382397573
0 0.9658119658119658 0.4973444613050076 0.037606837606837605 0.09635811836115327
0 0.037321937321937323 0.6043247344461306 0.05527065527065527 0.09484066767830046
0 0.0905982905982906 0.6077389984825493 0.06495726495726496 0.09711684370257967
0 0.1415954415954416 0.620257966616085 0.046153846153846156 0.08118361153262518
0 0.17492877492877493 0.6145675265553869 0.043304843304843306 0.1047040971168437
0 0.22535612535612537 0.6149468892261002 0.06552706552706553 0.13125948406676782
0 0.29544159544159543 0.6141881638846738 0.09743589743589744 0.10091047040971168
0 0.35327635327635326 0.625948406676783 0.05698005698005698 0.07738998482549317
0 0.40028490028490027 0.6213960546282246 0.06096866096866097 0.0834597875569044
0 0.4236467236467236 0.6305007587253414 0.0472934472934473 0.07132018209408195
0 0.4811965811965812 0.6358118361153262 0.0849002849002849 0.11077389984825493
0 0.603988603988604 0.6282245827010622 0.09230769230769231 0.11380880121396054
0 0.6891737891737891 0.6468133535660091 0.08034188034188035 0.11456752655538695
0 0.7333333333333333 0.6365705614567526 0.07179487179487179 0.09408194233687406
0 0.7874643874643875 0.6555386949924128 0.05811965811965812 0.06525037936267071
0 0.8304843304843305 0.6490895295902883 0.05299145299145299 0.08573596358118361
0 0.042165242165242166 0.7678300455235205 0.06951566951566951 0.1274658573596358
0 0.10883190883190884 0.7765553869499241 0.08660968660968661 0.09028831562974203
0 0.1868945868945869 0.7947647951441578 0.04786324786324787 0.06600910470409711
0 0.30455840455840455 0.7712443095599393 0.06666666666666667 0.1039453717754173
0 0.3524216524216524 0.7795902883156297 0.06096866096866097 0.08573596358118361
0 0.38262108262108263 0.7856600910470409 0.039316239316239315 0.08421851289833081
0 0.43304843304843305 0.7830045523520486 0.07749287749287749 0.09711684370257967
0 0.5116809116809117 0.7830045523520486 0.07635327635327635 0.10318664643399089
0 0.5743589743589743 0.8133535660091047 0.0660968660968661 0.09104704097116843
0 0.6299145299145299 0.7981790591805766 0.05982905982905983 0.07283763277693475
0 0.5737891737891738 0.7685887708649469 0.06381766381766382 0.06980273141122914
0 0.6928774928774929 0.8072837632776935 0.06267806267806268 0.08952959028831563
0 0.7185185185185186 0.7898330804248862 0.05128205128205128 0.07890743550834597
0 0.7572649572649572 0.8106980273141123 0.0603988603988604 0.08573596358118361
0 0.7811965811965812 0.8103186646433991 0.043304843304843306 0.06069802731411229
0 0.8205128205128205 0.8194233687405159 0.08091168091168091 0.08801213960546282
0 0.8626780626780627 0.7985584218512898 0.05128205128205128 0.07814871016691957
0 0.9048433048433049 0.8179059180576631 0.06153846153846154 0.09256449165402124
0 0.9472934472934473 0.8160091047040972 0.046153846153846156 0.09939301972685888
0 0.09544159544159544 0.9089529590288316 0.04843304843304843 0.06828528072837632
0 0.13076923076923078 0.9112291350531108 0.05641025641025641 0.07435508345978756
0 0.29116809116809117 0.921092564491654 0.05242165242165242 0.07435508345978756
0 0.3230769230769231 0.928679817905918 0.043304843304843306 0.0622154779969651
0 0.4433048433048433 0.9233687405159332 0.08091168091168091 0.0834597875569044
0 0.5108262108262108 0.9396813353566009 0.07236467236467237 0.07359635811836115
0 0.5780626780626781 0.9370257966616085 0.062108262108262105 0.07890743550834597
0 0.8350427350427351 0.9449924127465857 0.08717948717948718 0.10091047040971168
0 0.7396011396011396 0.962443095599393 0.049002849002849 0.04931714719271624
0 0.7737891737891738 0.9590288315629742 0.042165242165242166 0.06069802731411229
0 0.705982905982906 0.9427162367223065 0.06495726495726496 0.07966616084977238
0 0.6438746438746439 0.9415781487101669 0.06723646723646724 0.0819423368740516
0 0.911965811965812 0.9632018209408194 0.03133903133903134 0.0417298937784522
