0 0.12049227246708644 0.42938931297709926 0.09215798511734402 0.12137404580152672
0 0.7441327990841442 0.16259541984732825 0.06067544361763022 0.11908396946564885
0 0.18832283915283343 0.9072519083969466 0.0755580995993131 0.083206106870229
0 0.0795649685174585 0.12366412213740458 0.07326846021751574 0.0916030534351145
0 0.8697767601602747 0.6576335877862596 0.07384087006296508 0.07709923664122137
0 0.248712077847739 0.4404580152671756 0.07842014882655982 0.10687022900763359
0 0.6050372066399542 0.15381679389312977 0.04922724670864339 0.07709923664122137
0 0.5649685174585003 0.7851145038167939 0.07097882083571837 0.07251908396946564
0 0.15884373211219233 0.27900763358778624 0.07155123068116771 0.08473282442748091
0 0.6957641671436748 0.933587786259542 0.07842014882655982 0.09618320610687023
0 0.38179736691471095 0.9068702290076336 0.08929593589009731 0.10687022900763359
0 0.6837435603892387 0.16221374045801526 0.07842014882655982 0.10916030534351145
0 0.11276473955352032 0.750381679389313 0.0767029192902118 0.11297709923664122
0 0.09645105895821408 0.2683206106870229 0.0589582140812822 0.08778625954198473
0 0.2172295363480252 0.1316793893129771 0.0658271322266743 0.12290076335877863
0 0.45134516313680595 0.9351145038167938 0.08414424728105323 0.06717557251908397
0 0.0658271322266743 0.8946564885496183 0.06754436176302232 0.0916030534351145
0 0.8079564968517459 0.1599236641221374 0.08185460789925587 0.10305343511450382
0 0.4733829421866056 0.616793893129771 0.08700629650829994 0.1099236641221374
0 0.7607326846021751 0.47595419847328246 0.09273039496279337 0.12900763358778625
0 0.052089295935890095 0.4263358778625954 0.06868918145392101 0.10458015267175573
0 0.7776187750429308 0.9480916030534351 0.06697195191757298 0.08396946564885496
0 0.9441900400686892 0.18053435114503816 0.06353749284487693 0.08931297709923663
0 0.25071551230681166 0.9076335877862596 0.07212364052661706 0.08702290076335878
0 0.2879221522610189 0.1297709923664122 0.06525472238122496 0.10229007633587786
0 0.640812821980538 0.9320610687022901 0.07498568975386377 0.09312977099236641
0 0.25157412707498567 0.7652671755725191 0.08986834573554665 0.09694656488549619
0 0.44275901545506585 0.4541984732824427 0.07384087006296508 0.08244274809160305
0 0.8025186033199772 0.6450381679389313 0.0835718374356039 0.0900763358778626
0 0.4021179164281626 0.14732824427480917 0.07498568975386377 0.09923664122137404
0 0.3388666285060103 0.6122137404580152 0.07326846021751574 0.07480916030534351
0 0.6013165426445335 0.6316793893129771 0.09444762449914139 0.11221374045801527
0 0.6279336004579279 0.46068702290076335 0.08929593589009731 0.10763358778625955
0 0.47481396680022897 0.15152671755725192 0.08757870635374929 0.1
0 0.5475100171722954 0.15534351145038167 0.08299942759015455 0.08931297709923663
0 0.8755008586147682 0.17251908396946564 0.09444762449914139 0.11603053435114503
0 0.04665140240412135 0.2591603053435115 0.04979965655409273 0.0984732824427481
0 0.21036061820263308 0.2820610687022901 0.09444762449914139 0.11526717557251909
0 0.29107040641099025 0.29885496183206106 0.061247853463079566 0.08473282442748091
0 0.35890097309673724 0.2961832061068702 0.06754436176302232 0.10534351145038168
0 0.42673153978248424 0.2931297709923664 0.08872352604464796 0.1083969465648855
0 0.54779622209502 0.29770992366412213 0.10303377218088151 0.13435114503816795
0 0.6124785346307956 0.3057251908396947 0.07097882083571837 0.10458015267175573
0 0.6757298225529479 0.3152671755725191 0.07384087006296508 0.1083969465648855
0 0.7438465941614196 0.3137404580152672 0.07842014882655982 0.09312977099236641
0 0.8042358328563252 0.33587786259541985 0.08128219805380653 0.07633587786259542
0 0.8752146536920435 0.3293893129770992 0.09616485403548941 0.10305343511450382
0 0.9470520892959359 0.3297709923664122 0.06239267315397825 0.10229007633587786
0 0.31081854607899256 0.449618320610687 0.06754436176302232 0.11908396946564885
0 0.8308528906697196 0.483206106870229 0.08185460789925587 0.10534351145038168
0 0.8989696622781912 0.4946564885496183 0.09673726388093876 0.08702290076335878
0 0.9659416141957642 0.49694656488549616 0.034917000572409845 0.10381679389312977
0 0.022610188895249 0.5847328244274809 0.024613623354321695 0.12061068702290076
0 0.07126502575844304 0.5881679389312977 0.07727532913566114 0.12595419847328243
0 0.14195764167143674 0.5870229007633587 0.07899255867200916 0.11908396946564885
0 0.20892959358900973 0.600763358778626 0.0824270177447052 0.10687022900763359
0 0.4064109902690326 0.6099236641221374 0.08013737836290784 0.1083969465648855
0 0.04894104178591872 0.7442748091603053 0.06468231253577561 0.10229007633587786
0 0.31568402976531196 0.7580152671755725 0.045220377790498 0.08396946564885496
0 0.3663423010875787 0.7729007633587787 0.07899255867200916 0.12442748091603054
0 0.4378935317687464 0.7702290076335878 0.0835718374356039 0.12213740458015267
0 0.5120206067544362 0.7805343511450382 0.08070978820835718 0.116793893129771
0 0.7618775042930739 0.7954198473282442 0.08128219805380653 0.09465648854961832
0 0.903548941041786 0.8083969465648855 0.07498568975386377 0.11755725190839694
0 0.3068116771608472 0.9133587786259542 0.06754436176302232 0.08931297709923663
