0 0.007938234014789039 0.2192622950819672 0.011961722488038277 0.06147540983606557
0 0.030991735537190084 0.21670081967213115 0.010221835580687256 0.04610655737704918
0 0.061222270552414096 0.21567622950819673 0.0097868638538495 0.050204918032786885
0 0.08873423227490213 0.23206967213114754 0.010439321444106133 0.05430327868852459
0 0.11320139190952588 0.20594262295081966 0.014571552849064811 0.04918032786885246
0 0.13995215311004786 0.2038934426229508 0.01283166594171379 0.055327868852459015
0 0.16822531535450197 0.20081967213114754 0.010221835580687256 0.06762295081967214
0 0.19780339277946934 0.1910860655737705 0.005437146585471945 0.0625
0 0.2245541539799913 0.19006147540983606 0.0097868638538495 0.04405737704918033
0 0.2535885167464115 0.19364754098360656 0.011309264897781644 0.045081967213114756
0 0.28175293605915613 0.19364754098360656 0.010221835580687256 0.06557377049180328
0 0.3082862113962592 0.18237704918032788 0.015876468029578077 0.0471311475409836
0 0.33721183123097 0.16956967213114754 0.016311439756415833 0.050204918032786885
0 0.3931056981296216 0.1726434426229508 0.010221835580687256 0.0706967213114754
0 0.4201826881252719 0.40625 0.010004349717268378 0.035860655737704916
0 0.38962592431491955 0.4057377049180328 0.014571552849064811 0.045081967213114756
0 0.3652675076120052 0.41700819672131145 0.014136581122227055 0.0389344262295082
0 0.3113310134841235 0.41188524590163933 0.006742061765985211 0.03278688524590164
0 0.2816441931274467 0.42264344262295084 0.010004349717268378 0.060450819672131145
0 0.2556546324488908 0.42469262295081966 0.008481948673336234 0.039959016393442626
0 0.22781644193127445 0.42674180327868855 0.007612005219660722 0.06864754098360656
0 0.19867333623314484 0.43084016393442626 0.007612005219660722 0.06454918032786885
0 0.1692040017398869 0.43186475409836067 0.01652892561983471 0.04815573770491803
0 0.14103958242714223 0.4380122950819672 0.012396694214876033 0.042008196721311473
0 0.11428882122662026 0.4462090163934426 0.00891692040017399 0.05430327868852459
0 0.05969986950848195 0.4605532786885246 0.009351892127011744 0.07479508196721311
0 0.02816441931274467 0.4707991803278688 0.008046976946498478 0.06864754098360656
0 0.053284036537625055 0.6997950819672131 0.01087429317094389 0.0778688524590164
0 0.10798173118747281 0.6828893442622951 0.0137016093953893 0.050204918032786885
0 0.1398434101783384 0.6900614754098361 0.010004349717268378 0.050204918032786885
0 0.16159199652022618 0.6793032786885246 0.004349717268377556 0.04918032786885246
0 0.1904088734232275 0.6618852459016393 0.007612005219660722 0.0471311475409836
0 0.22335798173118748 0.6664959016393442 0.006959547629404089 0.035860655737704916
0 0.24891257068290562 0.6649590163934426 0.011526750761200522 0.0430327868852459
0 0.3298173118747281 0.6506147540983607 0.014136581122227055 0.04918032786885246
0 0.385276207046542 0.6429303278688525 0.011961722488038277 0.060450819672131145
0 0.4146367986080905 0.6270491803278688 0.008481948673336234 0.04918032786885246
0 0.43943018703784253 0.6470286885245902 0.009351892127011744 0.060450819672131145
0 0.44204001739886906 0.8842213114754098 0.006307090039147456 0.05327868852459016
0 0.41735537190082644 0.8837090163934426 0.007394519356241845 0.05635245901639344
0 0.39190952588081773 0.8826844262295082 0.01087429317094389 0.050204918032786885
0 0.3649412788168769 0.8796106557377049 0.013484123531970421 0.050204918032786885
0 0.3366681165724228 0.8888319672131147 0.01826881252718573 0.05225409836065574
0 0.3082862113962592 0.8908811475409836 0.01283166594171379 0.0584016393442623
0 0.2836015658982166 0.8985655737704918 0.012614180078294911 0.028688524590163935
0 0.25206611570247933 0.9001024590163934 0.008699434536755112 0.03790983606557377
0 0.2265115267507612 0.9103483606557377 0.007177033492822967 0.05635245901639344
0 0.19736842105263158 0.9103483606557377 0.010221835580687256 0.0706967213114754
0 0.1692040017398869 0.9170081967213115 0.008699434536755112 0.06352459016393443
0 0.14223575467594607 0.9164959016393442 0.011309264897781644 0.04405737704918033
0 0.11178773379730318 0.9226434426229508 0.013049151805132666 0.07479508196721311
0 0.0875380600260983 0.9380122950819673 0.00891692040017399 0.06864754098360656
0 0.0772074815137016 0.9334016393442623 0.0078294910830796 0.06147540983606557
0 0.061222270552414096 0.9252049180327869 0.008481948673336234 0.07377049180327869
0 0.03120922140060896 0.9318647540983607 0.00891692040017399 0.0625
0 0.44921705089169206 0.16290983606557377 0.0097868638538495 0.045081967213114756
0 0.47814267072640276 0.17008196721311475 0.010221835580687256 0.05737704918032787
0 0.5048934319269247 0.15420081967213115 0.010221835580687256 0.07684426229508197
0 0.535450195737277 0.17059426229508196 0.006524575902566333 0.06454918032786885
0 0.5628534145280557 0.1572745901639344 0.006089604175728578 0.06659836065573771
0 0.6720313179643324 0.15163934426229508 0.010004349717268378 0.0471311475409836
0 0.702914310569813 0.1557377049180328 0.010439321444106133 0.0471311475409836
0 0.7273814702044367 0.15368852459016394 0.006742061765985211 0.0471311475409836
0 0.7573945193562418 0.14959016393442623 0.011961722488038277 0.05942622950819672
0 0.7851239669421488 0.14344262295081966 0.008264462809917356 0.0430327868852459
0 0.8157894736842105 0.14190573770491804 0.010004349717268378 0.06659836065573771
0 0.8961505002174859 0.13575819672131148 0.007612005219660722 0.08094262295081968
0 0.9249673771204872 0.13524590163934427 0.012179208351457155 0.06147540983606557
0 0.5311004784688995 0.3975409836065574 0.0156589821661592 0.045081967213114756
0 0.5260983036102653 0.6285860655737705 0.009134406263592866 0.04405737704918033
0 0.49760765550239233 0.6331967213114754 0.009134406263592866 0.036885245901639344
0 0.47379295345802525 0.5901639344262295 0.004567203131796433 0.030737704918032786
0 0.5308829926054807 0.8688524590163934 0.008699434536755112 0.06352459016393443
0 0.5010874293170944 0.8693647540983607 0.008264462809917356 0.04815573770491803
0 0.4748803827751196 0.8857581967213115 0.014571552849064811 0.060450819672131145
0 0.9843410178338408 0.12756147540983606 0.013919095258808177 0.0625
0 0.9857546759460635 0.36424180327868855 0.0097868638538495 0.035860655737704916
0 0.9558503697259678 0.3668032786885246 0.009569377990430622 0.0389344262295082
0 0.925402348847325 0.3673155737704918 0.0078294910830796 0.05430327868852459
0 0.8984341017833841 0.3714139344262295 0.010004349717268378 0.06659836065573771
0 0.8710308829926054 0.3709016393442623 0.011309264897781644 0.0389344262295082
0 0.8411265767725098 0.3765368852459016 0.00891692040017399 0.07274590163934426
0 0.8137233579817312 0.36834016393442626 0.011526750761200522 0.039959016393442626
0 0.7870813397129187 0.38473360655737704 0.008699434536755112 0.027663934426229508
0 0.7585906916050457 0.3801229508196721 0.007394519356241845 0.05327868852459016
0 0.7054153979991301 0.3867827868852459 0.00891692040017399 0.04815573770491803
0 0.6993257938234014 0.3837090163934426 0.006742061765985211 0.05225409836065574
0 0.676163549369291 0.3801229508196721 0.011309264897781644 0.0389344262295082
0 0.6477816441931274 0.3944672131147541 0.010221835580687256 0.055327868852459015
0 0.5896041757285776 0.38729508196721313 0.012614180078294911 0.0471311475409836
0 0.5639408438451501 0.39190573770491804 0.013484123531970421 0.039959016393442626
0 0.5585036972596781 0.6444672131147541 0.012614180078294911 0.0430327868852459
0 0.5919965202261853 0.6306352459016393 0.006959547629404089 0.04405737704918033
0 0.6122227055241409 0.6342213114754098 0.012179208351457155 0.045081967213114756
0 0.6369073510221835 0.6342213114754098 0.006307090039147456 0.055327868852459015
0 0.6687690300130491 0.625 0.011309264897781644 0.05122950819672131
0 0.7281426707264028 0.6239754098360656 0.007394519356241845 0.030737704918032786
0 0.8051326663766856 0.6137295081967213 0.012614180078294911 0.036885245901639344
0 0.8849499782514136 0.6019467213114754 0.009134406263592866 0.02971311475409836
0 0.9174641148325359 0.6070696721311475 0.0097868638538495 0.031762295081967214
0 0.9453023053501522 0.600922131147541 0.0137016093953893 0.04815573770491803
0 0.9778164419312745 0.6019467213114754 0.0078294910830796 0.0625
0 0.9545454545454546 0.8493852459016393 0.008264462809917356 0.04918032786885246
0 0.9260548064375815 0.850922131147541 0.007394519356241845 0.06454918032786885
0 0.8947368421052632 0.8422131147540983 0.008699434536755112 0.04918032786885246
0 0.8690735102218355 0.8452868852459017 0.005219660722053067 0.05942622950819672
0 0.8398216615919966 0.8539959016393442 0.00891692040017399 0.05635245901639344
0 0.8155719878207917 0.8565573770491803 0.006959547629404089 0.05737704918032787
0 0.785667681600696 0.8560450819672131 0.004132231404958678 0.050204918032786885
0 0.7586994345367551 0.8632172131147541 0.007612005219660722 0.06864754098360656
0 0.6706176598521096 0.8657786885245902 0.011091779034362766 0.08811475409836066
0 0.6421270117442366 0.875 0.00891692040017399 0.06147540983606557
0 0.5849282296650717 0.8729508196721312 0.007177033492822967 0.05122950819672131
0 0.8419965202261853 0.14549180327868852 0.005437146585471945 0.030737704918032786
0 0.6126576772509786 0.8770491803278688 0.005654632448890822 0.028688524590163935
