0 0.0852768201176232 0.15246636771300448 0.010342729669438248 0.05829596412556054
0 0.11295883187994321 0.15526905829596413 0.012979111742040155 0.03923766816143498
0 0.2152707361589941 0.12780269058295965 0.009937132427499494 0.07623318385650224
0 0.24173595619549787 0.1266816143497758 0.01338470898397891 0.05829596412556054
0 0.27093895761508824 0.11827354260089686 0.01176232001622389 0.04147982062780269
0 0.35063881565605354 0.10369955156950672 0.006895153112958832 0.05717488789237668
0 0.3762928412086798 0.09809417040358745 0.009531535185560738 0.06614349775784753
0 0.40417765159196917 0.10201793721973094 0.00932873656459136 0.06502242152466367
0 0.42689109714053947 0.3598654708520179 0.011356722774285136 0.05605381165919283
0 0.40062867572500505 0.3604260089686099 0.009125937943621983 0.05493273542600897
0 0.2970999797201379 0.3789237668161435 0.006895153112958832 0.03587443946188341
0 0.26962076657878725 0.39125560538116594 0.007503548975866964 0.05829596412556054
0 0.24254715067937538 0.3957399103139013 0.007300750354897587 0.06053811659192825
0 0.19144189819509227 0.39966367713004486 0.009734333806530115 0.04596412556053812
0 0.13607787467045224 0.4192825112107623 0.010545528290407625 0.06502242152466367
0 0.11204623808558102 0.4187219730941704 0.010342729669438248 0.07511210762331838
0 0.08517542080713851 0.42432735426008966 0.005678361387142568 0.05493273542600897
0 0.055161224903670654 0.4226457399103139 0.006489555871020077 0.04484304932735426
0 0.030723991076860677 0.43385650224215244 0.008314743459744475 0.04484304932735426
0 0.051510849726221865 0.6978699551569507 0.006083958629081322 0.043721973094170405
0 0.07777327114175624 0.6905829596412556 0.009125937943621983 0.06726457399103139
0 0.10423849117825999 0.6838565022421524 0.006083958629081322 0.04035874439461883
0 0.13080511052524843 0.6804932735426009 0.008111944838775096 0.07174887892376682
0 0.15524234435205841 0.6743273542600897 0.009937132427499494 0.04596412556053812
0 0.2647535996755222 0.6507847533632287 0.010342729669438248 0.03699551569506727
0 0.2953761914418982 0.6311659192825112 0.009937132427499494 0.03139013452914798
0 0.3654431149868181 0.6367713004484304 0.010545528290407625 0.04035874439461883
0 0.39474751571689315 0.6294843049327354 0.010748326911377002 0.04820627802690583
0 0.4200973433380653 0.6300448430493274 0.008314743459744475 0.06726457399103139
0 0.37142567430541473 0.898542600896861 0.006286757250050699 0.05493273542600897
0 0.3459744473737579 0.9002242152466368 0.00932873656459136 0.053811659192825115
0 0.3240721963090651 0.9007847533632287 0.006489555871020077 0.04820627802690583
0 0.2973027783411073 0.9035874439461884 0.0032447779355100387 0.0515695067264574
0 0.24204015412695193 0.9159192825112108 0.007097951733928209 0.06053811659192825
0 0.21719732305820322 0.9181614349775785 0.008517542080713852 0.07623318385650224
0 0.16386128574325695 0.9411434977578476 0.0036503751774487935 0.05044843049327354
0 0.4581220847698236 0.09473094170403587 0.011356722774285136 0.06838565022421525
0 0.48681808963699047 0.0812780269058296 0.013181910363009532 0.05044843049327354
0 0.5066923544919895 0.09360986547085202 0.009937132427499494 0.07286995515695067
0 0.5648955587102008 0.0773542600896861 0.011153924153315757 0.04708520179372197
0 0.6172176029203001 0.07174887892376682 0.010342729669438248 0.06053811659192825
0 0.6450010139931048 0.07511210762331838 0.008720340701683229 0.04932735426008968
0 0.6800851754208072 0.06614349775784753 0.008720340701683229 0.05605381165919283
0 0.6863719326708578 0.07567264573991031 0.008314743459744475 0.05044843049327354
0 0.6998580409653214 0.07062780269058296 0.004055972419387548 0.03587443946188341
0 0.7262218616913405 0.062219730941704035 0.010139931048468871 0.07286995515695067
0 0.7854390590143987 0.06053811659192825 0.007300750354897587 0.0515695067264574
0 0.8348205232204421 0.05605381165919283 0.008720340701683229 0.05605381165919283
0 0.8619955384303387 0.05773542600896861 0.007503548975866964 0.052690582959641255
0 0.8896775501926587 0.05437219730941704 0.008517542080713852 0.052690582959641255
0 0.9425065909551815 0.04932735426008968 0.011965118637193267 0.04484304932735426
0 0.9436219833705131 0.32062780269058294 0.007706347596836341 0.02914798206278027
0 0.8877509632934496 0.31670403587443946 0.009125937943621983 0.07286995515695067
0 0.8062259176637598 0.3195067264573991 0.011965118637193267 0.04484304932735426
0 0.6983370513080511 0.3352017937219731 0.008720340701683229 0.05605381165919283
0 0.6480429933076455 0.3368834080717489 0.007503548975866964 0.043721973094170405
0 0.594808355303184 0.34080717488789236 0.004867166903265057 0.05605381165919283
0 0.5346785641857635 0.3452914798206278 0.006286757250050699 0.042600896860986545
0 0.4567024944230379 0.3598654708520179 0.01176232001622389 0.05605381165919283
0 0.5277834110728047 0.6154708520179372 0.007909146217805718 0.04932735426008968
0 0.5855810180490773 0.6065022421524664 0.007503548975866964 0.0515695067264574
0 0.6262421415534374 0.6081838565022422 0.007706347596836341 0.05493273542600897
0 0.6382072601906307 0.5992152466367713 0.006489555871020077 0.05493273542600897
0 0.6913404988846076 0.6053811659192825 0.006083958629081322 0.05829596412556054
0 0.772966943824782 0.5913677130044843 0.006286757250050699 0.05941704035874439
0 0.7987223686878929 0.5952914798206278 0.008314743459744475 0.04484304932735426
0 0.8040965321435815 0.5919282511210763 0.006489555871020077 0.053811659192825115
0 0.8275197728655446 0.594170403587444 0.007909146217805718 0.04932735426008968
0 0.8386736970188603 0.5880044843049327 0.007503548975866964 0.05493273542600897
0 0.8790306225917663 0.5868834080717489 0.004258771040356926 0.05941704035874439
0 0.9112756033258974 0.8525784753363229 0.00547556276617319 0.06838565022421525
0 0.8874467653619955 0.8559417040358744 0.008111944838775096 0.0257847533632287
0 0.8325897383897789 0.8548206278026906 0.01399310484688704 0.03923766816143498
0 0.8078483066315149 0.8649103139013453 0.009125937943621983 0.0795964125560538
0 0.7792537010748327 0.8576233183856502 0.010342729669438248 0.04708520179372197
0 0.7487325086189414 0.859304932735426 0.008923139322652606 0.05044843049327354
0 0.6960048671669032 0.8632286995515696 0.00932873656459136 0.06726457399103139
0 0.6647738795376191 0.8705156950672646 0.010139931048468871 0.05044843049327354
0 0.6125532346380045 0.8721973094170403 0.00547556276617319 0.06726457399103139
0 0.587304806327317 0.882847533632287 0.006083958629081322 0.04820627802690583
0 0.5595213952545123 0.882847533632287 0.006895153112958832 0.05493273542600897
0 0.5342729669438248 0.8778026905829597 0.010342729669438248 0.04035874439461883
0 0.45578990062867575 0.8862107623318386 0.010342729669438248 0.04820627802690583
0 0.593794362198337 0.07118834080717489 0.008923139322652606 0.028026905829596414
