0 0.012462718363868768 0.2088477366255144 0.010864933958244567 0.047325102880658436
0 0.035364294844482315 0.2139917695473251 0.005965061780997018 0.053497942386831275
0 0.15146996165317428 0.19753086419753085 0.006391137622496805 0.04526748971193416
0 0.11972731146144014 0.205761316872428 0.010651896037494673 0.04938271604938271
0 0.14582445675330208 0.2001028806584362 0.005325948018747337 0.06275720164609054
0 0.17586280357903708 0.19907407407407407 0.007030251384746485 0.03806584362139918
0 0.19365146996165317 0.205761316872428 0.006817213463996591 0.03497942386831276
0 0.24510012782275245 0.19290123456790123 0.006178099701746911 0.040123456790123455
0 0.2838730293992331 0.19393004115226337 0.007456327226246272 0.05452674897119342
0 0.31412441414571796 0.1882716049382716 0.012569237324243716 0.043209876543209874
0 0.3961440136344269 0.18415637860082304 0.006178099701746911 0.06378600823045268
0 0.42447805709416275 0.17335390946502058 0.010438858116744781 0.040123456790123455
0 0.4533446953557733 0.18878600823045266 0.005965061780997018 0.06893004115226338
0 0.5088410737111205 0.16872427983539096 0.007030251384746485 0.053497942386831275
0 0.4838091180230081 0.4218106995884774 0.004686834256497656 0.051440329218107
0 0.5037281636131231 0.6553497942386831 0.010012782275244993 0.047325102880658436
0 0.4547294418406476 0.42849794238683125 0.005325948018747337 0.03806584362139918
0 0.43108223263740947 0.42232510288065844 0.005325948018747337 0.04835390946502058
0 0.3996591393268002 0.4305555555555556 0.002982530890498509 0.03806584362139918
0 0.37313591819343844 0.42901234567901236 0.006604175543246698 0.03497942386831276
0 0.34650617809970174 0.43364197530864196 0.007456327226246272 0.04218106995884774
0 0.3183851725607158 0.4418724279835391 0.007030251384746485 0.04218106995884774
0 0.2917554324669791 0.44135802469135804 0.004473796335747763 0.037037037037037035
0 0.2646996165317427 0.4398148148148148 0.010438858116744781 0.040123456790123455
0 0.20675330208777162 0.43724279835390945 0.010012782275244993 0.03292181069958848
0 0.1804431188751598 0.4434156378600823 0.005538985939497231 0.03909465020576132
0 0.15157648061354922 0.44290123456790126 0.007882403067746058 0.044238683127572016
0 0.12452066467831274 0.4506172839506173 0.005752023860247124 0.06172839506172839
0 0.0847890924584576 0.4506172839506173 0.008095440988495952 0.04526748971193416
0 0.06945036216446528 0.46039094650205764 0.004686834256497656 0.05246913580246913
0 0.04654878568385173 0.45164609053497945 0.004473796335747763 0.053497942386831275
0 0.015125692373242437 0.45524691358024694 0.004686834256497656 0.046296296296296294
0 0.03877290157648061 0.7011316872427984 0.006391137622496805 0.03806584362139918
0 0.06391137622496805 0.6954732510288066 0.009373668512995313 0.04938271604938271
0 0.1449723050703025 0.6959876543209876 0.007030251384746485 0.044238683127572016
0 0.22837665104388583 0.6862139917695473 0.005538985939497231 0.06995884773662552
0 0.25830847890924585 0.6800411522633745 0.006604175543246698 0.051440329218107
0 0.28397954835960804 0.6805555555555556 0.007243289305496378 0.044238683127572016
0 0.36589262888794205 0.6774691358024691 0.007030251384746485 0.06481481481481481
0 0.39710268427780143 0.6671810699588477 0.007669365146996165 0.06893004115226338
0 0.5050063911376225 0.904835390946502 0.005752023860247124 0.04835390946502058
0 0.47731146144013636 0.9032921810699589 0.008734554750745633 0.047325102880658436
0 0.451959948870899 0.9094650205761317 0.007030251384746485 0.04526748971193416
0 0.42309331060928845 0.9089506172839507 0.008095440988495952 0.04218106995884774
0 0.3933745206646783 0.9099794238683128 0.006604175543246698 0.050411522633744855
0 0.36408180656156797 0.9166666666666666 0.005538985939497231 0.047325102880658436
0 0.337984661269706 0.9212962962962963 0.010864933958244567 0.0360082304526749
0 0.3095440988495952 0.918724279835391 0.011077971878994461 0.03292181069958848
0 0.26949296974861525 0.9516460905349794 0.005965061780997018 0.053497942386831275
0 0.2535151256923732 0.926440329218107 0.011077971878994461 0.029835390946502057
0 0.14571793779292713 0.9326131687242798 0.005538985939497231 0.05246913580246913
0 0.12004686834256498 0.9351851851851852 0.005752023860247124 0.0411522633744856
0 0.08873029399233064 0.9372427983539094 0.006604175543246698 0.030864197530864196
0 0.06146144013634427 0.9429012345679012 0.005325948018747337 0.060699588477366256
0 0.5603962505325948 0.16820987654320987 0.007882403067746058 0.06481481481481481
0 0.5748828291435876 0.17592592592592593 0.005325948018747337 0.04938271604938271
0 0.5908606731998296 0.17181069958847736 0.004473796335747763 0.04526748971193416
0 0.61994034938219 0.1558641975308642 0.006817213463996591 0.04218106995884774
0 0.6448657861099276 0.15380658436213993 0.008521516829995739 0.0668724279835391
0 0.7030251384746485 0.14506172839506173 0.005965061780997018 0.012345679012345678
0 0.7570302513847464 0.14248971193415638 0.005325948018747337 0.033950617283950615
0 0.7868555602897316 0.1352880658436214 0.006604175543246698 0.05864197530864197
0 0.8201959948870899 0.13991769547325103 0.008947592671495527 0.043209876543209874
0 0.8457605453770771 0.13220164609053497 0.005538985939497231 0.056584362139917695
0 0.8763314870046869 0.13117283950617284 0.011717085641244141 0.03806584362139918
0 0.9066893907115466 0.12757201646090535 0.012356199403493822 0.0411522633744856
0 0.9287388155091606 0.12757201646090535 0.005752023860247124 0.06172839506172839
0 0.9578184916915211 0.12962962962962962 0.005965061780997018 0.06995884773662552
0 0.9657008947592671 0.39094650205761317 0.006817213463996591 0.051440329218107
0 0.9814657008947593 0.6136831275720165 0.007669365146996165 0.044238683127572016
0 0.9846612697060076 0.8657407407407407 0.008095440988495952 0.05246913580246913
0 0.9566467831273967 0.8631687242798354 0.009160630592245419 0.03909465020576132
0 0.9555815935236472 0.6234567901234568 0.006604175543246698 0.06790123456790123
0 0.9337452066467832 0.37037037037037035 0.0051129100979974435 0.053497942386831275
0 0.8754793353216873 0.38117283950617287 0.01469961653174265 0.044238683127572016
0 0.8471452918619514 0.3765432098765432 0.006178099701746911 0.0411522633744856
0 0.7628887942053686 0.39711934156378603 0.005538985939497231 0.05761316872427984
0 0.7090967192160205 0.3950617283950617 0.007456327226246272 0.06790123456790123
0 0.681827865360034 0.4007201646090535 0.003621644652748189 0.046296296296296294
0 0.6567959096719216 0.39711934156378603 0.007243289305496378 0.03497942386831276
0 0.5673199829569664 0.40483539094650206 0.007669365146996165 0.050411522633744855
0 0.5395185342991052 0.40997942386831276 0.005752023860247124 0.046296296296296294
0 0.5119301235619941 0.4140946502057613 0.004686834256497656 0.050411522633744855
0 0.5314230933106093 0.654320987654321 0.005325948018747337 0.053497942386831275
0 0.5611418832552194 0.6502057613168725 0.014486578610992756 0.03292181069958848
0 0.5874520664678313 0.6538065843621399 0.009586706433745207 0.046296296296296294
0 0.5969322539412015 0.6517489711934157 0.008947592671495527 0.07098765432098765
0 0.6182360460161909 0.6466049382716049 0.008521516829995739 0.05452674897119342
0 0.6459309757136771 0.6430041152263375 0.007669365146996165 0.05555555555555555
0 0.7057946314443971 0.6419753086419753 0.0038346825734980826 0.02263374485596708
0 0.7313591819343843 0.6337448559670782 0.007669365146996165 0.053497942386831275
0 0.788027268853856 0.6383744855967078 0.013634426927993182 0.06275720164609054
0 0.8136983383042181 0.6280864197530864 0.007456327226246272 0.06893004115226338
0 0.8448018747337026 0.6270576131687243 0.009586706433745207 0.05864197530864197
0 0.8724968044311887 0.6244855967078189 0.011291009799744355 0.03497942386831276
0 0.8997656582871751 0.6203703703703703 0.004047720494247976 0.06172839506172839
0 0.929910524073285 0.6193415637860082 0.011077971878994461 0.051440329218107
0 0.9280997017469109 0.8641975308641975 0.008308478909245846 0.0411522633744856
0 0.8991265445249255 0.8672839506172839 0.005752023860247124 0.05761316872427984
0 0.86994034938219 0.8662551440329218 0.008308478909245846 0.06378600823045268
0 0.8462931401789519 0.8636831275720165 0.011291009799744355 0.04835390946502058
0 0.8149765658287175 0.8662551440329218 0.009586706433745207 0.04526748971193416
0 0.787920749893481 0.8770576131687243 0.005752023860247124 0.05452674897119342
0 0.7568172134639966 0.8765432098765432 0.011291009799744355 0.03497942386831276
0 0.7322113336173839 0.8827160493827161 0.008095440988495952 0.05555555555555555
0 0.704090328078398 0.8852880658436214 0.006391137622496805 0.04835390946502058
0 0.06795909671921602 0.20627572016460904 0.002982530890498509 0.027777777777777776
0 0.6725607158074137 0.8863168724279835 0.006391137622496805 0.07921810699588477
0 0.6475287601193013 0.8883744855967078 0.009586706433745207 0.07098765432098765
0 0.5891563698338305 0.8914609053497943 0.007030251384746485 0.044238683127572016
0 0.5598636557307201 0.8878600823045267 0.006817213463996591 0.06378600823045268
0 0.5327013208351087 0.8996913580246914 0.008308478909245846 0.06275720164609054
0 0.1144013634426928 0.9382716049382716 0.0034086067319982955 0.043209876543209874
0 0.2377503195568811 0.4444444444444444 0.004686834256497656 0.02880658436213992
0 0.5487856838517257 0.6820987654320988 0.007243289305496378 0.02880658436213992
