0 0.014525646845211076 0.15039447731755423 0.011348161597821153 0.0601577909270217
0 0.04482523831139355 0.14644970414201183 0.011575124829777576 0.0621301775147929
0 0.1004312301407172 0.16124260355029585 0.007489786654561961 0.05621301775147929
0 0.30957784838856106 0.16518737672583828 0.009532455742169769 0.04437869822485207
0 0.33726736268724467 0.16568047337278108 0.008624602814344077 0.06903353057199212
0 0.3536087153881071 0.17357001972386588 0.012256014525646845 0.0631163708086785
0 0.36665910122560147 0.17406311637080868 0.010667271901951884 0.05818540433925049
0 0.42646391284611895 0.16715976331360946 0.016795279164775308 0.054240631163708086
0 0.4824103495233772 0.1711045364891519 0.007035860190649115 0.0641025641025641
0 0.507489786654562 0.17061143984220908 0.014525646845211076 0.04142011834319527
0 0.5710394916023604 0.16666666666666666 0.011348161597821153 0.04930966469428008
0 0.5995233772128915 0.17061143984220908 0.016568315932818885 0.05719921104536489
0 0.5979346345891966 0.3969428007889546 0.015660463004993193 0.05226824457593689
0 0.6176804357694053 0.6326429980276134 0.006128007262823422 0.04043392504930966
0 0.5931684067181117 0.8619329388560157 0.007943713118474808 0.05719921104536489
0 0.5891965501588743 0.6267258382642998 0.009078529278256923 0.046351084812623275
0 0.540285973672265 0.39250493096646943 0.012029051293690422 0.021696252465483234
0 0.425442578302315 0.398422090729783 0.01112119836586473 0.045364891518737675
0 0.3671130276895143 0.39398422090729784 0.010213345438039038 0.03648915187376726
0 0.334770767135724 0.39349112426035504 0.009532455742169769 0.03353057199211045
0 0.30265546981389013 0.3979289940828402 0.006581933726736269 0.03254437869822485
0 0.03790285973672265 0.6060157790927022 0.013617793917385384 0.05029585798816568
0 0.06434407625964594 0.6153846153846154 0.009305492510213346 0.06903353057199212
0 0.5279164775306401 0.633629191321499 0.01270994098955969 0.04437869822485207
0 0.5583295506128008 0.6178500986193294 0.009078529278256923 0.0601577909270217
0 0.5651384475714935 0.8594674556213018 0.008170676350431231 0.03451676528599606
0 0.5337040399455288 0.8648915187376726 0.008397639582387654 0.03550295857988166
0 0.5048797094870631 0.8520710059171598 0.010667271901951884 0.03944773175542406
0 0.4796867907399001 0.8584812623274162 0.012029051293690422 0.04043392504930966
0 0.44734453018610987 0.8579881656804734 0.008624602814344077 0.05128205128205128
0 0.42169768497503407 0.8574950690335306 0.010894235133908307 0.046351084812623275
0 0.3926463912846119 0.8515779092702169 0.009078529278256923 0.046351084812623275
0 0.1286881525192919 0.8402366863905325 0.011802088061733999 0.05719921104536489
0 0.06820245120290513 0.8441814595660749 0.01112119836586473 0.04930966469428008
0 0.03778937812074444 0.8471400394477318 0.0088515660463005 0.07297830374753451
0 0.00964593735814798 0.8446745562130178 0.007943713118474808 0.048323471400394474
0 0.6580798910576486 0.16420118343195267 0.011575124829777576 0.05029585798816568
0 0.7168633681343622 0.17406311637080868 0.01112119836586473 0.07988165680473373
0 0.7733772128915116 0.16617357001972385 0.010667271901951884 0.05621301775147929
0 0.8069677712210622 0.1755424063116371 0.009759418974126192 0.05917159763313609
0 0.8623467998184294 0.17406311637080868 0.006581933726736269 0.06607495069033531
0 0.8928733545165684 0.17504930966469429 0.009986382206082615 0.0621301775147929
0 0.9488197911938266 0.1799802761341223 0.01702224239673173 0.04437869822485207
0 0.9809350885156605 0.1799802761341223 0.01044030866999546 0.06607495069033531
0 0.9727644121652292 0.41272189349112426 0.010894235133908307 0.038461538461538464
0 0.9712891511575125 0.6365877712031558 0.006581933726736269 0.05029585798816568
0 0.9719700408533818 0.863905325443787 0.008397639582387654 0.0650887573964497
0 0.9163640490240581 0.41321499013806706 0.010213345438039038 0.03550295857988166
0 0.8322741715842034 0.40236686390532544 0.009986382206082615 0.0631163708086785
0 0.7723558783477077 0.3969428007889546 0.012256014525646845 0.05818540433925049
0 0.741942805265547 0.40581854043392507 0.010894235133908307 0.05029585798816568
0 0.7073309123921925 0.40138067061143984 0.007035860190649115 0.047337278106508875
0 0.685088515660463 0.39644970414201186 0.011575124829777576 0.03747534516765286
0 0.6446890603722197 0.6242603550295858 0.006128007262823422 0.045364891518737675
0 0.671697684975034 0.6331360946745562 0.007943713118474808 0.029585798816568046
0 0.7019972764412166 0.6306706114398422 0.006808896958692692 0.048323471400394474
0 0.7330912392192465 0.6267258382642998 0.01044030866999546 0.04437869822485207
0 0.7662278710848842 0.6301775147928994 0.008624602814344077 0.04339250493096647
0 0.7910803449841126 0.6375739644970414 0.007489786654561961 0.038461538461538464
0 0.8495233772128915 0.6296844181459567 0.005901044030866999 0.048323471400394474
0 0.8815251929187472 0.6405325443786982 0.009078529278256923 0.03254437869822485
0 0.9413300045392646 0.8703155818540433 0.007489786654561961 0.054240631163708086
0 0.9150022696323196 0.8658777120315582 0.006128007262823422 0.05719921104536489
0 0.8828869723104857 0.868836291913215 0.010894235133908307 0.027613412228796843
0 0.8528143440762597 0.866370808678501 0.011575124829777576 0.054240631163708086
0 0.8220608261461643 0.866370808678501 0.01044030866999546 0.054240631163708086
0 0.7957330912392192 0.8693293885601578 0.010894235133908307 0.03648915187376726
0 0.7372900590104403 0.868836291913215 0.0088515660463005 0.027613412228796843
0 0.7056286881525193 0.8619329388560157 0.008624602814344077 0.029585798816568046
0 0.676463912846119 0.863905325443787 0.005674080798910576 0.03944773175542406
0 0.32535179300953243 0.6296844181459567 0.004312301407172038 0.038461538461538464
