0 0.013215859030837005 0.5875763747454175 0.01762114537444934 0.038696537678207736
0 0.03898678414096916 0.575356415478615 0.01894273127753304 0.05091649694501019
0 0.07246696035242291 0.5605906313645621 0.025991189427312777 0.0539714867617108
0 0.10044052863436123 0.5386965376782077 0.014977973568281937 0.03054989816700611
0 0.126431718061674 0.5259674134419552 0.02555066079295154 0.045824847250509164
0 0.1592511013215859 0.5117107942973523 0.018061674008810574 0.025458248472505093
0 0.19096916299559472 0.4862525458248472 0.01894273127753304 0.03971486761710794
0 0.2209251101321586 0.4775967413441955 0.014537444933920705 0.03665987780040733
0 0.5200440528634361 0.31415478615071285 0.015418502202643172 0.045824847250509164
0 0.4922907488986784 0.3360488798370672 0.025110132158590308 0.05295315682281059
0 0.45572687224669606 0.3589613034623218 0.02158590308370044 0.051934826883910386
0 0.4066079295154185 0.3859470468431772 0.022026431718061675 0.05091649694501019
0 0.36938325991189425 0.39918533604887985 0.01894273127753304 0.04480651731160896
0 0.3464757709251101 0.4103869653767821 0.013656387665198238 0.04276985743380855
0 0.3096916299559471 0.42820773930753564 0.02643171806167401 0.04786150712830957
0 0.283920704845815 0.4445010183299389 0.019823788546255508 0.04786150712830957
0 0.24030837004405287 0.4623217922606925 0.01894273127753304 0.04276985743380855
0 0.49427312775330395 0.5040733197556008 0.01762114537444934 0.04073319755600815
0 0.46365638766519823 0.5310590631364562 0.022466960352422908 0.0560081466395112
0 0.4286343612334802 0.5417515274949084 0.022026431718061675 0.05702647657841141
0 0.40550660792951543 0.5509164969450102 0.020704845814977973 0.048879837067209775
0 0.37290748898678416 0.570264765784114 0.022466960352422908 0.05702647657841141
0 0.3464757709251101 0.5870672097759674 0.018061674008810574 0.04175152749490835
0 0.3145374449339207 0.6028513238289206 0.02907488986784141 0.07128309572301425
0 0.2740088105726872 0.620162932790224 0.022026431718061675 0.04684317718940937
0 0.25242290748898677 0.6359470468431772 0.01762114537444934 0.05804480651731161
0 0.22929515418502203 0.645112016293279 0.019823788546255508 0.04786150712830957
0 0.1947136563876652 0.6659877800407332 0.014977973568281937 0.04073319755600815
0 0.17158590308370045 0.6771894093686355 0.017180616740088105 0.032586558044806514
0 0.13964757709251102 0.6873727087576375 0.018502202643171806 0.059063136456211814
0 0.11519823788546256 0.709775967413442 0.019823788546255508 0.032586558044806514
0 0.08722466960352424 0.714867617107943 0.024669603524229075 0.05295315682281059
0 0.04361233480176212 0.7321792260692465 0.018502202643171806 0.04073319755600815
0 0.02158590308370044 0.7464358452138493 0.022026431718061675 0.05091649694501019
0 0.5026431718061674 0.679735234215886 0.014096916299559472 0.03360488798370672
0 0.47400881057268723 0.7031568228105907 0.01762114537444934 0.031568228105906315
0 0.44427312775330396 0.7174134419551935 0.019823788546255508 0.03971486761710794
0 0.4185022026431718 0.7260692464358453 0.014096916299559472 0.034623217922606926
0 0.38634361233480174 0.7413441955193483 0.022026431718061675 0.04276985743380855
0 0.3568281938325991 0.7673116089613035 0.02026431718061674 0.04378818737270876
0 0.3196035242290749 0.7759674134419552 0.024229074889867842 0.03665987780040733
0 0.2918502202643172 0.7912423625254582 0.020704845814977973 0.048879837067209775
0 0.2618942731277533 0.814663951120163 0.022466960352422908 0.05295315682281059
0 0.23832599118942732 0.8167006109979633 0.01762114537444934 0.04480651731160896
0 0.20726872246696035 0.8263747454175153 0.025991189427312777 0.0539714867617108
0 0.17312775330396477 0.8436863543788188 0.016740088105726872 0.03360488798370672
0 0.12092511013215859 0.879837067209776 0.01894273127753304 0.04480651731160896
0 0.027753303964757708 0.9210794297352343 0.022026431718061675 0.04378818737270876
0 0.9892070484581498 0.43075356415478616 0.01894273127753304 0.04684317718940937
0 0.9511013215859031 0.45010183299389 0.010572687224669603 0.02240325865580448
0 0.9248898678414097 0.4653767820773931 0.015418502202643172 0.034623217922606926
0 0.8881057268722466 0.48421588594704684 0.02026431718061674 0.035641547861507125
0 0.8636563876651983 0.4923625254582485 0.018061674008810574 0.03360488798370672
0 0.8352422907488987 0.5106924643584522 0.030837004405286344 0.06008146639511202
0 0.7958149779735683 0.5285132382892057 0.024229074889867842 0.06313645621181263
0 0.7713656387665199 0.5473523421588594 0.02290748898678414 0.04786150712830957
0 0.7422907488986784 0.5605906313645621 0.010572687224669603 0.021384928716904276
0 0.7121145374449339 0.574847250509165 0.024229074889867842 0.045824847250509164
0 0.6797356828193832 0.5804480651731161 0.022026431718061675 0.04684317718940937
0 0.6511013215859031 0.5992871690427699 0.016740088105726872 0.0560081466395112
0 0.6222466960352423 0.620162932790224 0.02158590308370044 0.034623217922606926
0 0.5883259911894273 0.6369653767820774 0.01894273127753304 0.045824847250509164
0 0.5621145374449339 0.6466395112016293 0.02378854625550661 0.04684317718940937
0 0.5363436123348018 0.6664969450101833 0.024229074889867842 0.04989816700610998
0 0.5284140969162996 0.48778004073319753 0.023348017621145373 0.05091649694501019
0 0.9685022026431718 0.2652749490835031 0.019823788546255508 0.03971486761710794
0 0.9427312775330396 0.29124236252545826 0.02290748898678414 0.048879837067209775
0 0.9233480176211454 0.2876782077393075 0.015859030837004406 0.04175152749490835
0 0.8892070484581498 0.2973523421588595 0.025991189427312777 0.04480651731160896
0 0.8570484581497797 0.31619144602851323 0.019823788546255508 0.05804480651731161
0 0.8314977973568282 0.3319755600814664 0.029515418502202642 0.06517311608961303
0 0.7944933920704845 0.3559063136456212 0.024229074889867842 0.045824847250509164
0 0.766079295154185 0.37525458248472504 0.018502202643171806 0.03767820773930754
0 0.7438325991189427 0.3854378818737271 0.01894273127753304 0.03767820773930754
0 0.7050660792951542 0.395112016293279 0.025991189427312777 0.054989816700611
0 0.6777533039647577 0.4154786150712831 0.020704845814977973 0.04480651731160896
0 0.6440528634361233 0.42668024439918534 0.02643171806167401 0.05702647657841141
0 0.6088105726872247 0.45570264765784113 0.02026431718061674 0.03767820773930754
0 0.5812775330396476 0.4714867617107943 0.019823788546255508 0.048879837067209775
0 0.5539647577092511 0.4770875763747454 0.027753303964757708 0.06008146639511202
0 0.9667400881057269 0.08808553971486761 0.029515418502202642 0.05804480651731161
0 0.9416299559471366 0.10437881873727088 0.019823788546255508 0.04175152749490835
0 0.8577092511013216 0.14409368635437883 0.019383259911894272 0.04175152749490835
0 0.8149779735682819 0.1629327902240326 0.030837004405286344 0.05091649694501019
0 0.7872246696035242 0.17820773930753564 0.022026431718061675 0.06313645621181263
0 0.7495594713656387 0.20162932790224034 0.024229074889867842 0.054989816700611
0 0.723568281938326 0.2158859470468432 0.01894273127753304 0.04684317718940937
0 0.698237885462555 0.22963340122199594 0.02290748898678414 0.06008146639511202
0 0.66784140969163 0.24338085539714868 0.019383259911894272 0.04276985743380855
0 0.6409691629955947 0.26629327902240324 0.018502202643171806 0.03767820773930754
0 0.6061674008810573 0.2754582484725051 0.02026431718061674 0.03971486761710794
0 0.5497797356828193 0.2983706720977597 0.022026431718061675 0.05295315682281059
0 0.14713656387665197 0.859979633401222 0.010572687224669603 0.023421588594704685
