0 0.9002634550244637 0.2970230040595399 0.024087316522393678 0.06630581867388363
0 0.8838916070756492 0.28416779431664413 0.010914565299209636 0.11637347767253045
0 0.86676703048551 0.3152909336941813 0.018065487391795258 0.06765899864682003
0 0.8479488144523899 0.29837618403247634 0.02860368837034249 0.08795669824086604
0 0.8261196838539706 0.2929634641407307 0.01957094467444486 0.05548037889039242
0 0.8121942039894618 0.2503382949932341 0.013549115543846444 0.037889039242219216
0 0.802032367331577 0.2861975642760487 0.01881821603312006 0.05548037889039242
0 0.7845314264207753 0.29093369418132614 0.010161836657884832 0.08389715832205684
0 0.74294316898758 0.2719891745602165 0.017312758750470454 0.08389715832205684
0 0.7246894994354535 0.29905277401894453 0.019947308995107264 0.05953991880920163
0 0.7030485509973654 0.29093369418132614 0.00978547233722243 0.07848443843031123
0 0.678208505833647 0.2584573748308525 0.017312758750470454 0.06765899864682003
0 0.6616484757245014 0.2740189445196211 0.013549115543846444 0.07713125845737483
0 0.6460293564170116 0.28349120433017594 0.012420022581859239 0.07442489851150202
0 0.6215656755739556 0.2895805142083897 0.011667293940534437 0.04871447902571042
0 0.6040647346631539 0.2550744248985115 0.008280015054572827 0.05548037889039242
0 0.5831765148663907 0.27604871447902574 0.015430937147158449 0.06765899864682003
0 0.5607828377869778 0.2753721244925575 0.020323673315769664 0.036535859269282815
0 0.542152803914189 0.2767253044654939 0.014678208505833647 0.06089309878213803
0 0.5175009409108017 0.2591339648173207 0.016560030109145654 0.058186738836265225
0 0.5024463680843057 0.2550744248985115 0.01580730146782085 0.06089309878213803
0 0.48306360557019196 0.2543978349120433 0.014678208505833647 0.06765899864682003
0 0.4642453895370719 0.2665764546684709 0.013925479864508844 0.05142083897158322
0 0.444674444862627 0.2435723951285521 0.012420022581859239 0.11096075778078485
0 0.42171622130222053 0.2672530446549391 0.013172751223184042 0.08525033829499323
0 0.3983816334211517 0.25372124492557513 0.021452766277756868 0.03112313937753721
0 0.3812570568310124 0.2530446549391069 0.012043658261196839 0.056833558863328824
0 0.3637561159202108 0.2388362652232747 0.010161836657884832 0.09607577807848444
0 0.3471960858110651 0.2503382949932341 0.012420022581859239 0.07307171853856563
0 0.31990967256304104 0.2469553450608931 0.010538200978547234 0.10148849797023005
0 0.30278509597290176 0.2598105548037889 0.010914565299209636 0.08389715832205684
0 0.2834023334587881 0.2571041948579161 0.017312758750470454 0.10013531799729364
0 0.26797139631162964 0.24154262516914748 0.02182913059841927 0.03924221921515562
0 0.2493413624388408 0.2571041948579161 0.012420022581859239 0.06224627875507442
0 0.22600677455777193 0.2449255751014885 0.018441851712457658 0.04871447902571042
0 0.20756492284531428 0.23410013531799728 0.017689123071132858 0.09201623815967523
0 0.1868648852088822 0.22665764546684708 0.019947308995107264 0.09066305818673884
0 0.1624012043658261 0.2307171853856563 0.00940910801656003 0.08795669824086604
0 0.1505457282649605 0.2178619756427605 0.015054572826496047 0.08930987821380243
0 0.14734663153933006 0.2584573748308525 0.010914565299209636 0.056833558863328824
0 0.12796386902521642 0.2368064952638701 0.013549115543846444 0.10284167794316644
0 0.10952201731275875 0.19418132611637348 0.018065487391795258 0.058186738836265225
0 0.09013925479864508 0.23410013531799728 0.015430937147158449 0.10825439783491204
0 0.8964998118178397 0.7591339648173207 0.017312758750470454 0.04059539918809202
0 0.8746706812194204 0.7706359945872802 0.020323673315769664 0.06630581867388363
0 0.8534060971019948 0.7516914749661705 0.01919458035378246 0.044654939106901215
0 0.8360933383515243 0.7496617050067659 0.013172751223184042 0.07577807848443843
0 0.8185923974407227 0.7422192151556157 0.024087316522393678 0.08525033829499323
0 0.7898005269100489 0.7368064952638701 0.017689123071132858 0.06359945872801083
0 0.776815957847196 0.7489851150202977 0.020323673315769664 0.06089309878213803
0 0.7463304478735416 0.7577807848443843 0.01881821603312006 0.07036535859269283
0 0.7308995107263832 0.7381596752368065 0.012043658261196839 0.07983761840324763
0 0.6981558148287542 0.7347767253044655 0.027850959729017688 0.056833558863328824
0 0.6778321415129845 0.7341001353179973 0.01580730146782085 0.09066305818673884
0 0.6543093714715845 0.7428958051420839 0.015430937147158449 0.08389715832205684
0 0.6305984192698533 0.7456021650879567 0.013925479864508844 0.07036535859269283
0 0.6117802032367332 0.7415426251691475 0.016936394429808054 0.06495263870094722
0 0.6023710952201732 0.7273342354533153 0.00940910801656003 0.11231393775372124
0 0.5942792623259315 0.7361299052774019 0.015054572826496047 0.07577807848443843
0 0.577907414377117 0.7246278755074425 0.010161836657884832 0.08525033829499323
0 0.5545728264960482 0.7307171853856563 0.010914565299209636 0.08660351826792964
0 0.5387655250282273 0.7300405953991881 0.021452766277756868 0.04194857916102842
0 0.5214527662777568 0.7090663058186739 0.02521640948438088 0.07848443843031123
0 0.4998118178396688 0.713125845737483 0.01881821603312006 0.09472259810554803
0 0.47873541588257434 0.7347767253044655 0.02559277380504328 0.07848443843031123
0 0.45577719232216785 0.7273342354533153 0.024840045163718478 0.07713125845737483
0 0.4213398569815581 0.7070365358592693 0.022958223560406475 0.044654939106901215
0 0.439969890854347 0.7002706359945873 0.017312758750470454 0.10148849797023005
0 0.4034625517500941 0.7192151556156969 0.015054572826496047 0.08525033829499323
0 0.37749341362438843 0.7185385656292287 0.010538200978547234 0.09472259810554803
0 0.35754610462928116 0.6975642760487145 0.027098231087692888 0.03924221921515562
0 0.3375987956341739 0.6867388362652233 0.01881821603312006 0.07171853856562922
0 0.323673315769665 0.7016238159675237 0.017312758750470454 0.10419485791610285
0 0.30052691004892734 0.7023004059539919 0.015430937147158449 0.09472259810554803
0 0.2807677832141513 0.696211096075778 0.02182913059841927 0.08525033829499323
0 0.26458411742566806 0.7009472259810555 0.013549115543846444 0.07848443843031123
0 0.23786225065863756 0.7016238159675237 0.007527286413248024 0.07171853856562922
0 0.22506586375611592 0.6941813261163735 0.02182913059841927 0.05412719891745602
0 0.20173127587504705 0.696211096075778 0.027850959729017688 0.05006765899864682
0 0.18009032743695896 0.6840324763193505 0.016936394429808054 0.07983761840324763
0 0.15957847196085811 0.6711772665764547 0.00978547233722243 0.08930987821380243
0 0.14358298833270605 0.6874154262516915 0.015430937147158449 0.06765899864682003
0 0.124764772299586 0.6813261163734776 0.011667293940534437 0.08254397834912043
0 0.10199473089951072 0.6853856562922869 0.01580730146782085 0.08525033829499323
