0 0.0683282468633435 0.5 0.017293997965412006 0.07372400756143667
0 0.09952526280094948 0.4900756143667297 0.0254323499491353 0.06332703213610585
0 0.12224482875551035 0.4673913043478261 0.020006781959986435 0.06899810964083176
0 0.14632078670735843 0.48015122873345933 0.03153611393692777 0.04158790170132325
0 0.18192607663614785 0.4555765595463138 0.030857917938284164 0.04158790170132325
0 0.1949813496100373 0.43525519848771266 0.01356391997287216 0.08223062381852551
0 0.21820956256358087 0.43100189035916825 0.017293997965412006 0.06994328922495274
0 0.23974228552051544 0.41776937618147447 0.01356391997287216 0.07939508506616257
0 0.25771447948457105 0.42722117202268434 0.025093251949813496 0.045368620037807186
0 0.2795863004408274 0.40737240075614367 0.015259409969481181 0.08128544423440454
0 0.3053577483892845 0.39224952741020797 0.02814513394370973 0.045368620037807186
0 0.31943031536113936 0.4120982986767486 0.019667683960664633 0.06994328922495274
0 0.34587995930824006 0.3846880907372401 0.019667683960664633 0.06994328922495274
0 0.36198711427602576 0.3728733459357278 0.01186842997626314 0.09924385633270322
0 0.38674126822651744 0.3733459357277883 0.038996269922007464 0.030245746691871456
0 0.4043743641912513 0.3662570888468809 0.014581213970837573 0.06899810964083176
0 0.4259070871481858 0.3686200378071834 0.009494743981010512 0.09262759924385633
0 0.4487962021024076 0.3709829867674858 0.023397761953204477 0.10302457466918714
0 0.4916920990166158 0.34168241965973534 0.02102407595795185 0.08223062381852551
0 0.5076297049847406 0.3482986767485822 0.011529331976941335 0.09546313799621928
0 0.5311970159376059 0.31947069943289225 0.026788741946422515 0.04725897920604915
0 0.5493387589013224 0.2996219281663516 0.010851135978297729 0.09640831758034027
0 0.5684977958630044 0.32939508506616255 0.01593760596812479 0.06899810964083176
0 0.5881654798236691 0.28591682419659736 0.01593760596812479 0.07277882797731569
0 0.6110545947778908 0.27977315689981097 0.008138351983723296 0.09640831758034027
0 0.633265513733469 0.27977315689981097 0.021363173957273652 0.062381852551984876
0 0.6554764326890471 0.2551984877126654 0.02373685995252628 0.08695652173913043
0 0.6832824686334351 0.2684310018903592 0.0339097999321804 0.04725897920604915
0 0.6934554086130892 0.2381852551984877 0.010851135978297729 0.08506616257088846
0 0.7139708375720584 0.2570888468809074 0.029501525940996948 0.04158790170132325
0 0.7538148524923703 0.22637051039697542 0.02780603594438793 0.0444234404536862
0 0.7817904374364191 0.23629489603024575 0.030179721939640556 0.06994328922495274
0 0.7753475754493049 0.5477315689981096 0.02271956595456087 0.02930056710775047
0 0.7551712444896576 0.5373345935727788 0.019667683960664633 0.09357277882797732
0 0.7356731095286538 0.5841209829867675 0.015259409969481181 0.07750472589792061
0 0.719735503560529 0.5515122873345936 0.013903017972193964 0.06521739130434782
0 0.6905730756188538 0.5600189035916824 0.009155645981688708 0.09546313799621928
0 0.6700576466598847 0.582703213610586 0.018311291963377416 0.0671077504725898
0 0.648864021702272 0.610586011342155 0.016615801966768397 0.0661625708884688
0 0.6312309257375381 0.6143667296786389 0.015259409969481181 0.06427221172022685
0 0.6032553407934893 0.6247637051039697 0.021702271956595458 0.045368620037807186
0 0.5871481858257036 0.638468809073724 0.01797219396405561 0.08601134215500945
0 0.5659545608680909 0.6398865784499055 0.0169548999660902 0.10586011342155009
0 0.54323499491353 0.6564272211720227 0.03255340793489318 0.09168241965973535
0 0.5247541539504917 0.6502835538752363 0.026788741946422515 0.043478260869565216
0 0.5083079009833842 0.6573724007561437 0.03730077992539844 0.031190926275992438
0 0.4762631400474737 0.6819470699432892 0.030179721939640556 0.06899810964083176
0 0.4649033570701933 0.6724952741020794 0.03730077992539844 0.0330812854442344
0 0.4430315361139369 0.6710775047258979 0.01797219396405561 0.08695652173913043
0 0.42709393014581215 0.6847826086956522 0.043065445913869106 0.0330812854442344
0 0.40098338419803325 0.7036862003780718 0.012546625974906748 0.09546313799621928
0 0.3769074262461852 0.7197542533081286 0.024075957951848085 0.03497164461247637
0 0.36063072227873855 0.7069943289224953 0.016615801966768397 0.0945179584120983
0 0.3399457443201085 0.7235349716446124 0.02814513394370973 0.07277882797731569
0 0.32536453034927093 0.7263705103969754 0.021363173957273652 0.08601134215500945
0 0.3075618853848762 0.7551984877126654 0.018311291963377416 0.054820415879017016
0 0.2846727704306545 0.7433837429111532 0.032892505934214986 0.057655954631379965
0 0.25771447948457105 0.7684310018903592 0.02780603594438793 0.05860113421550094
0 0.23296032553407936 0.750945179584121 0.008816547982366904 0.07844990548204159
0 0.21532722956934555 0.7844990548204159 0.014242115971515769 0.08695652173913043
0 0.1965072906069854 0.7793005671077504 0.01797219396405561 0.07844990548204159
0 0.1692099016615802 0.7977315689981096 0.012207527975584944 0.09073724007561437
0 0.1512377076975246 0.7996219281663516 0.018311291963377416 0.054820415879017016
0 0.12783994574432012 0.8090737240075614 0.019667683960664633 0.043478260869565216
0 0.11190233977619532 0.8109640831758034 0.02305866395388267 0.052930056710775046
0 0.09426924381146151 0.8019848771266541 0.030518819938962362 0.06521739130434782
