0 0.9135469543147208 0.24429967426710097 0.019352791878172588 0.07166123778501629
0 0.8965736040609137 0.249185667752443 0.011421319796954314 0.08469055374592833
0 0.8846763959390863 0.23534201954397393 0.0225253807106599 0.10586319218241043
0 0.8631027918781726 0.24104234527687296 0.007296954314720812 0.09446254071661238
0 0.8513642131979695 0.23127035830618892 0.014276649746192893 0.06514657980456026
0 0.7945748730964467 0.25 0.00983502538071066 0.0732899022801303
0 0.9693845177664975 0.8224755700325733 0.018718274111675128 0.06840390879478828
0 0.9211611675126904 0.8664495114006515 0.00666243654822335 0.10097719869706841
0 0.9052982233502538 0.8403908794788274 0.01364213197969543 0.10423452768729642
0 0.8884835025380711 0.8249185667752443 0.01681472081218274 0.04071661237785016
0 0.866751269035533 0.8241042345276873 0.017766497461928935 0.08143322475570032
0 0.8491434010152284 0.8184039087947883 0.011104060913705584 0.10912052117263844
0 0.825507614213198 0.8102605863192183 0.0133248730964467 0.05374592833876222
0 0.7769670050761421 0.8501628664495114 0.015228426395939087 0.10097719869706841
0 0.7574555837563451 0.8330618892508144 0.011738578680203046 0.1254071661237785
0 0.7460342639593909 0.8175895765472313 0.017449238578680203 0.07166123778501629
0 0.7212880710659898 0.8127035830618893 0.015545685279187817 0.048859934853420196
0 0.7051078680203046 0.8086319218241043 0.01681472081218274 0.057003257328990226
0 0.6794098984771574 0.8159609120521173 0.01300761421319797 0.07166123778501629
0 0.6706852791878173 0.8061889250814332 0.008883248730964468 0.10097719869706841
0 0.6638642131979695 0.8061889250814332 0.018083756345177664 0.048859934853420196
0 0.6532360406091371 0.8306188925081434 0.02030456852791878 0.04560260586319218
0 0.6294416243654822 0.8241042345276873 0.01015228426395939 0.09120521172638436
0 0.6151649746192893 0.8127035830618893 0.022208121827411168 0.035830618892508145
0 0.603743654822335 0.7939739413680782 0.018401015228426396 0.0732899022801303
0 0.5853426395939086 0.7931596091205212 0.02030456852791878 0.07166123778501629
0 0.7739530456852792 0.24185667752442996 0.018718274111675128 0.02768729641693811
0 0.7603109137055838 0.24267100977198697 0.018083756345177664 0.05863192182410423
0 0.7368337563451777 0.23941368078175895 0.014276649746192893 0.06840390879478828
0 0.6867068527918782 0.2288273615635179 0.017449238578680203 0.09283387622149837
0 0.6646573604060914 0.2304560260586319 0.008883248730964468 0.0732899022801303
0 0.6473667512690355 0.254885993485342 0.015545685279187817 0.03420195439739414
0 0.6289657360406091 0.23534201954397393 0.009200507614213198 0.0732899022801303
0 0.5967639593908629 0.2304560260586319 0.00951776649746193 0.08631921824104234
0 0.5797906091370558 0.21498371335504887 0.020621827411167512 0.06514657980456026
0 0.5655139593908629 0.23534201954397393 0.014276649746192893 0.08631921824104234
0 0.5455266497461929 0.21498371335504887 0.008565989847715736 0.10097719869706841
0 0.565989847715736 0.7939739413680782 0.01713197969543147 0.09609120521172639
0 0.5437817258883249 0.7931596091205212 0.00951776649746193 0.10749185667752444
0 0.5274428934010152 0.8086319218241043 0.008565989847715736 0.08306188925081433
0 0.5106281725888325 0.7923452768729642 0.009200507614213198 0.08306188925081433
0 0.4907994923857868 0.7899022801302932 0.014593908629441625 0.04560260586319218
0 0.4781091370558376 0.7850162866449512 0.008883248730964468 0.05863192182410423
0 0.4566941624365482 0.8013029315960912 0.018718274111675128 0.07166123778501629
0 0.435755076142132 0.7923452768729642 0.011104060913705584 0.04723127035830619
0 0.42116116751269034 0.8004885993485342 0.01364213197969543 0.0732899022801303
0 0.40418781725888325 0.8061889250814332 0.00951776649746193 0.09771986970684039
0 0.5256979695431472 0.23452768729641693 0.017766497461928935 0.06188925081433225
0 0.5087246192893401 0.2247557003257329 0.00983502538071066 0.09120521172638436
0 0.49397208121827413 0.20276872964169382 0.010786802030456852 0.10912052117263844
0 0.47255710659898476 0.21091205211726385 0.007296954314720812 0.11889250814332247
0 0.4514593908629442 0.18566775244299674 0.01903553299492386 0.0749185667752443
0 0.4403553299492386 0.21091205211726385 0.01649746192893401 0.04071661237785016
0 0.4230647208121827 0.20928338762214985 0.021890862944162436 0.07654723127035831
0 0.39736675126903553 0.21009771986970685 0.008565989847715736 0.09120521172638436
0 0.3892766497461929 0.19462540716612378 0.006979695431472081 0.08631921824104234
0 0.3681789340101523 0.20195439739413681 0.01998730964467005 0.05537459283387622
0 0.34755710659898476 0.7785016286644951 0.011738578680203046 0.07166123778501629
0 0.32725253807106597 0.20765472312703584 0.007296954314720812 0.04071661237785016
0 0.3188451776649746 0.20684039087947884 0.012690355329949238 0.11726384364820847
0 0.29616116751269034 0.21091205211726385 0.009200507614213198 0.12866449511400652
0 0.27585659898477155 0.20276872964169382 0.01681472081218274 0.050488599348534204
0 0.2628489847715736 0.19055374592833876 0.006027918781725888 0.09120521172638436
0 0.2453997461928934 0.20521172638436483 0.005393401015228426 0.09446254071661238
0 0.20066624365482233 0.17019543973941367 0.0034898477157360407 0.03745928338762215
0 0.189244923857868 0.1775244299674267 0.019352791878172588 0.048859934853420196
0 0.18004441624365483 0.1962540716612378 0.0034898477157360407 0.057003257328990226
0 0.17147842639593908 0.18322475570032573 0.007931472081218274 0.10586319218241043
0 0.1557741116751269 0.18729641693811075 0.022208121827411168 0.09446254071661238
0 0.139752538071066 0.18078175895765472 0.015545685279187817 0.06188925081433225
0 0.12230329949238579 0.17019543973941367 0.007296954314720812 0.06677524429967427
0 0.10548857868020305 0.18811074918566775 0.0225253807106599 0.07654723127035831
0 0.0886738578680203 0.18403908794788273 0.008565989847715736 0.09120521172638436
0 0.07471446700507614 0.1758957654723127 0.028870558375634518 0.026058631921824105
0 0.04711294416243655 0.15553745928338764 0.01300761421319797 0.07654723127035831
0 0.05456852791878172 0.746742671009772 0.020939086294416244 0.043973941368078175
0 0.0404505076142132 0.751628664495114 0.01618020304568528 0.08631921824104234
0 0.2109771573604061 0.19543973941368079 0.021573604060913704 0.04234527687296417
0 0.2260469543147208 0.1962540716612378 0.017449238578680203 0.02768729641693811
0 0.33470812182741116 0.19136807817589577 0.010786802030456852 0.07980456026058631
0 0.34692258883248733 0.19299674267100977 0.019352791878172588 0.07654723127035831
0 0.8107550761421319 0.23371335504885993 0.00983502538071066 0.08957654723127036
0 0.8264593908629442 0.2296416938110749 0.012690355329949238 0.04560260586319218
0 0.9378172588832487 0.24674267100977199 0.015228426395939087 0.030944625407166124
0 0.9484454314720813 0.24674267100977199 0.01618020304568528 0.06677524429967427
0 0.08074238578680203 0.7728013029315961 0.02633248730964467 0.0732899022801303
0 0.1070748730964467 0.7793159609120521 0.007931472081218274 0.07654723127035831
0 0.12373096446700507 0.7695439739413681 0.005076142131979695 0.07980456026058631
0 0.1419733502538071 0.7760586319218241 0.007296954314720812 0.07654723127035831
0 0.15815355329949238 0.7801302931596091 0.007931472081218274 0.08469055374592833
0 0.17845812182741116 0.7736156351791531 0.01998730964467005 0.026058631921824105
0 0.1962246192893401 0.7630293159609121 0.0225253807106599 0.06351791530944625
0 0.22731598984771573 0.7776872964169381 0.006027918781725888 0.07003257328990228
0 0.25031725888324874 0.7842019543973942 0.010786802030456852 0.05374592833876222
0 0.26713197969543145 0.7776872964169381 0.010786802030456852 0.06026058631921824
0 0.2825190355329949 0.7923452768729642 0.01618020304568528 0.0732899022801303
0 0.3009200507614213 0.7956026058631922 0.00983502538071066 0.08306188925081433
0 0.3205901015228426 0.7980456026058632 0.008565989847715736 0.09120521172638436
0 0.33423223350253806 0.7923452768729642 0.014911167512690355 0.02768729641693811
0 0.3854695431472081 0.7964169381107492 0.01649746192893401 0.0781758957654723
0 0.3680203045685279 0.7825732899022801 0.01015228426395939 0.06026058631921824
0 0.7971129441624365 0.8469055374592834 0.01618020304568528 0.04234527687296417
0 0.8131345177664975 0.8395765472312704 0.012055837563451776 0.057003257328990226
0 0.9405139593908629 0.8355048859934854 0.014276649746192893 0.08794788273615635
0 0.9535215736040609 0.8151465798045603 0.007931472081218274 0.043973941368078175
0 0.7219225888324873 0.2304560260586319 0.004124365482233503 0.030944625407166124
