0 0.9504605426935524 0.2840909090909091 0.017923823749066467 0.08253588516746412
0 0.9387602688573562 0.28708133971291866 0.016430171769977596 0.0215311004784689
0 0.9161065471745083 0.2805023923444976 0.017425939756036842 0.061004784688995214
0 0.8975603684341549 0.2793062200956938 0.013193925815285038 0.09928229665071771
0 0.8856111526014439 0.2607655502392344 0.018670649738610903 0.07416267942583732
0 0.8663181478715459 0.27093301435406697 0.015434403783918346 0.09449760765550239
0 0.8507592730893702 0.25179425837320574 0.019168533731640527 0.08014354066985646
0 0.8254916604431167 0.2577751196172249 0.01593228777694797 0.04665071770334928
0 0.8137913866069206 0.26495215311004783 0.016430171769977596 0.10167464114832536
0 0.9692556634304207 0.8373205741626795 0.017674881752551656 0.06220095693779904
0 0.9544436146377894 0.8307416267942583 0.009459795867562858 0.061004784688995214
0 0.9193427931292009 0.8564593301435407 0.0034851879512073688 0.09330143540669857
0 0.8647000248941996 0.8325358851674641 0.016679113766492407 0.06698564593301436
0 0.8502613890963405 0.8217703349282297 0.013193925815285038 0.10287081339712918
0 0.8243714214588 0.812200956937799 0.011202389843166542 0.05980861244019139
0 0.8115509086382873 0.8367224880382775 0.018421707742096092 0.07535885167464115
0 0.7959920338561115 0.84688995215311 0.020164301717699777 0.045454545454545456
0 0.7764500871296988 0.8480861244019139 0.008961911874533234 0.07894736842105263
0 0.7556634304207119 0.8289473684210527 0.005227781926811053 0.10047846889952153
0 0.7452078665670898 0.7966507177033493 0.01568334578043316 0.06937799043062201
0 0.7201891959173513 0.8110047846889952 0.014936519790888723 0.03349282296650718
0 0.7042569081404033 0.8002392344497608 0.016430171769977596 0.06937799043062201
0 0.6138909634055265 0.7828947368421053 0.017425939756036842 0.04904306220095694
0 0.7940004978839931 0.2751196172248804 0.010704505850136919 0.08851674641148326
0 0.7727159571819766 0.26435406698564595 0.021409011700273838 0.02631578947368421
0 0.7601443863579785 0.26136363636363635 0.018670649738610903 0.08014354066985646
0 0.7366193676873288 0.26674641148325356 0.016430171769977596 0.0861244019138756
0 0.7193178989295494 0.2577751196172249 0.007219317898929549 0.041866028708133975
0 0.6857107294000497 0.24820574162679426 0.015185461787403536 0.09210526315789473
0 0.6634304207119741 0.2511961722488038 0.009459795867562858 0.06220095693779904
0 0.6486183719193428 0.2799043062200957 0.019168533731640527 0.03588516746411483
0 0.6268359472242967 0.24282296650717702 0.007966143888473986 0.08373205741626795
0 0.6005725665919841 0.7787081339712919 0.022155837689818273 0.0645933014354067
0 0.5960916106547175 0.2511961722488038 0.011202389843166542 0.07894736842105263
0 0.5792880258899676 0.2326555023923445 0.019417475728155338 0.0729665071770335
0 0.5637291511077919 0.2565789473684211 0.01468757779437391 0.08971291866028708
0 0.5430669653970625 0.23026315789473684 0.006223549912870301 0.09449760765550239
0 0.5252676126462534 0.24820574162679426 0.02290266367936271 0.061004784688995214
0 0.5098332088623351 0.24162679425837322 0.01194921583271098 0.09330143540669857
0 0.4943988050784167 0.23205741626794257 0.01095344784665173 0.09330143540669857
0 0.47025143141647996 0.22607655502392343 0.007966143888473986 0.11961722488038277
0 0.45182972367438384 0.20035885167464115 0.016430171769977596 0.061004784688995214
0 0.43938262384864324 0.2117224880382775 0.015434403783918346 0.06937799043062201
0 0.5659696290764252 0.7816985645933014 0.012696041822255415 0.09688995215311005
0 0.5414488424197162 0.7870813397129187 0.007966143888473986 0.08133971291866028
0 0.4886731391585761 0.7805023923444976 0.01344286781179985 0.03708133971291866
0 0.47672392332586505 0.7679425837320574 0.01194921583271098 0.06220095693779904
0 0.45431914363953196 0.7793062200956937 0.018421707742096092 0.08253588516746412
0 0.43291013193925815 0.7625598086124402 0.01344286781179985 0.041866028708133975
0 0.42183221309434904 0.2159090909090909 0.021160069703759023 0.061004784688995214
0 0.39569330346029374 0.21471291866028708 0.010704505850136919 0.11602870813397129
0 0.38785163057007715 0.21232057416267944 0.01593228777694797 0.0729665071770335
0 0.3673139158576052 0.21351674641148324 0.022653721682847898 0.061004784688995214
0 0.34752302713467764 0.20933014354066987 0.017923823749066467 0.07416267942583732
0 0.33408015932287777 0.201555023923445 0.01095344784665173 0.09449760765550239
0 0.3239980084640279 0.21291866028708134 0.01717699775952203 0.06220095693779904
0 0.3162808065720687 0.21830143540669855 0.010704505850136919 0.10885167464114832
0 0.2976101568334578 0.21710526315789475 0.013193925815285038 0.12799043062200957
0 0.27557879014189696 0.2063397129186603 0.019915359721184963 0.0729665071770335
0 0.26499875529001743 0.20574162679425836 0.011700273836196167 0.10287081339712918
0 0.4210853871048046 0.7805023923444976 0.013193925815285038 0.08014354066985646
0 0.4019168533731641 0.7822966507177034 0.009708737864077669 0.09090909090909091
0 0.3806323126711476 0.7727272727272727 0.017425939756036842 0.08373205741626795
0 0.3658202638785163 0.7613636363636364 0.007717201891959173 0.08732057416267942
0 0.34416231018172766 0.7619617224880383 0.013193925815285038 0.07894736842105263
0 0.33047050037341297 0.7673444976076556 0.01817276574558128 0.041866028708133975
0 0.3160318645755539 0.7649521531100478 0.008215085884988798 0.08492822966507177
0 0.297361214836943 0.7643540669856459 0.011202389843166542 0.07655502392344497
0 0.2627582773213841 0.7553827751196173 0.015185461787403536 0.06818181818181818
0 0.2784416231018173 0.7577751196172249 0.020164301717699777 0.09210526315789473
0 0.247697286532238 0.7535885167464115 0.019915359721184963 0.09090909090909091
0 0.22442120985810307 0.7535885167464115 0.006223549912870301 0.09330143540669857
0 0.1960418222554145 0.7320574162679426 0.021657953696788648 0.0645933014354067
0 0.17600199153597212 0.7404306220095693 0.020911127707244213 0.03349282296650718
0 0.2458302215583769 0.20394736842105263 0.011700273836196167 0.09928229665071771
0 0.22404779686333084 0.19557416267942584 0.019915359721184963 0.03708133971291866
0 0.20911127707244212 0.19617224880382775 0.02190689569330346 0.0430622009569378
0 0.18670649738610903 0.17165071770334928 0.020911127707244213 0.04665071770334928
0 0.17762011451331838 0.19078947368421054 0.003236245954692557 0.07057416267942583
0 0.17064973861090366 0.18421052631578946 0.006223549912870301 0.09808612440191387
0 0.15658451580781677 0.19497607655502391 0.020413243714214588 0.07655502392344497
0 0.1406522280308688 0.17703349282296652 0.014936519790888723 0.0861244019138756
0 0.1219815782922579 0.17583732057416268 0.013940751804829475 0.06937799043062201
0 0.10468010953447847 0.18660287081339713 0.01817276574558128 0.06937799043062201
0 0.08725416977844162 0.19318181818181818 0.009210853871048046 0.07535885167464115
0 0.07181976599452328 0.17942583732057416 0.020164301717699777 0.0215311004784689
0 0.15608663181478716 0.7422248803827751 0.008961911874533234 0.08971291866028708
0 0.14115011202389843 0.7332535885167464 0.010455563853622106 0.08851674641148326
0 0.1218571072940005 0.7398325358851675 0.006223549912870301 0.10406698564593302
0 0.10667164550659697 0.7404306220095693 0.008712969878018421 0.09090909090909091
0 0.09335324869305452 0.7075358851674641 0.0069703759024147376 0.07775119617224881
0 0.05389594224545681 0.7123205741626795 0.023649489668907144 0.041866028708133975
0 0.040204132437142145 0.7230861244019139 0.012696041822255415 0.0729665071770335
0 0.0475479213343291 0.15729665071770335 0.015434403783918346 0.07775119617224881
0 0.07045058501369181 0.7338516746411483 0.012447099825740602 0.041866028708133975
0 0.08289768483943241 0.7374401913875598 0.019417475728155338 0.06578947368421052
0 0.5067214339059 0.7769138755980861 0.004729897933781429 0.08492822966507177
0 0.5099576798605925 0.7948564593301436 0.01219815782922579 0.02033492822966507
0 0.5272591486183719 0.7924641148325359 0.012944983818770227 0.0729665071770335
0 0.5810306198655714 0.7745215311004785 0.012944983818770227 0.07775119617224881
0 0.5840179238237491 0.7876794258373205 0.01593228777694797 0.02751196172248804
0 0.6267114762260393 0.8157894736842105 0.008215085884988798 0.050239234449760764
0 0.6542195668409261 0.8139952153110048 0.011451331839681354 0.05143540669856459
0 0.6595718197659945 0.8044258373205742 0.01568334578043316 0.02751196172248804
0 0.6684092606422704 0.8032296650717703 0.00597460791635549 0.08732057416267942
0 0.6806074184714962 0.8032296650717703 0.01344286781179985 0.06578947368421052
0 0.8858600945979587 0.81877990430622 0.015185461787403536 0.05143540669856459
0 0.9040328603435399 0.8450956937799043 0.01219815782922579 0.09449760765550239
0 0.9373910878765248 0.8385167464114832 0.0037341299477221808 0.08133971291866028
0 0.9429922827981081 0.8510765550239234 0.009957679860592481 0.07775119617224881
