0 0.8905856423173804 0.8031088082901554 0.009130982367758186 0.09326424870466321
0 0.8694899244332494 0.7901554404145078 0.021095717884130984 0.03626943005181347
0 0.6523929471032746 0.17098445595854922 0.015743073047858942 0.044905008635578586
0 0.5654911838790933 0.14766839378238342 0.02707808564231738 0.039723661485319514
0 0.5478589420654912 0.18134715025906736 0.00818639798488665 0.11398963730569948
0 0.5321158690176322 0.17616580310880828 0.009445843828715366 0.1381692573402418
0 0.5278652392947103 0.16321243523316062 0.022984886649874057 0.07426597582037997
0 0.5113350125944585 0.15889464594127806 0.012594458438287154 0.11053540587219343
0 0.4905541561712846 0.18048359240069084 0.02204030226700252 0.0846286701208981
0 0.4793765743073048 0.18221070811744386 0.015428211586901764 0.07772020725388601
0 0.4581234256926952 0.20293609671848015 0.010705289672544081 0.11226252158894647
0 0.4359256926952141 0.17357512953367876 0.009760705289672544 0.1157167530224525
0 0.4255352644836272 0.2003454231433506 0.01920654911838791 0.09671848013816926
0 0.40081863979848864 0.15457685664939552 0.010075566750629723 0.10535405872193437
0 0.3342254408060453 0.15716753022452504 0.01102015113350126 0.07253886010362694
0 0.31328715365239296 0.16062176165803108 0.02204030226700252 0.07944732297063903
0 0.294867758186398 0.17357512953367876 0.02172544080604534 0.04317789291882556
0 0.2830604534005038 0.17443868739205526 0.018261964735516372 0.08635578583765112
0 0.26212216624685136 0.16062176165803108 0.01857682619647355 0.07944732297063903
0 0.24779596977329973 0.18911917098445596 0.011964735516372796 0.09153713298791019
0 0.24071158690176322 0.1848013816925734 0.012909319899244332 0.1001727115716753
0 0.22827455919395467 0.16234887737478412 0.010705289672544081 0.07944732297063903
0 0.20497481108312343 0.17012089810017272 0.023299748110831235 0.06044905008635579
0 0.18387909319899245 0.1692573402417962 0.015113350125944584 0.08635578583765112
0 0.17380352644836272 0.1848013816925734 0.017632241813602016 0.0690846286701209
0 0.15758816120906802 0.17443868739205526 0.01605793450881612 0.055267702936096716
0 0.13460327455919396 0.17271157167530224 0.017317380352644837 0.055267702936096716
0 0.12090680100755667 0.16753022452504318 0.010075566750629723 0.1001727115716753
0 0.10374685138539043 0.18134715025906736 0.020465994962216624 0.037996545768566495
0 0.07163098236775818 0.19430051813471502 0.025503778337531487 0.07081174438687392
0 0.08422544080604534 0.17271157167530224 0.01857682619647355 0.11053540587219343
0 0.04628463476070529 0.17357512953367876 0.011964735516372796 0.08117443868739206
0 0.02943954659949622 0.17962003454231434 0.014168765743073047 0.07253886010362694
0 0.351227959697733 0.16407599309153714 0.005982367758186398 0.024179620034542316
0 0.3762594458438287 0.15716753022452504 0.011335012594458438 0.08981001727115717
0 0.3820843828715365 0.17184801381692574 0.01605793450881612 0.022452504317789293
0 0.5864294710327456 0.17271157167530224 0.012909319899244332 0.02072538860103627
0 0.5991813602015114 0.17357512953367876 0.017632241813602016 0.05008635578583765
0 0.6201196473551638 0.17530224525043178 0.004722921914357683 0.08808290155440414
0 0.6278337531486146 0.1692573402417962 0.018261964735516372 0.044905008635578586
0 0.673331234256927 0.15630397236614854 0.010390428211586901 0.07426597582037997
0 0.6887594458438288 0.16062176165803108 0.00850125944584383 0.07599309153713299
0 0.7015113350125944 0.18825561312607944 0.011964735516372796 0.027633851468048358
0 0.7259130982367759 0.16753022452504318 0.011649874055415618 0.027633851468048358
0 0.7410264483627204 0.18911917098445596 0.006612090680100755 0.06044905008635579
0 0.7550377833753149 0.17530224525043178 0.0069269521410579345 0.03281519861830743
0 0.7792821158690176 0.17616580310880828 0.009445843828715366 0.07944732297063903
0 0.7936083123425692 0.1770293609671848 0.012279596977329974 0.022452504317789293
0 0.8312342569269522 0.14853195164075994 0.00818639798488665 0.04145077720207254
0 0.8562657430730478 0.18825561312607944 0.014168765743073047 0.027633851468048358
0 0.8704345088161209 0.22279792746113988 0.007871536523929471 0.08635578583765112
0 0.8885390428211587 0.16666666666666666 0.010075566750629723 0.07081174438687392
0 0.9060138539042821 0.18739205526770294 0.010390428211586901 0.046632124352331605
0 0.9190806045340051 0.19689119170984457 0.011964735516372796 0.07253886010362694
0 0.9581234256926953 0.15803108808290156 0.015743073047858942 0.046632124352331605
0 0.9324622166246851 0.16753022452504318 0.014798488664987406 0.03454231433506045
0 0.03620906801007557 0.8221070811744386 0.006297229219143577 0.07253886010362694
0 0.053683879093198994 0.8082901554404145 0.022355163727959697 0.055267702936096716
0 0.0698992443324937 0.8186528497409327 0.00818639798488665 0.10362694300518134
0 0.11996221662468513 0.805699481865285 0.011964735516372796 0.046632124352331605
0 0.14168765743073047 0.7858376511226253 0.0163727959697733 0.044905008635578586
0 0.15790302267002518 0.7763385146804835 0.012279596977329974 0.06735751295336788
0 0.17647984886649873 0.8074265975820379 0.014168765743073047 0.02936096718480138
0 0.19285264483627204 0.8065630397236615 0.006612090680100755 0.08290155440414508
0 0.21300377833753148 0.7970639032815199 0.015428211586901764 0.046632124352331605
0 0.22969143576826195 0.7936096718480138 0.005982367758186398 0.06735751295336788
0 0.2441750629722922 0.810880829015544 0.012279596977329974 0.1157167530224525
0 0.2592884130982368 0.8160621761658031 0.015428211586901764 0.11917098445595854
0 0.28148614609571787 0.7927461139896373 0.007556675062972292 0.08290155440414508
0 0.29565491183879095 0.7970639032815199 0.011964735516372796 0.039723661485319514
0 0.3197418136020151 0.803972366148532 0.012279596977329974 0.06735751295336788
0 0.3359571788413098 0.809153713298791 0.00818639798488665 0.0846286701208981
0 0.3537468513853904 0.7970639032815199 0.007871536523929471 0.046632124352331605
0 0.36948992443324935 0.7815198618307426 0.016687657430730477 0.06044905008635579
0 0.38727959697733 0.7884283246977547 0.010705289672544081 0.07426597582037997
0 0.40648614609571787 0.8082901554404145 0.007556675062972292 0.04835924006908463
0 0.42034005037783373 0.7953367875647669 0.01322418136020151 0.039723661485319514
0 0.4363979848866499 0.8186528497409327 0.01322418136020151 0.04835924006908463
0 0.48126574307304787 0.8048359240069085 0.01102015113350126 0.055267702936096716
0 0.4894521410579345 0.8229706390328152 0.01102015113350126 0.10189982728842832
0 0.5105478589420654 0.8100172711571675 0.01605793450881612 0.06563039723661486
0 0.5351070528967254 0.8281519861830743 0.00850125944584383 0.07772020725388601
0 0.5573047858942065 0.8065630397236615 0.030856423173803528 0.05181347150259067
0 0.5851700251889169 0.7987910189982729 0.01102015113350126 0.08117443868739206
0 0.610831234256927 0.7970639032815199 0.015743073047858942 0.08117443868739206
0 0.6588476070528967 0.7979274611398963 0.012279596977329974 0.037996545768566495
0 0.6739609571788413 0.7772020725388601 0.019836272040302267 0.04835924006908463
0 0.6919080604534005 0.7892918825561313 0.01353904282115869 0.06217616580310881
0 0.7101700251889169 0.8048359240069085 0.009130982367758186 0.07253886010362694
0 0.7300062972292192 0.8229706390328152 0.014798488664987406 0.018998272884283247
0 0.7437027707808564 0.8031088082901554 0.010075566750629723 0.0690846286701209
0 0.7629093198992444 0.8169257340241797 0.010075566750629723 0.0690846286701209
0 0.8025818639798489 0.812607944732297 0.011335012594458438 0.06390328151986183
0 0.8195843828715366 0.809153713298791 0.013853904282115869 0.022452504317789293
0 0.8346977329974811 0.7892918825561313 0.008816120906801008 0.07253886010362694
0 0.9200251889168766 0.8160621761658031 0.0163727959697733 0.03626943005181347
0 0.943639798488665 0.8005181347150259 0.011964735516372796 0.03281519861830743
0 0.966624685138539 0.8229706390328152 0.007556675062972292 0.07772020725388601
