0 0.09397278029812055 0.18902439024390244 0.0064808813998703824 0.07142857142857142
0 0.047148412184057034 0.2229965156794425 0.020414776409591703 0.08013937282229965
0 0.05832793259883344 0.16898954703832753 0.010369410239792612 0.07665505226480836
0 0.13026571613739468 0.21341463414634146 0.007777057679844459 0.078397212543554
0 0.15197666882696045 0.20034843205574912 0.008425145819831496 0.059233449477351915
0 0.1830848995463383 0.19773519163763068 0.014257939079714841 0.09233449477351917
0 0.19896305897602073 0.19773519163763068 0.009073233959818535 0.1132404181184669
0 0.16753078418664938 0.1994773519163763 0.014257939079714841 0.09581881533101046
0 0.22261827608554763 0.19076655052264807 0.015554115359688918 0.05749128919860627
0 0.23298768632534025 0.17857142857142858 0.013609850939727802 0.08188153310104529
0 0.2568049254698639 0.20034843205574912 0.009397278029812054 0.08710801393728224
0 0.2632858068697343 0.19337979094076654 0.01134154244977317 0.10452961672473868
0 0.274951393389501 0.19773519163763068 0.012637718729747246 0.10627177700348432
0 0.2864549578742709 0.19076655052264807 0.020738820479585224 0.07491289198606271
0 0.30719377835385614 0.20121951219512196 0.017498379779650033 0.08188153310104529
0 0.3196694750486066 0.21602787456445993 0.009397278029812054 0.08710801393728224
0 0.3345755022683085 0.2029616724738676 0.019766688269604666 0.10278745644599303
0 0.3433246921581335 0.19337979094076654 0.016526247569669476 0.05574912891986063
0 0.3582307193778354 0.18466898954703834 0.019766688269604666 0.09407665505226481
0 0.3836681788723266 0.21080139372822299 0.01101749837977965 0.08013937282229965
0 0.3966299416720674 0.20121951219512196 0.009721322099805573 0.07142857142857142
0 0.411049902786779 0.18728222996515678 0.009397278029812054 0.06794425087108014
0 0.4338950097213221 0.1916376306620209 0.007777057679844459 0.10801393728222997
0 0.44847699287103043 0.17073170731707318 0.008425145819831496 0.06968641114982578
0 0.4559300064808814 0.17334494773519163 0.015554115359688918 0.050522648083623695
0 0.46775761503564484 0.18292682926829268 0.01069345430978613 0.06968641114982578
0 0.47780298120544396 0.19599303135888502 0.008749189889825017 0.08188153310104529
0 0.5001620220349967 0.20993031358885017 0.0152300712896954 0.04355400696864112
0 0.5200907323395982 0.18205574912891986 0.012961762799740765 0.047038327526132406
0 0.5416396629941672 0.21951219512195122 0.012637718729747246 0.05226480836236934
0 0.5578418664938432 0.18466898954703834 0.030784186649384315 0.04878048780487805
0 0.5742060920285159 0.18728222996515678 0.014906027219701879 0.036585365853658534
0 0.6064484769928711 0.18641114982578397 0.01134154244977317 0.08710801393728224
0 0.6271872974724563 0.16986062717770034 0.015878159429682438 0.047038327526132406
0 0.6422553467271549 0.18292682926829268 0.012961762799740765 0.06620209059233449
0 0.669799092676604 0.19599303135888502 0.014906027219701879 0.08885017421602788
0 0.682598833441348 0.18118466898954705 0.013285806869734284 0.08710801393728224
0 0.7031756318859365 0.1837979094076655 0.023979261179520414 0.07491289198606271
0 0.7180816591056384 0.18118466898954705 0.008425145819831496 0.059233449477351915
0 0.7717109526895658 0.1759581881533101 0.016526247569669476 0.03484320557491289
0 0.783700583279326 0.21602787456445993 0.016526247569669476 0.0313588850174216
0 0.8021710952689566 0.1994773519163763 0.0152300712896954 0.033101045296167246
0 0.8243681140635126 0.16376306620209058 0.007777057679844459 0.041811846689895474
0 0.8433246921581335 0.1759581881533101 0.015878159429682438 0.07665505226480836
0 0.8588788075178224 0.17334494773519163 0.011989630589760207 0.07491289198606271
0 0.8783214517174336 0.1837979094076655 0.008749189889825017 0.09930313588850175
0 0.8964679196370706 0.16637630662020905 0.01134154244977317 0.047038327526132406
0 0.9113739468567725 0.18118466898954705 0.008101101749837978 0.0313588850174216
0 0.9486390149060272 0.18554006968641115 0.007453013609850939 0.078397212543554
0 0.9693778353856124 0.171602787456446 0.010045366169799093 0.09581881533101046
0 0.046662346079066754 0.8022648083623694 0.014257939079714841 0.06097560975609756
0 0.06173039533376539 0.804006968641115 0.01847051198963059 0.04355400696864112
0 0.084899546338302 0.8057491289198606 0.019442644199611146 0.050522648083623695
0 0.10061568373298768 0.8127177700348432 0.011989630589760207 0.04006968641114982
0 0.11519766688269605 0.8170731707317073 0.01911860012961763 0.0627177700348432
0 0.14112119248217758 0.7979094076655052 0.013933895009721323 0.10452961672473868
0 0.14922229423201555 0.7857142857142857 0.013933895009721323 0.06620209059233449
0 0.17060920285158782 0.7961672473867596 0.01458198314970836 0.04878048780487805
0 0.18681140635126378 0.8318815331010453 0.008749189889825017 0.08885017421602788
0 0.20528191834089435 0.7831010452961672 0.01847051198963059 0.06097560975609756
0 0.22375243033052494 0.794425087108014 0.017174335709656513 0.06968641114982578
0 0.24189889825016203 0.7961672473867596 0.010045366169799093 0.08013937282229965
0 0.2576150356448477 0.8092334494773519 0.011665586519766688 0.06445993031358885
0 0.2723590408295528 0.7996515679442509 0.012637718729747246 0.08362369337979095
0 0.2935839274141283 0.7918118466898955 0.01814646791963707 0.07142857142857142
0 0.3128645495787427 0.789198606271777 0.012637718729747246 0.06620209059233449
0 0.33036292935839273 0.8170731707317073 0.011989630589760207 0.06620209059233449
0 0.34915748541801683 0.7970383275261324 0.010045366169799093 0.10627177700348432
0 0.36276733635774466 0.7996515679442509 0.012637718729747246 0.04529616724738676
0 0.3914452365521711 0.7979094076655052 0.011665586519766688 0.09059233449477352
0 0.4053791315618924 0.7996515679442509 0.008425145819831496 0.08013937282229965
0 0.4227154893065457 0.794425087108014 0.01782242384964355 0.08362369337979095
0 0.436649384316267 0.7987804878048781 0.01782242384964355 0.05400696864111498
0 0.4531756318859365 0.8013937282229965 0.013933895009721323 0.0313588850174216
0 0.47310434219053793 0.8074912891986062 0.014257939079714841 0.09581881533101046
0 0.4915748541801685 0.8074912891986062 0.007777057679844459 0.05400696864111498
0 0.5022683084899546 0.789198606271777 0.007128969539857421 0.05574912891986063
0 0.5225210628645496 0.8031358885017421 0.008749189889825017 0.06968641114982578
0 0.5272197018794557 0.7874564459930313 0.017498379779650033 0.041811846689895474
0 0.542449773169151 0.794425087108014 0.01814646791963707 0.03484320557491289
0 0.5576798444588464 0.7979094076655052 0.009721322099805573 0.08362369337979095
0 0.592352559948153 0.8005226480836237 0.016202203499675955 0.08188153310104529
0 0.6135774465327285 0.8196864111498258 0.007453013609850939 0.10278745644599303
0 0.6286454957874271 0.7848432055749129 0.018794556059624108 0.050522648083623695
0 0.6492222942320156 0.7996515679442509 0.017174335709656513 0.06620209059233449
0 0.6665586519766689 0.789198606271777 0.015554115359688918 0.05574912891986063
0 0.7041477640959171 0.8118466898954704 0.012961762799740765 0.059233449477351915
0 0.7365521710952689 0.8196864111498258 0.016202203499675955 0.04355400696864112
0 0.7550226830848995 0.7935540069686411 0.014906027219701879 0.07142857142857142
0 0.7751134154244977 0.7952961672473867 0.015554115359688918 0.07491289198606271
0 0.7940699935191186 0.7970383275261324 0.013285806869734284 0.08536585365853659
0 0.8086519766688269 0.7918118466898955 0.007453013609850939 0.07491289198606271
0 0.8263123784834737 0.8031358885017421 0.0064808813998703824 0.07317073170731707
0 0.8535320803629294 0.8162020905923345 0.014257939079714841 0.07491289198606271
0 0.8630913804277381 0.7970383275261324 0.015878159429682438 0.033101045296167246
0 0.880103694102398 0.8083623693379791 0.009073233959818535 0.08013937282229965
0 0.8998703823720026 0.7979094076655052 0.011665586519766688 0.07665505226480836
0 0.915100453661698 0.774390243902439 0.016850291639662993 0.04355400696864112
0 0.9348671419313026 0.7918118466898955 0.005184705119896306 0.09930313588850175
0 0.9523655217109527 0.7935540069686411 0.010369410239792612 0.12717770034843207
0 0.9669475048606611 0.7952961672473867 0.008425145819831496 0.07142857142857142
