0 0.9690709338428469 0.2916219119226638 0.01839025555290184 0.08485499462943072
0 0.950322426558395 0.2980665950590763 0.011941724385001195 0.07411385606874328
0 0.9263195605445427 0.2996777658431794 0.024122283257702413 0.04296455424274973
0 0.9119894912825413 0.29430719656283566 0.023644614282302363 0.07089151450053706
0 0.8946739909242895 0.2857142857142857 0.018629090040601863 0.09881847475832438
0 0.8730594697874373 0.2878625134264232 0.01839025555290184 0.09452201933404941
0 0.8574158108430857 0.27765843179377014 0.022928110819202294 0.05477980665950591
0 0.839264389777884 0.280343716433942 0.011941724385001195 0.04296455424274973
0 0.8238595653212324 0.2841031149301826 0.012180558872701218 0.04189044038668099
0 0.9616670647241462 0.8276047261009667 0.012180558872701218 0.06552094522019335
0 0.9293049916407929 0.8061224489795918 0.016718414139001672 0.05263157894736842
0 0.8995700979221399 0.8211600429645542 0.00979221399570098 0.0719656283566058
0 0.8358012897062336 0.8050483351235231 0.021733938380702172 0.04833512352309345
0 0.8251731550035826 0.7959183673469388 0.015763076188201577 0.045112781954887216
0 0.8026032959159303 0.7980665950590763 0.018867924528301886 0.08807733619763695
0 0.8060663959875806 0.27926960257787325 0.007165034631000717 0.06659505907626208
0 0.7854072128015286 0.2873254564983888 0.005015524241700501 0.05263157894736842
0 0.7683305469309768 0.2862513426423201 0.015285407212801529 0.04189044038668099
0 0.7479101982326248 0.2663802363050483 0.007403869118700741 0.07733619763694952
0 0.7320277048005732 0.2588614393125671 0.006687365655600669 0.05370569280343716
0 0.7122044423214712 0.26100966702470463 0.015285407212801529 0.06229860365198711
0 0.7024122283257702 0.2604726100966702 0.0109863864342011 0.09129967776584318
0 0.6573919273943157 0.27013963480128894 0.019345593503701936 0.12567132116004295
0 0.6452113685216145 0.261546723952739 0.024122283257702413 0.05692803437164339
0 0.6238356818724624 0.2765843179377014 0.006687365655600669 0.061224489795918366
0 0.7840936231191784 0.8184747583243824 0.024361117745402436 0.03866809881847476
0 0.769882971101027 0.7900107411385607 0.01839025555290184 0.09989258861439312
0 0.7518509672796752 0.7921589688506981 0.013374731311201338 0.10633727175080558
0 0.7246238356818725 0.7781954887218046 0.0219727728684022 0.0719656283566058
0 0.7142345354669214 0.7755102040816326 0.014091234774301409 0.07733619763694952
0 0.6993073799856699 0.7814178302900108 0.024838786720802485 0.04833512352309345
0 0.6749462622402675 0.7642320085929108 0.015763076188201577 0.08915145005370569
0 0.6582278481012658 0.7454350161117078 0.021017434917602103 0.06874328678839957
0 0.6470026271793647 0.7669172932330827 0.014807738237401481 0.10526315789473684
0 0.6235968473847624 0.7626208378088077 0.02149510389300215 0.09022556390977443
0 0.610460950561261 0.757250268528464 0.011464055409601147 0.10955961331901182
0 0.6166706472414617 0.23684210526315788 0.017673752089801768 0.08270676691729323
0 0.6019823262479101 0.24812030075187969 0.016957248626701695 0.0322234156820623
0 0.5935037019345594 0.26852846401718583 0.024361117745402436 0.045112781954887216
0 0.5529018390255553 0.2577873254564984 0.009075710532600907 0.12030075187969924
0 0.5377358490566038 0.23630504833512353 0.008836876044900884 0.08378088077336197
0 0.5250776212085025 0.2540279269602578 0.014091234774301409 0.09989258861439312
0 0.5119417243850012 0.23952738990332975 0.025077621208502508 0.04940923737916219
0 0.49725340339144974 0.23523093447905477 0.02340577979460234 0.05155746509129968
0 0.4848340100310485 0.24865735767991407 0.0219727728684022 0.09344790547798067
0 0.5915930260329592 0.7798066595059077 0.015763076188201577 0.10955961331901182
0 0.5761882015763076 0.7706766917293233 0.0160019106759016 0.09129967776584318
0 0.5527824217817052 0.7524167561761547 0.01839025555290184 0.06981740064446831
0 0.5333174110341533 0.7491944146079484 0.02531645569620253 0.08270676691729323
0 0.5192261762598519 0.7567132116004296 0.01289706233580129 0.1041890440386681
0 0.49988058275615 0.7454350161117078 0.018629090040601863 0.0966702470461869
0 0.48435634105564845 0.7293233082706767 0.011941724385001195 0.0644468313641246
0 0.4658466682588966 0.7443609022556391 0.016957248626701695 0.03866809881847476
0 0.4441127298781944 0.7438238453276047 0.009314545020300932 0.11707841031149302
0 0.4331263434439933 0.7175080558539205 0.018867924528301886 0.06229860365198711
0 0.40757105326009074 0.7287862513426423 0.01647957965130165 0.09129967776584318
0 0.3910914736087891 0.7357679914070892 0.012658227848101266 0.11170784103114931
0 0.37031287317888706 0.7400644468313641 0.013135896823501313 0.08378088077336197
0 0.3590876522569859 0.7228786251342643 0.008359207069500836 0.08378088077336197
0 0.32720324814903273 0.7121374865735768 0.013852400286601386 0.055853920515574654
0 0.46214473369954623 0.22126745435016112 0.015763076188201577 0.0966702470461869
0 0.4517554334845952 0.23308270676691728 0.015046572725101504 0.079484425349087
0 0.43061858132314307 0.2083780880773362 0.01910675901600191 0.09022556390977443
0 0.4192739431573919 0.21321160042964554 0.01791258657750179 0.09774436090225563
0 0.39336040124193933 0.22610096670247046 0.017196083114401718 0.06552094522019335
0 0.3738953904943874 0.22824919441460795 0.012658227848101266 0.14715359828141783
0 0.3575352280869358 0.21535982814178303 0.022928110819202294 0.06981740064446831
0 0.3360401241939336 0.20193340494092374 0.005732027704800574 0.10096670247046187
0 0.30761882015763076 0.21374865735767992 0.017196083114401718 0.11170784103114931
0 0.28755672319082876 0.20193340494092374 0.028660138524002867 0.047261009667024706
0 0.26546453307857654 0.21428571428571427 0.010747551946501075 0.11278195488721804
0 0.25459756388822546 0.20139634801288936 0.02340577979460234 0.07411385606874328
0 0.23740148077382375 0.18635875402792695 0.0219727728684022 0.09129967776584318
0 0.2161452113685216 0.1799140708915145 0.016718414139001672 0.07626208378088077
0 0.19047050394076906 0.17669172932330826 0.024122283257702413 0.0719656283566058
0 0.18235013135896824 0.1970998925886144 0.010269882971101027 0.13426423200859292
0 0.15978027227131597 0.19065520945220193 0.027227131597802722 0.06552094522019335
0 0.1429424408884643 0.18528464017185822 0.021733938380702172 0.09559613319011816
0 0.1278958681633628 0.1648764769065521 0.013135896823501313 0.09989258861439312
0 0.11153570575591115 0.17132116004296455 0.015285407212801529 0.09989258861439312
0 0.23644614282302365 0.715359828141783 0.016240745163601623 0.0644468313641246
0 0.20969668020062096 0.7040816326530612 0.015285407212801529 0.09989258861439312
0 0.19130642464771913 0.6836734693877551 0.02149510389300215 0.0719656283566058
0 0.18043945545736803 0.6890440386680988 0.015046572725101504 0.0719656283566058
0 0.15751134463816574 0.6906552094522019 0.02030093145450203 0.06874328678839957
0 0.13744924767136374 0.6879699248120301 0.014568903749701457 0.09774436090225563
0 0.12371626462861238 0.6750805585392051 0.015763076188201577 0.061224489795918366
0 0.1049677573441605 0.6868958109559613 0.009314545020300932 0.09989258861439312
0 0.09338428469070933 0.6804511278195489 0.017196083114401718 0.10633727175080558
0 0.04836398375925484 0.6686358754027927 0.014568903749701457 0.06337271750805586
0 0.03510866969190351 0.6729323308270677 0.006209696680200621 0.03329752953813104
0 0.08848817769285885 0.1611170784103115 0.019345593503701936 0.05800214822771214
0 0.07081442560305708 0.14500537056928034 0.012180558872701218 0.07089151450053706
0 0.05111058036780511 0.16702470461868957 0.0219727728684022 0.08055853920515575
0 0.037258180081203726 0.16702470461868957 0.017196083114401718 0.11493018259935553
0 0.6791258657750179 0.2540279269602578 0.0160019106759016 0.02685284640171858
0 0.2781227609266778 0.7142857142857143 0.015524241700501552 0.047261009667024706
0 0.2838547886314784 0.7336197636949516 0.014568903749701457 0.02577873254564984
0 0.2906615715309291 0.7191192266380236 0.013374731311201338 0.06337271750805586
0 0.30260329591593027 0.7169709989258861 0.0219727728684022 0.04833512352309345
0 0.26546453307857654 0.7013963480128894 0.0160019106759016 0.06015037593984962
