0 0.9222543352601156 0.8530106257378984 0.01907514450867052 0.008264462809917356
0 0.915606936416185 0.7452774498229043 0.011560693641618497 0.01357733175914994
0 0.915028901734104 0.6983471074380165 0.009248554913294798 0.023612750885478158
0 0.9104046242774566 0.5923848878394333 0.019653179190751446 0.01357733175914994
0 0.9046242774566474 0.40436835891381345 0.006936416184971098 0.014167650531286895
0 0.8962427745664739 0.2514757969303424 0.012138728323699421 0.015348288075560802
0 0.8950867052023121 0.20159386068476978 0.008670520231213872 0.021841794569067298
0 0.8916184971098265 0.14669421487603307 0.02485549132947977 0.00885478158205431
0 0.7384393063583815 0.015053128689492325 0.013294797687861272 0.011216056670602124
0 0.7491329479768786 0.23258559622195984 0.010404624277456647 0.01652892561983471
0 0.7523121387283237 0.2871900826446281 0.01560693641618497 0.02538370720188902
0 0.7471098265895953 0.3409090909090909 0.012138728323699421 0.026564344746162927
0 0.757514450867052 0.384297520661157 0.01560693641618497 0.008264462809917356
0 0.7502890173410405 0.4182408500590319 0.020809248554913295 0.012396694214876033
0 0.7578034682080925 0.47963400236127507 0.011560693641618497 0.021841794569067298
0 0.7627167630057804 0.6154073199527745 0.007514450867052023 0.017119244391971666
0 0.7736994219653179 0.7730224321133412 0.017919075144508672 0.015938606847697757
0 0.7783236994219653 0.8627508854781583 0.028323699421965318 0.027744982290436836
0 0.776878612716763 0.9223730814639906 0.020809248554913295 0.010035419126328217
0 0.6294797687861272 0.9268004722550177 0.028901734104046242 0.02243211334120425
0 0.6208092485549133 0.8757378984651711 0.016184971098265895 0.015938606847697757
0 0.6248554913294798 0.8243801652892562 0.03005780346820809 0.01475796930342385
0 0.6210982658959537 0.7780401416765053 0.023699421965317918 0.021251475796930343
0 0.6222543352601156 0.7222550177095631 0.02138728323699422 0.026564344746162927
0 0.6236994219653179 0.6776859504132231 0.020809248554913295 0.023612750885478158
0 0.6104046242774567 0.5737898465171193 0.03005780346820809 0.015348288075560802
0 0.6161849710982659 0.5324675324675324 0.024277456647398842 0.02243211334120425
0 0.6054913294797688 0.38016528925619836 0.030635838150289016 0.014167650531286895
0 0.5985549132947977 0.34061393152302244 0.02023121387283237 0.01770956316410862
0 0.6060693641618498 0.2871900826446281 0.02254335260115607 0.01357733175914994
0 0.6092485549132948 0.24380165289256198 0.020809248554913295 0.012987012987012988
0 0.5979768786127168 0.19155844155844157 0.02254335260115607 0.01475796930342385
0 0.5907514450867052 0.13164108618654075 0.017341040462427744 0.02833530106257379
0 0.5913294797687861 0.09179456906729634 0.025433526011560695 0.027744982290436836
0 0.457514450867052 0.049586776859504134 0.008670520231213872 0.018890200708382526
0 0.4598265895953757 0.1384297520661157 0.02716763005780347 0.012396694214876033
0 0.4682080924855491 0.1912632821723731 0.027745664739884393 0.01770956316410862
0 0.46705202312138727 0.2461629279811098 0.024277456647398842 0.014167650531286895
0 0.46271676300578035 0.29309327036599764 0.02138728323699422 0.017119244391971666
0 0.46271676300578035 0.34445100354191266 0.02601156069364162 0.01357733175914994
0 0.46705202312138727 0.38488783943329397 0.024277456647398842 0.01770956316410862
0 0.47601156069364164 0.4377213695395514 0.02254335260115607 0.01475796930342385
0 0.4725433526011561 0.4757969303423849 0.02601156069364162 0.020070838252656435
0 0.4725433526011561 0.5357142857142857 0.02023121387283237 0.017119244391971666
0 0.47369942196531795 0.5788075560802833 0.03410404624277456 0.012396694214876033
0 0.48034682080924856 0.6233766233766234 0.035838150289017344 0.010625737898465172
0 0.4771676300578035 0.6741440377804014 0.012138728323699421 0.02833530106257379
0 0.4823699421965318 0.7222550177095631 0.031791907514450865 0.015938606847697757
0 0.48959537572254336 0.8196576151121606 0.03468208092485549 0.015938606847697757
0 0.48959537572254336 0.8772136953955135 0.03121387283236994 0.02243211334120425
0 0.4867052023121387 0.9327036599763873 0.028901734104046242 0.025974025974025976
0 0.3615606936416185 0.935655253837072 0.03872832369942197 0.024793388429752067
0 0.3546242774566474 0.8878394332939787 0.029479768786127167 0.020070838252656435
0 0.36329479768786127 0.8305785123966942 0.02485549132947977 0.015348288075560802
0 0.3511560693641618 0.7801062573789846 0.01560693641618497 0.02066115702479339
0 0.3511560693641618 0.7293388429752066 0.02254335260115607 0.03955135773317592
0 0.34884393063583813 0.685064935064935 0.010982658959537572 0.027744982290436836
0 0.34421965317919073 0.6393152302243211 0.017919075144508672 0.03896103896103896
0 0.34046242774566476 0.5755608028335301 0.018497109826589597 0.02243211334120425
0 0.33670520231213874 0.5404368358913814 0.031791907514450865 0.02066115702479339
0 0.34132947976878614 0.4858323494687131 0.01907514450867052 0.030696576151121605
0 0.3407514450867052 0.43506493506493504 0.02485549132947977 0.020070838252656435
0 0.3329479768786127 0.33913813459268005 0.03121387283236994 0.01948051948051948
0 0.3384393063583815 0.301357733175915 0.01560693641618497 0.04191263282172373
0 0.33265895953757224 0.24321133412042503 0.032947976878612714 0.015348288075560802
0 0.3291907514450867 0.20041322314049587 0.031791907514450865 0.015938606847697757
0 0.3361271676300578 0.1422668240850059 0.03526011560693642 0.01652892561983471
0 0.3196531791907514 0.09415584415584416 0.020809248554913295 0.028925619834710745
0 0.3199421965317919 0.04604486422668241 0.01560693641618497 0.015348288075560802
0 0.18063583815028902 0.10330578512396695 0.010982658959537572 0.04014167650531287
0 0.18728323699421964 0.15850059031877214 0.024277456647398842 0.0371900826446281
0 0.044797687861271675 0.12131050767414404 0.02254335260115607 0.012396694214876033
0 0.1838150289017341 0.20306965761511217 0.025433526011560695 0.023612750885478158
0 0.19190751445086704 0.25914994096812277 0.04277456647398844 0.012987012987012988
0 0.1884393063583815 0.3116883116883117 0.028901734104046242 0.024793388429752067
0 0.18757225433526012 0.3482880755608028 0.029479768786127167 0.02243211334120425
0 0.049132947976878616 0.3810507674144038 0.010404624277456647 0.03837072018890201
0 0.19132947976878611 0.39138134592680046 0.03005780346820809 0.018890200708382526
0 0.1976878612716763 0.48760330578512395 0.023121387283236993 0.012987012987012988
0 0.19653179190751446 0.5342384887839433 0.018497109826589597 0.02715466351829988
0 0.05375722543352601 0.5374852420306966 0.019653179190751446 0.01948051948051948
0 0.1947976878612717 0.5935655253837072 0.018497109826589597 0.024203069657615112
0 0.2 0.6378394332939787 0.017341040462427744 0.015938606847697757
0 0.20028901734104046 0.6835891381345927 0.009826589595375723 0.02243211334120425
0 0.20722543352601155 0.7337662337662337 0.029479768786127167 0.012987012987012988
0 0.21184971098265895 0.7865997638724912 0.023699421965317918 0.01475796930342385
0 0.21127167630057803 0.8326446280991735 0.02601156069364162 0.015938606847697757
0 0.2060693641618497 0.8857733175914995 0.01907514450867052 0.007674144037780401
0 0.20751445086705203 0.9386068476977568 0.020809248554913295 0.024793388429752067
0 0.19219653179190752 0.4448051948051948 0.031791907514450865 0.04191263282172373
0 0.7447976878612717 0.1951003541912633 0.013294797687861272 0.01357733175914994
0 0.9017341040462428 0.3627508854781582 0.010404624277456647 0.01829988193624557
0 0.9095375722543353 0.49793388429752067 0.013294797687861272 0.011216056670602124
0 0.9054913294797687 0.4430342384887839 0.008670520231213872 0.010035419126328217
