0 0.9675251959686451 0.8025114155251142 0.02463605823068309 0.01141552511415525
0 0.9624860022396416 0.7491438356164384 0.027995520716685332 0.011986301369863013
0 0.933090705487122 0.20234018264840184 0.017357222844344905 0.016552511415525113
0 0.9342105263157895 0.11158675799086758 0.015117581187010079 0.014269406392694063
0 0.7455207166853304 0.1309931506849315 0.02967525195968645 0.02226027397260274
0 0.7407614781634938 0.1692351598173516 0.02463605823068309 0.011986301369863013
0 0.7491601343784995 0.2374429223744292 0.022396416573348264 0.02511415525114155
0 0.7477603583426652 0.2831050228310502 0.02967525195968645 0.017123287671232876
0 0.7508398656215005 0.3827054794520548 0.027995520716685332 0.01769406392694064
0 0.7606382978723404 0.4269406392694064 0.02967525195968645 0.014840182648401826
0 0.7569988801791714 0.4794520547945205 0.013437849944008958 0.028538812785388126
0 0.7631578947368421 0.526541095890411 0.032474804031354984 0.014269406392694063
0 0.7877939529675252 0.8792808219178082 0.03583426651735722 0.013127853881278538
0 0.6514557670772676 0.9434931506849316 0.0341545352743561 0.0273972602739726
0 0.6492161254199328 0.8889840182648402 0.011758118701007838 0.041666666666666664
0 0.6399776035834267 0.8401826484018264 0.011198208286674132 0.021689497716894976
0 0.6366181410974244 0.7785388127853882 0.020156774916013438 0.026255707762557076
0 0.633538633818589 0.7320205479452054 0.020716685330347144 0.018835616438356163
0 0.6229003359462486 0.6866438356164384 0.02295632698768197 0.03424657534246575
0 0.6237402015677491 0.6241438356164384 0.012318029115341545 0.01997716894977169
0 0.6243001119820829 0.5856164383561644 0.026875699888017916 0.0136986301369863
0 0.6192609182530795 0.5368150684931506 0.030235162374020158 0.023401826484018264
0 0.6119820828667413 0.4777397260273973 0.029115341545352745 0.02968036529680365
0 0.6097424412094065 0.4457762557077626 0.014557670772676373 0.02054794520547945
0 0.6150615901455767 0.3852739726027397 0.027435610302351622 0.02054794520547945
0 0.6058230683090705 0.336472602739726 0.03135498320268757 0.01997716894977169
0 0.6002239641657335 0.2454337899543379 0.015677491601343786 0.019406392694063926
0 0.5979843225083986 0.175513698630137 0.0167973124300112 0.013127853881278538
0 0.5921052631578947 0.052226027397260275 0.012877939529675251 0.032534246575342464
0 0.46192609182530797 0.04138127853881279 0.02127659574468085 0.023401826484018264
0 0.46136618141097424 0.0930365296803653 0.030235162374020158 0.019406392694063926
0 0.47144456886898095 0.136986301369863 0.029115341545352745 0.021689497716894976
0 0.4742441209406495 0.1917808219178082 0.025755879059350503 0.017123287671232876
0 0.47816349384098544 0.24771689497716895 0.010078387458006719 0.010273972602739725
0 0.4773236282194849 0.3022260273972603 0.015117581187010079 0.01769406392694064
0 0.4876819708846585 0.3407534246575342 0.022396416573348264 0.02054794520547945
0 0.48964165733482645 0.3952625570776256 0.02967525195968645 0.021118721461187213
0 0.48600223964165734 0.4449200913242009 0.012318029115341545 0.03367579908675799
0 0.4935610302351624 0.4937214611872146 0.020716685330347144 0.02968036529680365
0 0.49188129899216126 0.5507990867579908 0.009518477043673012 0.0365296803652968
0 0.49916013437849943 0.576769406392694 0.02631578947368421 0.02454337899543379
0 0.49972004479283316 0.6501141552511416 0.027435610302351622 0.01598173515981735
0 0.5092385218365062 0.7440068493150684 0.02855543113101904 0.021118721461187213
0 0.5036394176931691 0.7962328767123288 0.018477043673012318 0.026255707762557076
0 0.5193169092945129 0.8393264840182648 0.02855543113101904 0.014269406392694063
0 0.513437849944009 0.8898401826484018 0.015677491601343786 0.019406392694063926
0 0.38465845464725645 0.9432077625570776 0.026875699888017916 0.01769406392694064
0 0.37989921612541994 0.8378995433789954 0.02855543113101904 0.01598173515981735
0 0.37737961926091823 0.7976598173515982 0.030235162374020158 0.009703196347031963
0 0.37430011198208285 0.7374429223744292 0.01959686450167973 0.033105022831050226
0 0.362541993281075 0.684931506849315 0.027435610302351622 0.026255707762557076
0 0.09966405375139978 0.05422374429223744 0.020156774916013438 0.010273972602739725
0 0.19288913773796193 0.0642123287671233 0.020716685330347144 0.010844748858447488
0 0.09798432250839866 0.1004566210045662 0.0167973124300112 0.017123287671232876
0 0.18784994400895857 0.11073059360730593 0.017357222844344905 0.017123287671232876
0 0.19512877939529674 0.16666666666666666 0.01959686450167973 0.023972602739726026
0 0.1013437849944009 0.2365867579908676 0.013437849944008958 0.016552511415525113
0 0.09490481522956327 0.2796803652968037 0.027435610302351622 0.0091324200913242
0 0.20716685330347145 0.2685502283105023 0.023516237402015677 0.02226027397260274
0 0.20408734602463605 0.3019406392694064 0.024076147816349383 0.023972602739726026
0 0.10246360582306831 0.3339041095890411 0.026875699888017916 0.012557077625570776
0 0.2032474804031355 0.3578767123287671 0.019036954087346025 0.02054794520547945
0 0.1013437849944009 0.3872716894977169 0.014557670772676373 0.015410958904109588
0 0.11170212765957446 0.4355022831050228 0.025195968645016796 0.017123287671232876
0 0.20408734602463605 0.4043949771689498 0.02295632698768197 0.02226027397260274
0 0.21332586786114222 0.4483447488584475 0.022396416573348264 0.01769406392694064
0 0.1103023516237402 0.4805936073059361 0.010078387458006719 0.02054794520547945
0 0.21248600223964165 0.5045662100456622 0.031914893617021274 0.01598173515981735
0 0.2116461366181411 0.5582191780821918 0.022396416573348264 0.021689497716894976
0 0.11842105263157894 0.6061643835616438 0.007278835386338186 0.01141552511415525
0 0.21444568868980962 0.6073059360730594 0.0167973124300112 0.0273972602739726
0 0.11898096304591266 0.6503995433789954 0.017357222844344905 0.018835616438356163
0 0.21248600223964165 0.6558219178082192 0.016237402015677492 0.0228310502283105
0 0.11842105263157894 0.7368721461187214 0.016237402015677492 0.02511415525114155
0 0.2206047032474804 0.7014840182648402 0.029115341545352745 0.017123287671232876
0 0.22648376259798433 0.7554223744292238 0.03527435610302351 0.016552511415525113
0 0.2315229563269877 0.8127853881278538 0.02855543113101904 0.01598173515981735
0 0.12150055991041434 0.8504566210045662 0.025755879059350503 0.017123287671232876
0 0.23012318029115342 0.9172374429223744 0.019036954087346025 0.0273972602739726
0 0.12541993281075028 0.9429223744292238 0.025755879059350503 0.023972602739726026
0 0.12430011198208286 0.990582191780822 0.015677491601343786 0.010844748858447488
0 0.19764837625979842 0.21147260273972604 0.023516237402015677 0.009703196347031963
0 0.5145576707726763 0.9540525114155252 0.013437849944008958 0.03824200913242009
