0 0.009843081312410842 0.15839694656488548 0.015691868758915834 0.1717557251908397
0 0.038801711840228244 0.41603053435114506 0.015977175463623396 0.08396946564885496
0 0.02781740370898716 0.6269083969465649 0.021398002853067047 0.17748091603053434
0 0.0449358059914408 0.6040076335877863 0.019686162624821684 0.06679389312977099
0 0.06476462196861626 0.607824427480916 0.01825962910128388 0.1965648854961832
0 0.06219686162624822 0.42843511450381677 0.013694721825962911 0.10877862595419847
0 0.0456490727532097 0.16793893129770993 0.025106990014265335 0.11068702290076336
0 0.0644793152639087 0.18606870229007633 0.03537803138373752 0.11641221374045801
0 0.08758915834522112 0.44179389312977096 0.0068473609129814554 0.13549618320610687
0 0.08174037089871612 0.5715648854961832 0.017974322396576318 0.13549618320610687
0 0.10228245363766049 0.6020992366412213 0.015121255349500713 0.17748091603053434
0 0.11611982881597717 0.6192748091603053 0.020542082738944364 0.06679389312977099
0 0.11312410841654778 0.4599236641221374 0.019115549215406563 0.1183206106870229
0 0.13423680456490727 0.48950381679389315 0.012268188302425107 0.10114503816793893
0 0.14094151212553496 0.6335877862595419 0.024536376604850214 0.10687022900763359
0 0.10699001426533523 0.16125954198473283 0.023965763195435093 0.10114503816793893
0 0.12296718972895863 0.14217557251908397 0.024536376604850214 0.18893129770992367
0 0.13238231098430814 0.15362595419847327 0.027389443651925822 0.15458015267175573
0 0.1557774607703281 0.18893129770992367 0.028530670470756064 0.16412213740458015
0 0.1797432239657632 0.1784351145038168 0.027960057061340943 0.19274809160305342
0 0.1942938659058488 0.16603053435114504 0.024536376604850214 0.24045801526717558
0 0.1962910128388017 0.4713740458015267 0.010841654778887305 0.09541984732824428
0 0.16333808844507847 0.4685114503816794 0.013980028530670471 0.07824427480916031
0 0.15891583452211128 0.6230916030534351 0.011982881597717546 0.1316793893129771
0 0.17760342368045648 0.6469465648854962 0.029386590584878743 0.07251908396946564
0 0.19743223965763196 0.6402671755725191 0.02168330955777461 0.13549618320610687
0 0.21326676176890158 0.6259541984732825 0.024251069900142655 0.11450381679389313
0 0.21412268188302425 0.20038167938931298 0.02653352353780314 0.21374045801526717
0 0.24450784593437946 0.19751908396946566 0.007988587731811698 0.21564885496183206
0 0.25106990014265335 0.20419847328244276 0.013694721825962911 0.2633587786259542
0 0.23894436519258203 0.6603053435114504 0.011126961483594865 0.24045801526717558
0 0.2549215406562054 0.6440839694656488 0.021968616262482168 0.15076335877862596
0 0.2653352353780314 0.5009541984732825 0.014265335235378032 0.11259541984732824
0 0.2783166904422254 0.6793893129770993 0.011126961483594865 0.14885496183206107
0 0.2922967189728959 0.19274809160305342 0.025392296718972897 0.17938931297709923
0 0.2991440798858773 0.20610687022900764 0.02310984308131241 0.08778625954198473
0 0.3181169757489301 0.21851145038167938 0.027960057061340943 0.21946564885496184
0 0.33395149786019973 0.2099236641221374 0.019686162624821684 0.1450381679389313
0 0.29300998573466475 0.5038167938931297 0.011982881597717546 0.08396946564885496
0 0.3057061340941512 0.5095419847328244 0.013409415121255349 0.08778625954198473
0 0.3269614835948645 0.5047709923664122 0.010841654778887305 0.12022900763358779
0 0.34251069900142656 0.5133587786259542 0.00884450784593438 0.07633587786259542
0 0.3706134094151213 0.5209923664122137 0.010841654778887305 0.12595419847328243
0 0.3817403708987161 0.5248091603053435 0.013124108416547788 0.0916030534351145
0 0.3962910128388017 0.5200381679389313 0.017118402282453638 0.09732824427480916
0 0.41925820256776036 0.5095419847328244 0.011697574893009986 0.13740458015267176
0 0.3549215406562054 0.24713740458015268 0.023395149786019972 0.20038167938931298
0 0.3680456490727532 0.21564885496183206 0.034236804564907276 0.1183206106870229
0 0.3841654778887304 0.22137404580152673 0.02253922967189729 0.22137404580152673
0 0.40228245363766046 0.27576335877862596 0.025106990014265335 0.14694656488549618
0 0.42082738944365194 0.23377862595419846 0.028530670470756064 0.20038167938931298
0 0.29529243937232524 0.648854961832061 0.02282453637660485 0.0916030534351145
0 0.31497860199714695 0.6803435114503816 0.02225392296718973 0.1851145038167939
0 0.3353780313837375 0.6622137404580153 0.020256776034236805 0.15267175572519084
0 0.35263908701854496 0.7061068702290076 0.023395149786019972 0.09541984732824428
0 0.3744650499286733 0.7166030534351145 0.02253922967189729 0.11641221374045801
0 0.3948644793152639 0.7051526717557252 0.01825962910128388 0.16603053435114504
0 0.41169757489301 0.6679389312977099 0.02225392296718973 0.12595419847328243
0 0.42296718972895864 0.708969465648855 0.013409415121255349 0.1851145038167939
0 0.45620542082738946 0.6898854961832062 0.015406562054208274 0.11641221374045801
0 0.4726105563480742 0.6994274809160306 0.015691868758915834 0.1431297709923664
0 0.43509272467902993 0.5372137404580153 0.007417974322396576 0.11259541984732824
0 0.44878744650499286 0.5248091603053435 0.013694721825962911 0.12595419847328243
0 0.4691868758915835 0.5400763358778626 0.021398002853067047 0.06870229007633588
0 0.48088445078459346 0.6956106870229007 0.020827389443651926 0.13549618320610687
0 0.49971469329529244 0.7251908396946565 0.016262482168330955 0.1984732824427481
0 0.49914407988587733 0.5438931297709924 0.009985734664764621 0.06870229007633588
0 0.5151212553495007 0.5305343511450382 0.00884450784593438 0.1183206106870229
0 0.44308131241084164 0.2643129770992366 0.016547788873038517 0.18893129770992367
0 0.45891583452211127 0.2547709923664122 0.021968616262482168 0.19274809160305342
0 0.47902995720399427 0.22900763358778625 0.03138373751783167 0.1984732824427481
0 0.5018544935805992 0.2872137404580153 0.03537803138373752 0.11641221374045801
0 0.5232524964336662 0.7166030534351145 0.019971469329529243 0.1316793893129771
0 0.5400855920114123 0.726145038167939 0.025677603423680456 0.10877862595419847
0 0.5649072753209701 0.7204198473282443 0.023395149786019972 0.09732824427480916
0 0.5676176890156919 0.5391221374045801 0.02253922967189729 0.08587786259541985
0 0.5833095577746077 0.558206106870229 0.015691868758915834 0.09351145038167939
0 0.6098430813124108 0.5534351145038168 0.017403708987161197 0.08396946564885496
0 0.5379457917261056 0.26908396946564883 0.028815977175463622 0.20229007633587787
0 0.5610556348074179 0.25190839694656486 0.025962910128388018 0.2366412213740458
0 0.5780313837375178 0.2958015267175573 0.013694721825962911 0.2099236641221374
0 0.6041369472182596 0.30248091603053434 0.029386590584878743 0.07442748091603053
0 0.6074179743223965 0.7480916030534351 0.016547788873038517 0.16793893129770993
0 0.6216833095577746 0.7423664122137404 0.012553495007132667 0.2099236641221374
0 0.6362339514978602 0.7251908396946565 0.028530670470756064 0.1297709923664122
0 0.6348074179743224 0.27576335877862596 0.024536376604850214 0.19274809160305342
0 0.6596291012838802 0.2872137404580153 0.020542082738944364 0.16221374045801526
0 0.6704707560627675 0.29103053435114506 0.03252496433666191 0.1431297709923664
0 0.6935805991440799 0.32729007633587787 0.03195435092724679 0.1431297709923664
0 0.6258202567760343 0.5543893129770993 0.016262482168330955 0.05916030534351145
0 0.6419400855920114 0.566793893129771 0.010841654778887305 0.10687022900763359
0 0.6664764621968616 0.558206106870229 0.013124108416547788 0.11259541984732824
0 0.6848787446504992 0.575381679389313 0.017403708987161197 0.1049618320610687
0 0.6616262482168331 0.7538167938931297 0.017118402282453638 0.07251908396946564
0 0.672753209700428 0.7624045801526718 0.02282453637660485 0.10877862595419847
0 0.6964336661911555 0.7480916030534351 0.015977175463623396 0.17938931297709923
0 0.6978601997146933 0.5706106870229007 0.010841654778887305 0.10305343511450382
0 0.7390870185449359 0.3549618320610687 0.020256776034236805 0.05343511450381679
0 0.7226818830242511 0.5715648854961832 0.007988587731811698 0.15458015267175573
0 0.7429386590584879 0.5801526717557252 0.007417974322396576 0.15267175572519084
0 0.7208273894436519 0.7652671755725191 0.011697574893009986 0.1946564885496183
0 0.7358059914407988 0.7795801526717557 0.018830242510699 0.11641221374045801
0 0.7536376604850213 0.7757633587786259 0.024251069900142655 0.07442748091603053
0 0.7650499286733238 0.5658396946564885 0.011126961483594865 0.09732824427480916
0 0.7700427960057061 0.33110687022900764 0.04051355206847361 0.16984732824427481
0 0.7767475035663338 0.7967557251908397 0.024251069900142655 0.1316793893129771
0 0.777888730385164 0.5887404580152672 0.007703281027104137 0.04389312977099236
0 0.7944365192582026 0.5896946564885496 0.007703281027104137 0.08396946564885496
0 0.8132667617689016 0.6020992366412213 0.011697574893009986 0.10114503816793893
0 0.8326676176890156 0.6097328244274809 0.00884450784593438 0.07442748091603053
0 0.8427960057061341 0.6173664122137404 0.015977175463623396 0.04770992366412214
0 0.8322396576319544 0.7528625954198473 0.019971469329529243 0.12404580152671756
0 0.8175463623395149 0.7662213740458015 0.020827389443651926 0.15458015267175573
0 0.7957203994293865 0.3511450381679389 0.028530670470756064 0.17938931297709923
0 0.8094151212553495 0.30725190839694655 0.029101283880171185 0.1946564885496183
0 0.8271041369472183 0.3377862595419847 0.008559201141226819 0.17557251908396945
0 0.7950071326676177 0.7614503816793893 0.021968616262482168 0.11450381679389313
0 0.8487874465049928 0.7843511450381679 0.010271041369472182 0.2366412213740458
0 0.8529243937232525 0.3702290076335878 0.018544935805991442 0.18702290076335878
0 0.8703281027104137 0.35400763358778625 0.020827389443651926 0.20419847328244276
0 0.8683309557774608 0.7805343511450382 0.0094151212553495 0.07633587786259542
0 0.8853067047075607 0.8062977099236641 0.02282453637660485 0.07442748091603053
0 0.8914407988587731 0.6307251908396947 0.007703281027104137 0.08587786259541985
0 0.903851640513552 0.6202290076335878 0.018830242510699 0.05725190839694656
0 0.9064194008559201 0.8034351145038168 0.015406562054208274 0.16793893129770993
0 0.9181169757489301 0.7795801526717557 0.02282453637660485 0.15839694656488548
0 0.9399429386590585 0.8215648854961832 0.025962910128388018 0.07061068702290077
0 0.957774607703281 0.8034351145038168 0.010271041369472182 0.08396946564885496
0 0.9559201141226819 0.6431297709923665 0.007703281027104137 0.10687022900763359
0 0.9462196861626249 0.6125954198473282 0.013980028530670471 0.05725190839694656
0 0.9268188302425107 0.6269083969465649 0.015691868758915834 0.05916030534351145
0 0.8858773181169758 0.37309160305343514 0.010841654778887305 0.15076335877862596
0 0.8978601997146933 0.3368320610687023 0.023965763195435093 0.2385496183206107
0 0.929243937232525 0.38645038167938933 0.023965763195435093 0.12786259541984732
0 0.9544935805991441 0.36927480916030536 0.016833095577746076 0.13931297709923665
