0 0.08127633955448525 0.12399193548387097 0.02588801926550271 0.18346774193548387
0 0.07811559301625527 0.3689516129032258 0.017760385310054184 0.08064516129032258
0 0.09557495484647803 0.5383064516129032 0.009933774834437087 0.16129032258064516
0 0.10731487055990367 0.5040322580645161 0.029199277543648403 0.0967741935483871
0 0.1253762793497893 0.5231854838709677 0.023780854906682723 0.15120967741935484
0 0.11032510535821793 0.36794354838709675 0.019566526189042744 0.07459677419354839
0 0.11243226971703793 0.1461693548387097 0.024382901866345574 0.16330645161290322
0 0.1289885611077664 0.17943548387096775 0.011739915713425647 0.18951612903225806
0 0.14283564118001205 0.4112903225806452 0.013546056592414209 0.06451612903225806
0 0.14599638771824203 0.5272177419354839 0.014449127031908489 0.16733870967741934
0 0.1691751956652619 0.5473790322580645 0.02107164358819988 0.11895161290322581
0 0.16225165562913907 0.38911290322580644 0.009030704394942806 0.125
0 0.1649608669476219 0.16834677419354838 0.028898254063816978 0.09879032258064516
0 0.18407585791691752 0.20262096774193547 0.028597230583985552 0.08669354838709678
0 0.1828717639975918 0.5574596774193549 0.012944009632751354 0.19959677419354838
0 0.1851294400963275 0.40826612903225806 0.012040939193257074 0.1350806451612903
0 0.1962673088500903 0.4223790322580645 0.00963275135460566 0.11491935483870967
0 0.2141782059000602 0.4264112903225806 0.013546056592414209 0.07056451612903226
0 0.21101745936183022 0.5786290322580645 0.023479831426851294 0.056451612903225805
0 0.22260686333534016 0.24596774193548387 0.024984948826008428 0.10887096774193548
0 0.25225767609873573 0.4112903225806452 0.017459361830222758 0.12903225806451613
0 0.24683925346177002 0.6149193548387096 0.010836845273931367 0.21370967741935484
0 0.2722757375075256 0.21471774193548387 0.016556291390728478 0.23588709677419356
0 0.29093919325707407 0.45060483870967744 0.014750150511739916 0.05040322580645161
0 0.26068633353401566 0.5766129032258065 0.012040939193257074 0.1935483870967742
0 0.27513546056592414 0.6209677419354839 0.023479831426851294 0.09274193548387097
0 0.2981637567730283 0.5745967741935484 0.021372667068031308 0.1975806451612903
0 0.3172787477423239 0.6179435483870968 0.01625526791089705 0.16733870967741934
0 0.2897350993377483 0.2530241935483871 0.007525586995785672 0.1310483870967742
0 0.3038832028898254 0.2550403225806452 0.026189042745334137 0.17943548387096775
0 0.33368452739313664 0.4405241935483871 0.015954244431065624 0.09879032258064516
0 0.3463275135460566 0.4627016129032258 0.017760385310054184 0.038306451612903226
0 0.3664960866947622 0.4647177419354839 0.01715833835039133 0.0625
0 0.3342865743527995 0.2217741935483871 0.032209512341962676 0.14516129032258066
0 0.350842865743528 0.22782258064516128 0.02679108970499699 0.14919354838709678
0 0.37748344370860926 0.27923387096774194 0.025285972305839857 0.18346774193548387
0 0.3886213124623721 0.2590725806451613 0.022877784467188442 0.09475806451612903
0 0.37853702588801924 0.6058467741935484 0.034015653220951236 0.1350806451612903
0 0.3926851294400963 0.6270161290322581 0.012944009632751354 0.10080645161290322
0 0.4160144491270319 0.6421370967741935 0.010234798314268514 0.1592741935483871
0 0.42760385310054183 0.24294354838709678 0.034015653220951236 0.14717741935483872
0 0.45770620108368454 0.2701612903225806 0.03461770018061409 0.11290322580645161
0 0.48434677904876583 0.2721774193548387 0.008428657435279952 0.08870967741935484
0 0.4244431065623119 0.4949596774193548 0.007826610475617099 0.1350806451612903
0 0.4363335340156532 0.47681451612903225 0.017760385310054184 0.12701612903225806
0 0.4638771824202288 0.47580645161290325 0.02107164358819988 0.0846774193548387
0 0.481637567730283 0.4909274193548387 0.008428657435279952 0.12701612903225806
0 0.49608669476219147 0.4959677419354839 0.016857314870559904 0.10080645161290322
0 0.472155328115593 0.6481854838709677 0.025586995785671283 0.12701612903225806
0 0.4459662853702589 0.6512096774193549 0.01836243226971704 0.1774193548387097
0 0.49864539434075855 0.6532258064516129 0.01715833835039133 0.18548387096774194
0 0.5121914509331728 0.6733870967741935 0.023780854906682723 0.14516129032258066
0 0.5239313666465985 0.6774193548387096 0.019566526189042744 0.12096774193548387
0 0.5152016857314871 0.26713709677419356 0.025586995785671283 0.19556451612903225
0 0.5334136062612884 0.29536290322580644 0.019867549668874173 0.13911290322580644
0 0.5397350993377483 0.3125 0.019867549668874173 0.24596774193548387
0 0.563064419024684 0.2752016129032258 0.019566526189042744 0.13911290322580644
0 0.5776640577965081 0.30443548387096775 0.028898254063816978 0.15725806451612903
0 0.5331125827814569 0.4969758064516129 0.010836845273931367 0.11088709677419355
0 0.5121914509331728 0.5050403225806451 0.013546056592414209 0.09879032258064516
0 0.552528597230584 0.5020161290322581 0.020770620108368453 0.11290322580645161
0 0.5669777242624925 0.5352822580645161 0.0201685731487056 0.07056451612903226
0 0.5666767007826611 0.6683467741935484 0.014148103552077062 0.1431451612903226
0 0.5869957856712824 0.6774193548387096 0.023479831426851294 0.14516129032258066
0 0.6098735701384708 0.6733870967741935 0.01926550270921132 0.125
0 0.6053582179409994 0.5231854838709677 0.017459361830222758 0.07459677419354839
0 0.5874473208910295 0.5221774193548387 0.017760385310054184 0.0846774193548387
0 0.6256773028296208 0.6854838709677419 0.01715833835039133 0.18548387096774194
0 0.6392233594220349 0.7076612903225806 0.014148103552077062 0.10483870967741936
0 0.6461468994581577 0.53125 0.019566526189042744 0.07056451612903226
0 0.6228175797712222 0.5362903225806451 0.014449127031908489 0.07258064516129033
0 0.6292895845875979 0.33568548387096775 0.03281155930162553 0.16733870967741934
0 0.6757977122215533 0.3245967741935484 0.030102347983142687 0.14919354838709678
0 0.6614990969295605 0.6844758064516129 0.023178807947019868 0.1592741935483871
0 0.6786574352799518 0.7026209677419355 0.019566526189042744 0.0907258064516129
0 0.6944611679711018 0.6985887096774194 0.010836845273931367 0.19556451612903225
0 0.6813666465984347 0.5473790322580645 0.006923540036122818 0.16330645161290322
0 0.7045454545454546 0.5524193548387096 0.021372667068031308 0.0967741935483871
0 0.7195966285370259 0.5675403225806451 0.011137868753762794 0.11491935483870967
0 0.7138771824202288 0.6875 0.011137868753762794 0.14516129032258066
0 0.6973208910295003 0.3598790322580645 0.0358217940999398 0.1431451612903226
0 0.7119205298013245 0.3699596774193548 0.030102347983142687 0.10685483870967742
0 0.7394641782059 0.5685483870967742 0.015352197471402769 0.06451612903225806
0 0.7366044551475015 0.7247983870967742 0.014449127031908489 0.15120967741935484
0 0.7524081878386514 0.7298387096774194 0.031005418422636967 0.14112903225806453
0 0.7600842865743528 0.5766129032258065 0.006622516556291391 0.13709677419354838
0 0.7695665261890428 0.34375 0.016556291390728478 0.16733870967741934
0 0.7804033714629741 0.5856854838709677 0.014148103552077062 0.1310483870967742
0 0.7739313666465985 0.7399193548387096 0.00963275135460566 0.1532258064516129
0 0.7886815171583383 0.7338709677419355 0.016857314870559904 0.14516129032258066
0 0.8028296207104154 0.6068548387096774 0.022275737507525588 0.06451612903225806
0 0.828266104756171 0.5957661290322581 0.018964479229379893 0.1028225806451613
0 0.8111077664057796 0.748991935483871 0.02197471402769416 0.1431451612903226
0 0.831426851294401 0.7459677419354839 0.022877784467188442 0.07661290322580645
0 0.8472305839855508 0.7550403225806451 0.012944009632751354 0.18346774193548387
0 0.7953040337146298 0.34375 0.022275737507525588 0.17943548387096775
0 0.8112582781456954 0.40625 0.009030704394942806 0.07056451612903226
0 0.8342865743527995 0.3790322580645161 0.025586995785671283 0.125
0 0.8686032510535822 0.748991935483871 0.014148103552077062 0.17137096774193547
0 0.859271523178808 0.6068548387096774 0.015954244431065624 0.06048387096774194
0 0.865593016255268 0.5856854838709677 0.007525586995785672 0.1350806451612903
0 0.8835039133052378 0.6058467741935484 0.01625526791089705 0.07862903225806452
0 0.8821493076459964 0.7449596774193549 0.023178807947019868 0.16330645161290322
0 0.9015653220951234 0.7973790322580645 0.007826610475617099 0.07862903225806452
0 0.903371462974112 0.6008064516129032 0.015653220951234198 0.10080645161290322
0 0.8904274533413606 0.35786290322580644 0.018663455749548464 0.16733870967741934
0 0.9245936183022275 0.3870967741935484 0.0201685731487056 0.16129032258064516
0 0.9232390126429861 0.6058467741935484 0.009030704394942806 0.11895161290322581
0 0.9250451535219747 0.8024193548387096 0.025285972305839857 0.08870967741935484
0 0.9435580975316075 0.7792338709677419 0.023780854906682723 0.1310483870967742
0 0.9420529801324503 0.623991935483871 0.01053582179409994 0.09879032258064516
0 0.9441601444912703 0.4173387096774194 0.012944009632751354 0.2217741935483871
0 0.9620710415412402 0.4324596774193548 0.024683925346177003 0.09475806451612903
0 0.9739614689945816 0.43649193548387094 0.025586995785671283 0.13911290322580644
0 0.9598133654425045 0.6098790322580645 0.012944009632751354 0.1350806451612903
0 0.9575556893437688 0.7852822580645161 0.012642986152919929 0.2157258064516129
0 0.9738109572546658 0.8024193548387096 0.021673690547862733 0.125
