0 0.01380936342202762 0.4470954356846473 0.012798922196025598 0.06639004149377593
0 0.03923880094307848 0.808091286307054 0.014482990906028967 0.06639004149377593
0 0.0682047827551364 0.8236514522821576 0.02526103065005052 0.06016597510373444
0 0.0887504210171775 0.7873443983402489 0.011788480970023578 0.0975103734439834
0 0.11047490737622095 0.8060165975103735 0.028292354328056584 0.04771784232365145
0 0.1340518693162681 0.7940871369294605 0.02694509936005389 0.061203319502074686
0 0.030481643651060965 0.4408713692946058 0.015156618390030314 0.08921161825726141
0 0.05069046817110138 0.4216804979253112 0.02054563826204109 0.05705394190871369
0 0.07190973391714382 0.4367219917012448 0.013135735938026272 0.08921161825726141
0 0.09514988211519029 0.4237551867219917 0.011788480970023578 0.10477178423236515
0 0.11839003031323678 0.4279045643153527 0.026608285618053215 0.09647302904564316
0 0.16588076793533177 0.4216804979253112 0.029302795554058604 0.08817427385892117
0 0.18406871000336814 0.4045643153526971 0.02795554058605591 0.08713692946058091
0 0.20023576961940048 0.404045643153527 0.016503873358033008 0.11099585062240663
0 0.162007409902324 0.7868257261410788 0.028292354328056584 0.03008298755186722
0 0.18103738632536207 0.7608921161825726 0.026608285618053215 0.04045643153526971
0 0.1980464802963961 0.770746887966805 0.012798922196025598 0.09336099585062241
0 0.22499157965644997 0.3967842323651452 0.016840687100033683 0.07780082987551867
0 0.2497473896934995 0.3848547717842324 0.03536544291007073 0.058091286307053944
0 0.27147187605254297 0.3921161825726141 0.012798922196025598 0.11618257261410789
0 0.2947120242505894 0.3801867219917012 0.030313236780060628 0.06950207468879668
0 0.3128999663186258 0.3895228215767635 0.02222970697204446 0.09232365145228216
0 0.33007746716066017 0.3801867219917012 0.017514314584035028 0.09024896265560166
0 0.35095991916470193 0.3646265560165975 0.016167059616032334 0.11099585062240663
0 0.23981138430447962 0.7510373443983402 0.010104412260020209 0.08506224066390042
0 0.257494105759515 0.7520746887966805 0.02526103065005052 0.08091286307053942
0 0.30616369147861233 0.745850622406639 0.012798922196025598 0.1016597510373444
0 0.38026271471876055 0.35477178423236516 0.03166049174806332 0.07053941908713693
0 0.39323004378578647 0.3651452282157676 0.02054563826204109 0.0975103734439834
0 0.42000673627484003 0.3454356846473029 0.02222970697204446 0.08506224066390042
0 0.44072078140788146 0.34232365145228216 0.02054563826204109 0.058091286307053944
0 0.4668238464129337 0.32676348547717843 0.016167059616032334 0.08298755186721991
0 0.483496126641967 0.3200207468879668 0.02862916807005726 0.05912863070539419
0 0.5111148534860223 0.3117219917012448 0.03469181542606938 0.052904564315352696
0 0.39407207814078815 0.7142116182572614 0.009430784776018861 0.09024896265560166
0 0.41141798585382283 0.7188796680497925 0.02256652071404513 0.07261410788381743
0 0.434489727180869 0.7028008298755186 0.010778039744021556 0.06950207468879668
0 0.45772987537891546 0.7017634854771784 0.028292354328056584 0.023858921161825725
0 0.4789491411249579 0.7022821576763485 0.014146177164028292 0.08091286307053942
0 0.5013472549680027 0.6898340248962656 0.010441226002020883 0.08506224066390042
0 0.5239137756820478 0.6836099585062241 0.029302795554058604 0.043568464730290454
0 0.5483327719770966 0.6784232365145229 0.030313236780060628 0.03112033195020747
0 0.5688784102391378 0.6633817427385892 0.017514314584035028 0.06327800829875518
0 0.6106433142472213 0.6706431535269709 0.01212529471202425 0.07780082987551867
0 0.5269450993600538 0.3132780082987552 0.02862916807005726 0.07468879668049792
0 0.5522061300101044 0.3137966804979253 0.03199730549006399 0.05912863070539419
0 0.5747726507241495 0.29771784232365145 0.029302795554058604 0.04771784232365145
0 0.5941394408891882 0.2899377593360996 0.01953519703603907 0.07365145228215768
0 0.6138430447962276 0.30238589211618255 0.014482990906028967 0.10477178423236515
0 0.6436510609632873 0.2837136929460581 0.02155607948804311 0.054979253112033194
0 0.6608285618053217 0.26400414937759337 0.011451667228022903 0.08817427385892117
0 0.6859211855843719 0.2598547717842324 0.026608285618053215 0.03008298755186722
0 0.708992926911418 0.2697095435684647 0.017514314584035028 0.04979253112033195
0 0.7305490063994611 0.25570539419087135 0.012798922196025598 0.09024896265560166
0 0.7480633209834961 0.2525933609958506 0.017514314584035028 0.09439834024896265
0 0.772482317278545 0.24429460580912862 0.017851128326035703 0.10062240663900415
0 0.6544291007073089 0.6379668049792531 0.023576961940047155 0.07468879668049792
0 0.6966992253283933 0.6312240663900415 0.019198383294038397 0.09854771784232365
0 0.7152239811384304 0.6447095435684648 0.02324014819804648 0.06950207468879668
0 0.7367800606264736 0.6322614107883817 0.01380936342202762 0.10062240663900415
0 0.7610306500505221 0.6182572614107884 0.01583024587403166 0.1078838174273859
0 0.7913438868305827 0.25103734439834025 0.01380936342202762 0.1016597510373444
0 0.8164365106096328 0.22147302904564314 0.008083529808016167 0.11929460580912864
0 0.841529134388683 0.2551867219917012 0.0306500505220613 0.07261410788381743
0 0.8551700909397103 0.2349585062240664 0.022903334456045806 0.061203319502074686
0 0.885988548332772 0.22406639004149378 0.03199730549006399 0.06224066390041494
0 0.9097339171438195 0.23236514522821577 0.00740990232401482 0.10580912863070539
0 0.9279218592118559 0.19605809128630705 0.02155607948804311 0.07676348547717843
0 0.9546985517009094 0.20228215767634855 0.03805995284607612 0.035269709543568464
0 0.8004378578646009 0.6089211618257261 0.02795554058605591 0.03941908713692946
0 0.8320983496126642 0.6125518672199171 0.0306500505220613 0.046680497925311204
0 0.8516335466487033 0.595954356846473 0.018524755810037048 0.10062240663900415
0 0.8753789154597508 0.5892116182572614 0.017514314584035028 0.1037344398340249
0 0.9154597507578309 0.5928423236514523 0.01481980464802964 0.10269709543568464
0 0.9418996295048838 0.5871369294605809 0.012462108454024925 0.1037344398340249
0 0.9641293364769282 0.5767634854771784 0.029976423038059953 0.035269709543568464
0 0.3475917817446952 0.7396265560165975 0.018187942068036377 0.03112033195020747
0 0.3632536207477265 0.7359958506224067 0.02256652071404513 0.038381742738589214
