0 0.6821182118211822 0.40545243619489557 0.029102910291029103 0.1148491879350348
0 0.34998499849985 0.7331786542923434 0.033903390339033904 0.11136890951276102
0 0.30753075307530753 0.10730858468677494 0.025202520252025202 0.11020881670533643
0 0.6188118811881188 0.7546403712296984 0.027302730273027303 0.10324825986078887
0 0.5784578457845785 0.3961716937354988 0.029402940294029404 0.09860788863109049
0 0.7268226822682268 0.7645011600928074 0.030303030303030304 0.10904872389791183
0 0.4096909690969097 0.08816705336426914 0.025502550255025503 0.10208816705336426
0 0.23417341734173416 0.10150812064965198 0.0279027902790279 0.10788863109048724
0 0.5645064506450646 0.7639211136890951 0.0231023102310231 0.09860788863109049
0 0.7587758775877588 0.41415313225058004 0.027602760276027604 0.10440835266821345
0 0.05715571557155716 0.10614849187935035 0.023702370237023703 0.11020881670533643
0 0.5258025802580258 0.4170533642691415 0.0231023102310231 0.0777262180974478
0 0.7808280828082809 0.11600928074245939 0.024302430243024302 0.08816705336426914
0 0.06375637563756376 0.4147331786542923 0.021902190219021903 0.07540603248259861
0 0.4645964596459646 0.08932714617169374 0.034503450345034506 0.12296983758700696
0 0.6183618361836184 0.10846867749419954 0.026402640264026403 0.11716937354988399
0 0.9381938193819382 0.11136890951276102 0.023402340234023402 0.0951276102088167
0 0.1263126312631263 0.7470997679814385 0.0306030603060306 0.10208816705336426
0 0.606960696069607 0.4071925754060325 0.019201920192019203 0.07424593967517401
0 0.21017101710171018 0.4176334106728538 0.0177017701770177 0.10672853828306264
0 0.47314731473147315 0.4048723897911833 0.012601260126012601 0.04640371229698376
0 0.8129312931293129 0.10730858468677494 0.017101710171017102 0.07308584686774942
0 0.8522352235223523 0.7848027842227379 0.012901290129012902 0.04060324825986079
0 0.3691869186918692 0.39675174013921116 0.018301830183018303 0.09048723897911833
0 0.4330933093309331 0.09048723897911833 0.027302730273027303 0.09976798143851508
0 0.8696369636963697 0.4274941995359629 0.023702370237023703 0.08468677494199536
0 0.07995799579957996 0.10092807424593968 0.028502850285028504 0.10904872389791183
0 0.8987398739873987 0.4460556844547564 0.0153015301530153 0.06612529002320186
0 0.20597059705970597 0.10846867749419954 0.0279027902790279 0.10556844547563805
0 0.8070807080708071 0.7848027842227379 0.015601560156015602 0.06612529002320186
0 0.36243624362436244 0.10034802784222738 0.022802280228022803 0.08236658932714618
0 0.18001800180018002 0.11020881670533643 0.025202520252025202 0.10208816705336426
0 0.7344734473447345 0.4060324825986079 0.024002400240024 0.09976798143851508
0 0.2812781278127813 0.7523201856148491 0.020702070207020702 0.06612529002320186
0 0.15391539153915393 0.7668213457076566 0.0186018601860186 0.07424593967517401
0 0.8427842784278428 0.43271461716937354 0.018001800180018002 0.06960556844547564
0 0.7275727572757276 0.11020881670533643 0.018001800180018002 0.0765661252900232
0 0.078007800780078 0.7836426914153132 0.015001500150015001 0.06148491879350348
0 0.6515151515151515 0.10672853828306264 0.0165016501650165 0.0765661252900232
0 0.7011701170117012 0.1136890951276102 0.019201920192019203 0.08352668213457076
0 0.7917791779177917 0.43793503480278423 0.0102010201020102 0.04524361948955916
0 0.9356435643564357 0.8039443155452436 0.012901290129012902 0.05568445475638051
0 0.17146714671467148 0.4066125290023202 0.024302430243024302 0.0962877030162413
0 0.16006600660066006 0.11252900232018562 0.017101710171017102 0.07888631090487239
0 0.30783078307830786 0.7604408352668214 0.0174017401740174 0.08468677494199536
0 0.7520252025202521 0.11310904872389792 0.018901890189018902 0.05916473317865429
0 0.753075307530753 0.7795823665893271 0.0072007200720072 0.03944315545243619
0 0.32943294329432943 0.7494199535962877 0.019801980198019802 0.09048723897911833
0 0.43054305430543055 0.7534802784222738 0.009600960096009602 0.04060324825986079
0 0.10006000600060005 0.7633410672853829 0.012901290129012902 0.048723897911832945
0 0.46279627962796277 0.7645011600928074 0.012901290129012902 0.04408352668213457
0 0.5622562256225623 0.0951276102088167 0.009000900090009001 0.03944315545243619
0 0.2565256525652565 0.7633410672853829 0.012001200120012 0.03944315545243619
0 0.6285628562856286 0.4025522041763341 0.015601560156015602 0.06496519721577726
0 0.10546054605460546 0.10788863109048724 0.017101710171017102 0.06496519721577726
0 0.3862886288628863 0.7546403712296984 0.011701170117011701 0.04060324825986079
0 0.26147614761476146 0.10788863109048724 0.013501350135013501 0.05104408352668213
0 0.596009600960096 0.11020881670533643 0.006900690069006901 0.027842227378190254
0 0.24257425742574257 0.4176334106728538 0.005700570057005701 0.02088167053364269
0 0.5147014701470147 0.7639211136890951 0.008100810081008101 0.019721577726218097
0 0.3892889288928893 0.10556844547563805 0.006900690069006901 0.027842227378190254
