0 0.7564039408866995 0.8375097885669538 0.019704433497536946 0.07439310884886452
0 0.9417487684729065 0.5313234142521535 0.02438423645320197 0.06656225528582616
0 0.2836206896551724 0.23101018010963195 0.01847290640394089 0.07047768206734534
0 0.3985221674876847 0.5462020360219264 0.01083743842364532 0.05090054815974941
0 0.5078817733990147 0.5352388410336727 0.014285714285714285 0.05090054815974941
0 0.18152709359605912 0.5356303837118246 0.017241379310344827 0.0548159749412686
0 0.3774630541871921 0.8324197337509789 0.017980295566502463 0.0548159749412686
0 0.4626847290640394 0.8300704776820673 0.01600985221674877 0.0548159749412686
0 0.4991379310344828 0.22396241190289742 0.01847290640394089 0.06264682850430697
0 0.9304187192118226 0.22083007047768208 0.02438423645320197 0.08144087705559906
0 0.7775862068965518 0.528974158183242 0.016748768472906402 0.04933437744714174
0 0.6701970443349754 0.5321064996084574 0.013793103448275862 0.04150352388410337
0 0.9156403940886699 0.5348472983555208 0.013054187192118226 0.042286609240407204
0 0.8653940886699507 0.8425998433829287 0.017487684729064038 0.04698512137823023
0 0.09482758620689655 0.2235708692247455 0.0187192118226601 0.06656225528582616
0 0.6626847290640394 0.22592012529365701 0.015024630541871921 0.04150352388410337
0 0.5354679802955665 0.5317149569303053 0.019704433497536946 0.05168363351605325
0 0.44605911330049264 0.23022709475332812 0.022167487684729065 0.06421299921691465
0 0.31613300492610835 0.5368050117462804 0.012561576354679803 0.039937353171495694
0 0.26995073891625615 0.8308535630383712 0.013793103448275862 0.037588097102584185
0 0.6773399014778325 0.8375097885669538 0.011330049261083743 0.047768206734534066
0 0.31022167487684726 0.22866092404072044 0.01600985221674877 0.05324980422866092
0 0.8033251231527093 0.5473766640563822 0.01206896551724138 0.03445575567736883
0 0.12573891625615763 0.2235708692247455 0.013054187192118226 0.039937353171495694
0 0.28879310344827586 0.52858261550509 0.01206896551724138 0.03288958496476116
0 0.34334975369458126 0.5387627251370399 0.008374384236453201 0.042286609240407204
0 0.04002463054187192 0.22396241190289742 0.020443349753694582 0.06421299921691465
0 0.25911330049261083 0.22200469851213783 0.013300492610837438 0.039937353171495694
0 0.5669950738916256 0.8351605324980423 0.016748768472906402 0.06499608457321848
0 0.6342364532019704 0.22161315583398591 0.019704433497536946 0.07047768206734534
0 0.17733990147783252 0.22670321064996085 0.010344827586206896 0.03210649960845732
0 0.06958128078817734 0.2255285826155051 0.012561576354679803 0.036021926389976505
0 0.7220443349753695 0.5340642129992169 0.00960591133004926 0.03288958496476116
0 0.30049261083743845 0.8292873923257635 0.007881773399014778 0.015661707126076743
0 0.3605911330049261 0.23022709475332812 0.007881773399014778 0.018794048551292093
0 0.883128078817734 0.5555990602975724 0.007635467980295567 0.02427564604541895
0 0.20935960591133004 0.5403288958496476 0.0049261083743842365 0.018794048551292093
0 0.8870689655172413 0.8398590446358654 0.004679802955665025 0.01331245105716523
0 0.9057881773399015 0.8422083007047768 0.003694581280788177 0.011746280344557557
0 0.9380541871921182 0.8445575567736884 0.0041871921182266006 0.014878621769772905
0 0.8264778325123153 0.8492560689115114 0.0041871921182266006 0.01331245105716523
0 0.9054187192118227 0.23140172278778387 0.005911330049261084 0.021143304620203602
