0 0.573063877897117 0.09308807134894091 0.026851328434143583 0.10144927536231885
0 0.7290842283776144 0.4593088071348941 0.02459016393442623 0.09810479375696766
0 0.09793668739400792 0.4754738015607581 0.02798191068400226 0.11259754738015608
0 0.750847936687394 0.10925306577480491 0.0211984171848502 0.08695652173913043
0 0.8261729790842284 0.10590858416945373 0.027133973996608253 0.10702341137123746
0 0.3246184284906727 0.4537346711259755 0.026286037309214246 0.10033444816053512
0 0.5240248728094969 0.10535117056856187 0.023176936122102882 0.0903010033444816
0 0.9323063877897118 0.855072463768116 0.024024872809496892 0.09141583054626533
0 0.6010457885811192 0.8500557413600892 0.024024872809496892 0.09921962095875139
0 0.3202374222724703 0.11315496098104794 0.017524024872809497 0.07023411371237458
0 0.2760033917467496 0.46488294314381273 0.022328999434708875 0.08918617614269789
0 0.604296212549463 0.45429208472686733 0.020915771622385528 0.09253065774804906
0 0.7514132278123233 0.850613154960981 0.03137365743357829 0.12263099219620958
0 0.886376483889203 0.1064659977703456 0.022046353872244205 0.0947603121516165
0 0.5484737139626907 0.08862876254180602 0.0211984171848502 0.10144927536231885
0 0.8025720746184285 0.8573021181716833 0.030243075183719617 0.10702341137123746
0 0.8356416054267948 0.4604236343366778 0.02798191068400226 0.11148272017837235
0 0.5541266252119842 0.4593088071348941 0.022894290559638215 0.10256410256410256
0 0.40065008479366876 0.8489409141583054 0.022328999434708875 0.08138238573021182
0 0.6311475409836066 0.45429208472686733 0.027133973996608253 0.10144927536231885
0 0.6514980214810627 0.8617614269788183 0.02035048049745619 0.08472686733556299
0 0.17255511588468062 0.8422519509476031 0.021763708309779535 0.0903010033444816
0 0.4453080836630865 0.8489409141583054 0.029112492933860937 0.11482720178372352
0 0.2993216506500848 0.8500557413600892 0.027133973996608253 0.10590858416945373
0 0.678631995477671 0.8573021181716833 0.0248728094968909 0.10479375696767002
0 0.3678631995477671 0.10590858416945373 0.018371961560203504 0.07803790412486064
0 0.3250423968343697 0.8500557413600892 0.02882984737139627 0.10813823857302118
0 0.19728660260033917 0.8478260869565217 0.016958733747880157 0.07469342251950947
0 0.4218485019785189 0.09197324414715718 0.03306953080836631 0.09698996655518395
0 0.24646693046919163 0.8444816053511706 0.02882984737139627 0.10590858416945373
0 0.6531938948558508 0.4576365663322185 0.01582815149802148 0.07023411371237458
0 0.3000282645562465 0.4620958751393534 0.01667608818541549 0.07469342251950947
0 0.2964951950254381 0.09810479375696766 0.023176936122102882 0.06911928651059086
0 0.5761729790842284 0.8561872909698997 0.026851328434143583 0.10033444816053512
0 0.855568117580554 0.8612040133779264 0.027699265121537593 0.08807134894091416
0 0.9063029960429622 0.10981047937569677 0.01667608818541549 0.08138238573021182
0 0.5195025438100622 0.8483835005574136 0.02882984737139627 0.11594202898550725
0 0.5758903335217637 0.4593088071348941 0.018937252685132844 0.07357859531772576
0 0.7801017524024872 0.850613154960981 0.02148106274731487 0.09141583054626533
0 0.19813453928773317 0.47324414715719065 0.011305822498586773 0.05239687848383501
0 0.22131147540983606 0.8489409141583054 0.010740531373657434 0.04124860646599777
0 0.42312040700960996 0.8461538461538461 0.014697569248162803 0.06911928651059086
0 0.11644997173544375 0.11036789297658862 0.011871113623516111 0.044593088071348944
0 0.17396834369700395 0.4665551839464883 0.014414923685698135 0.043478260869565216
0 0.9065856416054268 0.8561872909698997 0.018937252685132844 0.06465997770345597
0 0.7304974561899378 0.8567447045707915 0.014414923685698135 0.045707915273132664
0 0.6749576031656302 0.09754738015607581 0.009044657998869417 0.04793756967670011
0 0.11687394007914076 0.8534002229654404 0.007631430186546071 0.03678929765886288
0 0.8843979649519502 0.8389074693422519 0.03278688524590164 0.10813823857302118
