0 0.5405347132384648 0.852589641434263 0.016817593790426907 0.08286852589641434
0 0.5915265200517464 0.1541832669322709 0.013152220784821044 0.05657370517928287
0 0.6854247520482967 0.8358565737051793 0.014661492022423459 0.054183266932270914
0 0.5872143165157395 0.851792828685259 0.020482966796032773 0.08924302788844622
0 0.7109745579991376 0.46215139442231074 0.013583441138421734 0.054183266932270914
0 0.3538163001293661 0.1804780876494024 0.017680034497628287 0.05816733067729084
0 0.08807675722294092 0.5366533864541833 0.016170763260025874 0.05657370517928287
0 0.3965071151358344 0.8737051792828685 0.01250539025442001 0.05657370517928287
0 0.18423889607589478 0.19681274900398407 0.015739542906425184 0.055776892430278883
0 0.6398231996550238 0.8354581673306772 0.018758085381630013 0.07569721115537849
0 0.1591203104786546 0.5250996015936255 0.01164294954721863 0.055776892430278883
0 0.8710651142733937 0.4398406374501992 0.014230271668822769 0.062151394422310755
0 0.3267572229409228 0.5043824701195219 0.013583441138421734 0.04462151394422311
0 0.37483829236739974 0.5083665338645418 0.011427339370418284 0.054183266932270914
0 0.8928417421302286 0.43864541832669324 0.01164294954721863 0.04860557768924303
0 0.28040103492884866 0.19203187250996015 0.014014661492022424 0.04780876494023904
0 0.46614920224234585 0.1745019920318725 0.014661492022423459 0.055776892430278883
0 0.4704614057783527 0.49203187250996017 0.01207416990081932 0.05179282868525897
0 0.7509702457956016 0.8135458167330677 0.01164294954721863 0.04462151394422311
0 0.7039672272531263 0.13585657370517928 0.009918068132815868 0.03904382470119522
0 0.16375592927986202 0.2059760956175299 0.013583441138421734 0.04063745019920319
0 0.6114704614057783 0.4788844621513944 0.01034928848641656 0.03346613545816733
0 0.6591203104786546 0.8394422310756973 0.014230271668822769 0.050199203187251
0 0.41731349719706773 0.18127490039840638 0.013583441138421734 0.050199203187251
0 0.7505390254420009 0.4589641434262948 0.009918068132815868 0.04302788844621514
0 0.6577188443294524 0.47410358565737054 0.010564898663216905 0.03824701195219123
0 0.21302285467874083 0.20796812749003984 0.016817593790426907 0.0749003984063745
0 0.5617723156532989 0.4852589641434263 0.008408796895213453 0.036653386454183264
0 0.5200517464424321 0.4864541832669323 0.01250539025442001 0.03904382470119522
0 0.7760888313928418 0.4585657370517928 0.008408796895213453 0.031075697211155377
0 0.1347563605002156 0.5342629482071714 0.0068995256576110395 0.023107569721115537
0 0.1391763691246227 0.20756972111553784 0.013152220784821044 0.05976095617529881
0 0.4204398447606727 0.8725099601593626 0.009486847779215178 0.04302788844621514
0 0.08947822337214316 0.21434262948207172 0.01034928848641656 0.036653386454183264
0 0.8695558430357913 0.12071713147410358 0.01034928848641656 0.04063745019920319
0 0.661923242777059 0.15099601593625497 0.0129366106080207 0.03904382470119522
0 0.565006468305304 0.1589641434262948 0.011427339370418284 0.03904382470119522
0 0.7992669253988788 0.4537848605577689 0.009055627425614488 0.03266932270916335
0 0.6134109529969815 0.1601593625498008 0.01207416990081932 0.02549800796812749
0 0.5865674859853385 0.4788844621513944 0.008408796895213453 0.02549800796812749
0 0.8443294523501509 0.12629482071713147 0.009055627425614488 0.031075697211155377
0 0.46841310909874945 0.8657370517928287 0.010996119016817595 0.03266932270916335
0 0.3040103492884864 0.19282868525896416 0.0068995256576110395 0.028685258964143426
0 0.5433376455368694 0.1641434262948207 0.009055627425614488 0.03346613545816733
0 0.3969383354894351 0.5063745019920318 0.00517464424320828 0.024701195219123506
0 0.7321043553255714 0.8147410358565738 0.006252695127210005 0.023107569721115537
0 0.9885726606295817 0.7836653386454183 0.01164294954721863 0.031075697211155377
0 0.3281586890901251 0.2 0.00517464424320828 0.01752988047808765
