0 0.11872455902306649 0.7315521628498728 0.021438263229308006 0.06361323155216285
0 0.5364993215739484 0.49872773536895676 0.020081411126187245 0.06955046649703138
0 0.0407055630936228 0.7128922815945716 0.020081411126187245 0.06191687871077184
0 0.8952510176390773 0.5551314673452078 0.015739484396200813 0.0551314673452078
0 0.2791044776119403 0.7633587786259542 0.019810040705563095 0.061068702290076333
0 0.4435549525101764 0.16072943172179813 0.019810040705563095 0.06361323155216285
0 0.5762550881953867 0.16115351993214588 0.023066485753052916 0.0729431721798134
0 0.6192672998643148 0.5089058524173028 0.01953867028493894 0.061068702290076333
0 0.1451831750339213 0.11789652247667515 0.021166892808683852 0.06276505513146735
0 0.2544097693351425 0.138676844783715 0.025237449118046134 0.08566581849024597
0 0.06797829036635007 0.7222222222222222 0.015468113975576661 0.0551314673452078
0 0.7297150610583446 0.5279898218829516 0.01682496607869742 0.06191687871077184
0 0.9506105834464044 0.5636132315521628 0.01953867028493894 0.0720949957591179
0 0.25956580732700135 0.7557251908396947 0.016010854816824967 0.05258693808312129
0 0.753731343283582 0.5296861747243427 0.019267299864314788 0.058524173027989825
0 0.18819538670284938 0.44189991518235794 0.020895522388059702 0.04919423240033927
0 0.8527815468113975 0.8545377438507209 0.019810040705563095 0.06022052586938083
0 0.4042062415196744 0.4855810008481764 0.012754409769335142 0.043256997455470736
0 0.8822252374491181 0.863019508057676 0.021166892808683852 0.08227311280746395
0 0.42917232021709634 0.4775233248515691 0.019810040705563095 0.05258693808312129
0 0.6149253731343284 0.8180661577608143 0.01953867028493894 0.05173876166242578
0 0.24084124830393486 0.4491094147582697 0.01655359565807327 0.04664970313825276
0 0.64640434192673 0.5097540288379983 0.014654002713704206 0.04071246819338423
0 0.05413839891451832 0.41857506361323155 0.01818181818181818 0.06022052586938083
0 0.3203527815468114 0.46480067854113655 0.011668928086838535 0.035623409669211195
0 0.8299864314789688 0.8477523324851569 0.01655359565807327 0.05343511450381679
0 0.12198100407055631 0.11450381679389313 0.01655359565807327 0.04410517387616624
0 0.2949796472184532 0.45504664970313824 0.01248303934871099 0.041560644614079725
0 0.23120759837177748 0.7523324851569126 0.014654002713704206 0.05937234944868533
0 0.16241519674355495 0.42917726887192537 0.015468113975576661 0.04071246819338423
0 0.20230664857530528 0.12340966921119594 0.01818181818181818 0.04664970313825276
0 0.1328358208955224 0.4304495335029686 0.019267299864314788 0.05004240882103478
0 0.5219810040705564 0.16072943172179813 0.029579375848032566 0.089058524173028
0 0.6895522388059702 0.8286683630195081 0.008683853459972864 0.02883799830364716
0 0.7981004070556309 0.20525869380831213 0.02876526458616011 0.10347752332485156
0 0.39104477611940297 0.15691263782866835 0.01248303934871099 0.033927056827820185
0 0.17435549525101765 0.13316369804919423 0.013297150610583446 0.032230703986429174
0 0.3495251017639077 0.4715860899067006 0.007598371777476255 0.02374893977947413
0 0.0955223880597015 0.11238337574215437 0.014111261872455903 0.041560644614079725
0 0.7453188602442333 0.8358778625954199 0.010040705563093623 0.029686174724342665
0 0.7158751696065129 0.8333333333333334 0.007055630936227951 0.021204410517387615
0 0.8386702849389417 0.5491942324003393 0.012754409769335142 0.04495335029686175
0 0.9347354138398914 0.8727735368956743 0.011126187245590231 0.035623409669211195
0 0.26865671641791045 0.453774385072095 0.008141112618724558 0.02544529262086514
0 0.6314789687924016 0.1743002544529262 0.029850746268656716 0.07548770144189991
0 0.10936227951153324 0.4287531806615776 0.006512890094979647 0.017811704834605598
0 0.7826322930800542 0.539440203562341 0.007055630936227951 0.020356234096692113
0 0.5502035278154681 0.16539440203562342 0.031207598371777476 0.09669211195928754
0 0.8656716417910447 0.5517387616624257 0.008141112618724558 0.016115351993214587
0 0.2135685210312076 0.4431721798134012 0.004884667571234735 0.016115351993214587
