0 0.5439442658092176 0.49279050042408823 0.022508038585209004 0.08142493638676845
0 0.5992765273311897 0.7828668363019508 0.02009646302250804 0.06955046649703138
0 0.4941050375133976 0.18532654792196776 0.02090032154340836 0.0720949957591179
0 0.25133976420150056 0.7468193384223919 0.021436227224008574 0.0720949957591179
0 0.8733922829581994 0.823579304495335 0.02116827438370847 0.06615776081424936
0 0.17055198285101822 0.7290076335877863 0.02009646302250804 0.06361323155216285
0 0.07221329046087889 0.7162849872773537 0.021704180064308683 0.05173876166242578
0 0.6276795284030011 0.5118744698897371 0.020632368703108254 0.08227311280746395
0 0.9308681672025724 0.818490245971162 0.021436227224008574 0.06955046649703138
0 0.28389603429796356 0.15097540288379982 0.01634512325830654 0.061068702290076333
0 0.227491961414791 0.15988125530110264 0.01982851018220793 0.06530958439355386
0 0.3890675241157556 0.18023748939779474 0.014469453376205787 0.0551314673452078
0 0.4409163987138264 0.178117048346056 0.016881028938906754 0.05767599660729432
0 0.20391211146838156 0.7408821034775234 0.016613076098606645 0.05004240882103478
0 0.41010182207931406 0.4851569126378287 0.020632368703108254 0.06955046649703138
0 0.07261521972132905 0.14122137404580154 0.01714898177920686 0.058524173027989825
0 0.2240085744908896 0.4529262086513995 0.01822079314040729 0.06615776081424936
0 0.094989281886388 0.14800678541136555 0.018488745980707395 0.06870229007633588
0 0.19935691318327975 0.453774385072095 0.015005359056806002 0.04071246819338423
0 0.3854501607717042 0.7612383375742154 0.016881028938906754 0.0551314673452078
0 0.3305198285101822 0.4580152671755725 0.018488745980707395 0.05597964376590331
0 0.2282958199356913 0.7485156912637828 0.016613076098606645 0.0551314673452078
0 0.2796087888531618 0.7569974554707379 0.013129689174705252 0.03986429177268872
0 0.09257770632368703 0.4385072094995759 0.02116827438370847 0.0542832909245123
0 0.19962486602357984 0.14715860899067007 0.015541264737406217 0.05343511450381679
0 0.5755627009646302 0.5012722646310432 0.01232583065380493 0.039016115351993216
0 0.7667470525187567 0.5241730279898219 0.013665594855305467 0.033927056827820185
0 0.35637727759914256 0.4626802374893978 0.02304394426580922 0.06022052586938083
0 0.15206323687031081 0.14800678541136555 0.01420150053590568 0.043256997455470736
0 0.12111468381564845 0.4368108566581849 0.02197213290460879 0.05767599660729432
0 0.4141211146838156 0.17684478371501272 0.013129689174705252 0.031382527565733676
0 0.2804126473740622 0.46140797285835455 0.021704180064308683 0.05937234944868533
0 0.7592443729903537 0.81509754028838 0.01045016077170418 0.04071246819338423
0 0.6039657020364416 0.5025445292620865 0.008038585209003215 0.03307888040712468
0 0.46811361200428725 0.18871925360474978 0.00964630225080386 0.031382527565733676
0 0.9871382636655949 0.5491942324003393 0.00964630225080386 0.03477523324851569
0 0.8203376205787781 0.5237489397794741 0.013129689174705252 0.031382527565733676
0 0.4654340836012862 0.7760814249363868 0.008038585209003215 0.039016115351993216
0 0.1227224008574491 0.1433418150975403 0.011254019292604502 0.02714164546225615
0 0.8488745980707395 0.5296861747243427 0.005894962486602358 0.019508057675996608
0 0.4127813504823151 0.7667514843087362 0.006162915326902465 0.013570822731128074
0 0.7343247588424437 0.8036471586089907 0.01045016077170418 0.021204410517387615
0 0.1680064308681672 0.4389312977099237 0.026259378349410504 0.06700593723494487
0 0.25763665594855306 0.15776081424936386 0.007234726688102894 0.02544529262086514
0 0.7671489817792069 0.20483460559796438 0.006430868167202572 0.021204410517387615
0 0.9214898177920686 0.23027989821882952 0.005894962486602358 0.022900763358778626
0 0.3027867095391211 0.4626802374893978 0.02465166130760986 0.0737913486005089
0 0.8167202572347267 0.8129770992366412 0.00482315112540193 0.01272264631043257
