0 0.14955657081429724 0.7875 0.03144316044074174 0.09285714285714286
0 0.36159634506852995 0.7991071428571429 0.027143241064230047 0.09642857142857143
0 0.3023380811609782 0.48839285714285713 0.021499596882558453 0.075
0 0.14082235958075787 0.475 0.027949475947325986 0.09642857142857143
0 0.03480247245364149 0.4625 0.027680730986294005 0.09464285714285714
0 0.6087073367374362 0.16875 0.02096210696049449 0.07321428571428572
0 0.1984681537221177 0.7982142857142858 0.028218220908357967 0.08214285714285714
0 0.9118516527815104 0.19508928571428572 0.030636925557645793 0.07767857142857143
0 0.30623488309594193 0.8013392857142857 0.03735554958344531 0.12410714285714286
0 0.2249395323837678 0.7924107142857143 0.023649556570814297 0.07053571428571428
0 0.09043267938726149 0.4772321428571429 0.03144316044074174 0.11875
0 0.33593120128997583 0.15625 0.02042461703843053 0.0625
0 0.5450147809728567 0.5004464285714286 0.021499596882558453 0.07767857142857143
0 0.4189733942488578 0.8125 0.03708680462241333 0.14285714285714285
0 0.9273044880408492 0.5370535714285715 0.022843321687718354 0.07232142857142858
0 0.7968288094598226 0.5142857142857142 0.0333243751679656 0.11428571428571428
0 0.11596345068529965 0.478125 0.022843321687718354 0.08482142857142858
0 0.14485353399623757 0.14464285714285716 0.036011824778285406 0.1125
0 0.069470572426767 0.13214285714285715 0.027680730986294005 0.07142857142857142
0 0.2262832571889277 0.15044642857142856 0.017737167428110722 0.05803571428571429
0 0.44557914539102395 0.15714285714285714 0.018274657350174684 0.055357142857142855
0 0.5951357162053211 0.5035714285714286 0.01639344262295082 0.05892857142857143
0 0.03654931470034937 0.7892857142857143 0.015587207739854878 0.04642857142857143
0 0.17172803009943563 0.7986607142857143 0.018812147272238646 0.06875
0 0.33754367105616767 0.7977678571428571 0.01719967750604676 0.05267857142857143
0 0.5593926363880677 0.8258928571428571 0.013705993012631014 0.044642857142857144
0 0.6341037355549584 0.8236607142857143 0.007793603869927439 0.027678571428571427
0 0.7507390486428379 0.8151785714285714 0.018543402311206665 0.06964285714285715
0 0.9446385380274119 0.834375 0.013974737973662993 0.045535714285714284
