0 0.826255980861244 0.7956204379562044 0.02751196172248804 0.09306569343065693
0 0.4688995215311005 0.7550182481751825 0.035287081339712915 0.11222627737226278
0 0.07685406698564594 0.7025547445255474 0.028708133971291867 0.10766423357664233
0 0.26121411483253587 0.13366788321167883 0.02900717703349282 0.09945255474452555
0 0.715311004784689 0.7746350364963503 0.031698564593301434 0.11131386861313869
0 0.277811004784689 0.7249087591240876 0.02751196172248804 0.07937956204379562
0 0.7981459330143541 0.781934306569343 0.025119617224880382 0.08941605839416059
0 0.454694976076555 0.16104014598540145 0.03379186602870814 0.09580291970802919
0 0.6985645933014354 0.48494525547445255 0.023923444976076555 0.06843065693430657
0 0.23220693779904306 0.13138686131386862 0.02242822966507177 0.07481751824817519
0 0.4506578947368421 0.46395985401459855 0.022727272727272728 0.05930656934306569
0 0.8051734449760766 0.49406934306569344 0.026614832535885168 0.07208029197080291
0 0.33791866028708134 0.44343065693430656 0.01674641148325359 0.05474452554744526
0 0.22203947368421054 0.7235401459854015 0.026016746411483254 0.06934306569343066
0 0.6085526315789473 0.7627737226277372 0.02930622009569378 0.10401459854014598
0 0.19587320574162678 0.7198905109489051 0.02332535885167464 0.06569343065693431
0 0.10107655502392345 0.40784671532846717 0.020933014354066987 0.06569343065693431
0 0.3136961722488038 0.14233576642335766 0.023923444976076555 0.06934306569343066
0 0.8820275119617225 0.7924270072992701 0.02721291866028708 0.06843065693430657
0 0.8904007177033493 0.5036496350364964 0.024222488038277513 0.07481751824817519
0 0.39712918660287083 0.14324817518248176 0.03349282296650718 0.08759124087591241
0 0.33163875598086123 0.7349452554744526 0.030502392344497607 0.07937956204379562
0 0.5626495215311005 0.16514598540145986 0.027811004784688995 0.08029197080291971
0 0.9355562200956937 0.8074817518248175 0.027811004784688995 0.07664233576642336
0 0.6412978468899522 0.48266423357664234 0.014055023923444977 0.051094890510948905
0 0.7257775119617225 0.4781021897810219 0.031698564593301434 0.10036496350364964
0 0.28618421052631576 0.4365875912408759 0.017344497607655503 0.05018248175182482
0 0.635316985645933 0.771441605839416 0.028409090909090908 0.09032846715328467
0 0.4126794258373206 0.7477189781021898 0.02033492822966507 0.06843065693430657
0 0.8572069377990431 0.5031934306569343 0.01644736842105263 0.05018248175182482
0 0.305622009569378 0.7354014598540146 0.019736842105263157 0.06569343065693431
0 0.368122009569378 0.1500912408759124 0.011961722488038277 0.04288321167883212
0 0.7791566985645934 0.19708029197080293 0.019437799043062202 0.06386861313868614
0 0.9164174641148325 0.19206204379562045 0.029605263157894735 0.10492700729927007
0 0.24551435406698566 0.7262773722627737 0.01375598086124402 0.05291970802919708
0 0.1229066985645933 0.4206204379562044 0.010167464114832535 0.0364963503649635
0 0.17957535885167464 0.13138686131386862 0.017045454545454544 0.043795620437956206
0 0.6395035885167464 0.18339416058394162 0.015849282296650717 0.058394160583941604
0 0.8017344497607656 0.20529197080291972 0.012559808612440191 0.041970802919708027
0 0.7802033492822966 0.4927007299270073 0.02033492822966507 0.06569343065693431
0 0.7547846889952153 0.1897810218978102 0.019138755980861243 0.06751824817518248
0 0.09703947368421052 0.11541970802919709 0.03797846889952153 0.10675182481751824
0 0.2014055023923445 0.1322992700729927 0.013456937799043063 0.04562043795620438
0 0.8881578947368421 0.20483576642335766 0.023923444976076555 0.07208029197080291
0 0.3835227272727273 0.739963503649635 0.015849282296650717 0.07116788321167883
0 0.5432117224880383 0.7618613138686131 0.01465311004784689 0.04744525547445255
0 0.9141746411483254 0.656934306569343 0.011363636363636364 0.03102189781021898
0 0.7507476076555024 0.49178832116788324 0.012858851674641148 0.041970802919708027
0 0.7414772727272727 0.781934306569343 0.020035885167464115 0.05474452554744526
0 0.12634569377990432 0.1062956204379562 0.024820574162679427 0.05930656934306569
0 0.4223983253588517 0.16149635036496351 0.011064593301435407 0.03467153284671533
0 0.7646531100478469 0.48996350364963503 0.014952153110047847 0.058394160583941604
0 0.35840311004784686 0.7440693430656934 0.010466507177033494 0.03923357664233577
0 0.6701555023923444 0.48266423357664234 0.01674641148325359 0.05656934306569343
0 0.3965311004784689 0.7458941605839416 0.01555023923444976 0.06295620437956205
0 0.43989234449760767 0.7518248175182481 0.010167464114832535 0.040145985401459854
0 0.8377691387559809 0.20164233576642335 0.02063397129186603 0.08211678832116788
0 0.857505980861244 0.20301094890510948 0.018241626794258375 0.048357664233576646
0 0.94377990430622 0.21076642335766424 0.0215311004784689 0.07481751824817519
0 0.9366028708133971 0.510036496350365 0.014354066985645933 0.043795620437956206
0 0.9473684210526315 0.5072992700729927 0.010167464114832535 0.03467153284671533
0 0.03932416267942584 0.12545620437956204 0.00687799043062201 0.01916058394160584
0 0.07520933014354067 0.1177007299270073 0.009868421052631578 0.029197080291970802
0 0.13830741626794257 0.7116788321167883 0.023624401913875596 0.058394160583941604
0 0.6854066985645934 0.780565693430657 0.008373205741626795 0.024635036496350366
0 0.14892344497607657 0.1322992700729927 0.00777511961722488 0.021897810218978103
0 0.9632177033492823 0.21213503649635038 0.010167464114832535 0.046532846715328466
0 0.038875598086124404 0.40784671532846717 0.005980861244019139 0.03467153284671533
0 0.844049043062201 0.6496350364963503 0.015849282296650717 0.05291970802919708
