0 0.2641509433962264 0.1506137865911237 0.02620545073375262 0.09348441926345609
0 0.4542714884696017 0.1676109537299339 0.02122641509433962 0.08026440037771483
0 0.16457023060796647 0.8404154863078376 0.02830188679245283 0.09254013220018886
0 0.1619496855345912 0.5231350330500472 0.030922431865828093 0.13786591123701605
0 0.22458071278825995 0.5297450424929179 0.02148846960167715 0.08687440982058546
0 0.08411949685534591 0.8257790368271954 0.023060796645702306 0.05571293673276676
0 0.15028825995807127 0.17233238904627007 0.02279874213836478 0.08781869688385269
0 0.4257075471698113 0.14636449480642116 0.028039832285115304 0.11331444759206799
0 0.06538259958071278 0.14919735599622286 0.02489517819706499 0.08876298394711993
0 0.04572851153039832 0.18035882908404155 0.022274633123689727 0.08876298394711993
0 0.19929245283018868 0.8309726156751652 0.042714884696016774 0.1510859301227573
0 0.23598008385744235 0.1562795089707271 0.028563941299790355 0.11048158640226628
0 0.06105870020964361 0.8503305004721435 0.01939203354297694 0.06515580736543909
0 0.9088050314465409 0.5056657223796034 0.028825995807127882 0.10670443814919736
0 0.2496069182389937 0.8224740321057602 0.04323899371069182 0.1397544853635505
0 0.09578092243186583 0.1364494806421152 0.03170859538784067 0.13503305004721436
0 0.35927672955974843 0.833805476864967 0.03459119496855346 0.13408876298394712
0 0.4672431865828092 0.8479697828139755 0.029874213836477988 0.12275731822474033
0 0.4395964360587002 0.8352219074598678 0.03275681341719078 0.1048158640226629
0 0.03996331236897275 0.5028328611898017 0.04114255765199162 0.11614730878186968
0 0.8841719077568134 0.5151085930122757 0.029350104821802937 0.1274787535410765
0 0.8515461215932913 0.5089707271010387 0.04533542976939203 0.18319169027384324
0 0.1956236897274633 0.5070821529745042 0.03380503144654088 0.0906515580736544
0 0.4088050314465409 0.8437204910292729 0.029874213836477988 0.10670443814919736
0 0.10233228511530398 0.5070821529745042 0.033280922431865825 0.12275731822474033
0 0.307520964360587 0.8418319169027384 0.03170859538784067 0.12370160528800755
0 0.8203616352201258 0.4943342776203966 0.041666666666666664 0.17091595845136923
0 0.3739517819706499 0.16949952785646838 0.018867924528301886 0.09915014164305949
0 0.11635220125786164 0.4707271010387158 0.02148846960167715 0.0764872521246459
0 0.5289570230607966 0.8286118980169972 0.05162473794549266 0.22001888574126535
0 0.3299266247379455 0.830028328611898 0.03563941299790356 0.1643059490084986
0 0.2070230607966457 0.16997167138810199 0.0110062893081761 0.0453257790368272
0 0.31669287211740044 0.18366383380547688 0.00550314465408805 0.04627006610009443
0 0.3409329140461216 0.18508026440037773 0.018867924528301886 0.047214353163361665
0 0.13377882599580712 0.46506137865911235 0.0159853249475891 0.06326723323890462
0 0.08503668763102726 0.8663833805476865 0.02489517819706499 0.061378659112370164
0 0.3856132075471698 0.8437204910292729 0.019129979035639413 0.0708215297450425
0 0.7653301886792453 0.8305004721435316 0.017033542976939202 0.06515580736543909
0 0.5051100628930818 0.06657223796033994 0.01179245283018868 0.05760151085930123
0 0.5311844863731656 0.3559962228517469 0.009433962264150943 0.03210576015108593
0 0.30372117400419285 0.5288007554296507 0.018343815513626835 0.047214353163361665
0 0.017164570230607967 0.5642115203021718 0.010744234800838574 0.03493862134088763
0 0.11923480083857442 0.35033050047214354 0.009433962264150943 0.028328611898016998
0 0.006158280922431866 0.18508026440037773 0.011268343815513627 0.03777148253068933
0 0.8554769392033543 0.18602455146364494 0.006551362683438155 0.028328611898016998
0 0.7887840670859538 0.16997167138810199 0.008385744234800839 0.0226628895184136
