0 0.6491121381658964 0.5449915110356537 0.02067623449282413 0.06791171477079797
0 0.03721722208708343 0.5288624787775892 0.02140598394551204 0.08488964346349745
0 0.5949890537582097 0.5466893039049237 0.019459985405010947 0.06621392190152801
0 0.6783021162734127 0.21434634974533107 0.0323522257358307 0.11120543293718166
0 0.8715640963269278 0.881578947368421 0.02140598394551204 0.09252971137521222
0 0.37034784723911457 0.8730899830220713 0.020189734857698857 0.08064516129032258
0 0.7276818292386281 0.21561969439728354 0.037703721722208705 0.11714770797962648
0 0.6745317441011919 0.5394736842105263 0.016054487959134032 0.0636672325976231
0 0.17270737046947215 0.1969439728353141 0.013621989783507663 0.050933786078098474
0 0.5166626125030406 0.5403225806451613 0.018486986134760398 0.06196943972835314
0 0.04329846752614935 0.19227504244482174 0.024324981756263683 0.08234295415959253
0 0.6291656531257601 0.8811544991511036 0.01532473850644612 0.04753820033955857
0 0.08927268304548772 0.5314091680814941 0.022865482850887863 0.07640067911714771
0 0.8446849914862564 0.8866723259762309 0.017270737046947215 0.055178268251273345
0 0.6193140355144734 0.20967741935483872 0.01070299197275602 0.04923599320882852
0 0.0640963269277548 0.5292869269949066 0.015811238141571395 0.053480475382003394
0 0.7895889078083191 0.8811544991511036 0.018486986134760398 0.05602716468590832
0 0.14935538798345901 0.8637521222410866 0.013621989783507663 0.06196943972835314
0 0.33142787642909266 0.19821731748726656 0.01532473850644612 0.053480475382003394
0 0.5667720749209438 0.21052631578947367 0.016054487959134032 0.057724957555178265
0 0.5773534419849186 0.879881154499151 0.015811238141571395 0.05178268251273345
0 0.6592070055947458 0.8845500848896435 0.016540987594259305 0.050933786078098474
0 0.3289953782534663 0.5462648556876061 0.017757236682072488 0.04499151103565365
0 0.8158598881050839 0.8896434634974533 0.01070299197275602 0.03904923599320883
0 0.0429335927998054 0.8624787775891342 0.014838238871320847 0.050933786078098474
0 0.5229871077596692 0.8769100169779287 0.014594989053758209 0.04753820033955857
0 0.7821697883726587 0.20797962648556875 0.03186572610070543 0.0933786078098472
0 0.3868888348333739 0.8607809847198642 0.009000243249817562 0.035653650254668934
0 0.4742155193383605 0.8747877758913413 0.009000243249817562 0.0432937181663837
0 0.8055217708586718 0.2202886247877759 0.00997324252006811 0.02461799660441426
0 0.12198978350766237 0.8612054329371817 0.009000243249817562 0.016129032258064516
0 0.24738506446120165 0.8705432937181664 0.0077839941620043785 0.03310696095076401
0 0.5504743371442471 0.8777589134125636 0.005837995621503284 0.02037351443123939
0 0.6792751155436634 0.8892190152801358 0.009486742884942837 0.02631578947368421
