0 0.715619442797866 0.549746192893401 0.026378186129223474 0.1065989847715736
0 0.7534084173088322 0.20913705583756345 0.027267338470657973 0.10355329949238579
0 0.2520746887966805 0.8817258883248731 0.03052756372258447 0.11065989847715736
0 0.9179016004742145 0.2248730964467005 0.02963841138114997 0.10050761421319797
0 0.8641078838174274 0.22994923857868022 0.02222880853586248 0.09035532994923857
0 0.056609365737996444 0.13807106598984772 0.027267338470657973 0.10152284263959391
0 0.6157379964433907 0.19390862944162437 0.025785417901600473 0.09137055837563451
0 0.10032602252519265 0.4847715736040609 0.024599881446354475 0.09238578680203045
0 0.6993183165382335 0.2015228426395939 0.025785417901600473 0.09847715736040609
0 0.33684054534676944 0.16040609137055836 0.036455245998814466 0.1299492385786802
0 0.9264967397747481 0.9274111675126904 0.023710729104919975 0.07614213197969544
0 0.6898340248962656 0.5411167512690356 0.023414344991108477 0.09137055837563451
0 0.9396858328393598 0.5730964467005076 0.025192649673977476 0.07817258883248732
0 0.6794605809128631 0.8969543147208122 0.03052756372258447 0.09441624365482233
0 0.8034973325429757 0.5563451776649746 0.02963841138114997 0.10761421319796954
0 0.47925311203319504 0.8878172588832487 0.022525192649673977 0.08629441624365482
0 0.3079430942501482 0.16598984771573605 0.02133965619442798 0.08426395939086294
0 0.7803793716656787 0.20964467005076143 0.02133965619442798 0.08223350253807106
0 0.4229401304090101 0.166497461928934 0.03141671606401897 0.10355329949238579
0 0.8989330171902786 0.750253807106599 0.022525192649673977 0.06903553299492386
0 0.13885595732068762 0.4883248730964467 0.04001185536455246 0.13604060913705585
0 0.4072317723770006 0.5101522842639594 0.03852993479549496 0.14923857868020304
0 0.1876111440426793 0.48934010152284263 0.03734439834024896 0.14213197969543148
0 0.37833432128037936 0.5060913705583756 0.03052756372258447 0.13096446700507614
0 0.6354475400118553 0.5436548223350254 0.025489033787788974 0.07817258883248732
0 0.5625370480142264 0.1918781725888325 0.027860106698280974 0.10152284263959391
0 0.8568464730290456 0.5614213197969543 0.016597510373443983 0.06294416243654823
0 0.2697095435684647 0.5060913705583756 0.024303497332542976 0.07614213197969544
0 0.47554831061055125 0.18223350253807108 0.015708358032009484 0.06192893401015229
0 0.11692353289863663 0.868020304568528 0.03052756372258447 0.12385786802030457
0 0.6446354475400119 0.19847715736040608 0.027860106698280974 0.09238578680203045
0 0.4420569057498518 0.515736040609137 0.02934202726733847 0.12385786802030457
0 0.06461173681090694 0.4685279187817259 0.014226437462951986 0.049746192893401014
0 0.17056905749851808 0.8705583756345178 0.014522821576763486 0.049746192893401014
0 0.47228808535862477 0.5309644670050762 0.02993479549496147 0.10152284263959391
0 0.11470065204505038 0.13959390862944163 0.017190278601066984 0.06192893401015229
0 0.7240663900414938 0.20913705583756345 0.01956135151155898 0.07106598984771574
0 0.9641375222288086 0.9055837563451776 0.01778304682868998 0.06294416243654823
0 0.5478660343805573 0.5370558375634518 0.016893894487255482 0.06700507614213198
0 0.057646710136336696 0.8477157360406091 0.012744516893894487 0.04467005076142132
0 0.3669235328986366 0.8893401015228426 0.013633669235328987 0.048730964467005075
0 0.8320983995257855 0.21776649746192894 0.011558980438648489 0.03756345177664975
0 0.6714582098399525 0.2020304568527919 0.033491404860699465 0.1116751269035533
0 0.1947243627741553 0.15431472081218275 0.011855364552459988 0.03857868020304569
0 0.046235921754593956 0.483248730964467 0.011262596324836989 0.04060913705583756
0 0.580023710729105 0.531979695431472 0.01066982809721399 0.030456852791878174
0 0.01852400711321873 0.48020304568527916 0.015115589804386485 0.03654822335025381
0 0.3549199762892709 0.5106598984771573 0.007409602845287492 0.024365482233502538
0 0.13781861292234737 0.8598984771573605 0.00948429164196799 0.028426395939086295
0 0.42131001778304683 0.8898477157360406 0.006224066390041493 0.019289340101522844
0 0.4491701244813278 0.8934010152284264 0.008595139300533492 0.016243654822335026
