0 0.5346695557963164 0.8372434017595308 0.03412784398699892 0.1241446725317693
0 0.649783315276273 0.8450635386119257 0.028169014084507043 0.10263929618768329
0 0.6997562296858072 0.8475073313782991 0.027356446370530876 0.10557184750733138
0 0.6715872156013001 0.844574780058651 0.02627302275189599 0.10557184750733138
0 0.8972101841820151 0.8519061583577713 0.02085590465872156 0.08895405669599218
0 0.7888678223185266 0.15053763440860216 0.021397616468039005 0.10361681329423265
0 0.27708559046587217 0.1466275659824047 0.02275189599133261 0.08211143695014662
0 0.19068255687973998 0.1300097751710655 0.029794149512459372 0.10557184750733138
0 0.2493228602383532 0.12512218963831867 0.028439869989165763 0.12512218963831867
0 0.9008667388949079 0.15933528836754643 0.030335861321776816 0.10752688172043011
0 0.08112134344528711 0.10801564027370479 0.028439869989165763 0.10850439882697947
0 0.9293066088840737 0.8470185728250245 0.04225352112676056 0.1378299120234604
0 0.8728331527627302 0.16080156402737047 0.033315276273022755 0.13391984359726294
0 0.7569068255687974 0.8499511241446726 0.025189599133261104 0.09872922776148582
0 0.8412784398699892 0.1573802541544477 0.023293607800650054 0.07624633431085044
0 0.6202600216684724 0.8514173998044966 0.02437703141928494 0.08602150537634409
0 0.597237269772481 0.14320625610948193 0.030335861321776816 0.10850439882697947
0 0.9588299024918743 0.1656891495601173 0.028710725893824486 0.09090909090909091
0 0.5425243770314193 0.12658846529814272 0.022210184182015168 0.09872922776148582
0 0.17456663055254604 0.8128054740957967 0.025731310942578547 0.09090909090909091
0 0.7291440953412784 0.8514173998044966 0.03087757313109426 0.08993157380254155
0 0.2295503791982665 0.7947214076246334 0.03494041170097508 0.11925708699902249
0 0.0421180931744312 0.45161290322580644 0.03873239436619718 0.13294232649071358
0 0.062161430119176596 0.11974584555229717 0.024106175514626217 0.09872922776148582
0 0.7602925243770314 0.15347018572825025 0.025460455037919827 0.09188660801564028
0 0.925650054171181 0.2209188660801564 0.024106175514626217 0.08797653958944282
0 0.6767334777898159 0.14222873900293256 0.026814734561213433 0.08895405669599218
0 0.14761646803900325 0.7956989247311828 0.03466955579631636 0.14858260019550343
0 0.11728060671722644 0.8054740957966764 0.03412784398699892 0.13880742913000976
0 0.7325297941495125 0.13685239491691104 0.03602383531960997 0.10361681329423265
0 0.596830985915493 0.49022482893450636 0.020314192849404118 0.07135874877810362
0 0.8143282773564464 0.8470185728250245 0.037648970747562294 0.1573802541544477
0 0.5700162513542795 0.47751710654936463 0.026814734561213433 0.12218963831867058
0 0.03507583965330444 0.8172043010752689 0.037648970747562294 0.1544477028347996
0 0.7819609967497292 0.8479960899315738 0.035211267605633804 0.16129032258064516
0 0.2831798483206934 0.8147605083088955 0.04360780065005417 0.1573802541544477
0 0.30999458288190684 0.5234604105571847 0.03548212351029253 0.11632453567937438
0 0.42118093174431204 0.8245356793743891 0.04333694474539545 0.15347018572825025
0 0.5128656554712893 0.11534701857282502 0.03277356446370531 0.12121212121212122
0 0.5192307692307693 0.4921798631476051 0.02275189599133261 0.07917888563049853
0 0.09317443120260022 0.4237536656891496 0.032502708559046585 0.13196480938416422
0 0.3601029252437703 0.14760508308895406 0.017605633802816902 0.06060606060606061
0 0.408044420368364 0.13978494623655913 0.017605633802816902 0.07233626588465299
0 0.7054442036836404 0.1573802541544477 0.015980498374864573 0.06842619745845552
0 0.9335048754062839 0.5112414467253177 0.014355362946912243 0.056695992179863146
0 0.7379469122426869 0.5053763440860215 0.015980498374864573 0.06060606060606061
0 0.6807963163596966 0.4980449657869013 0.011646803900325027 0.042033235581622676
0 0.6550650054171181 0.49608993157380255 0.01543878656554713 0.05571847507331378
0 0.5901950162513543 0.85386119257087 0.01950162513542795 0.0772238514173998
