0 0.381390874106652 0.4553014553014553 0.025013743815283124 0.10602910602910603
0 0.1811434854315558 0.45478170478170477 0.024189114898295765 0.11122661122661123
0 0.15283122594832327 0.7915800415800416 0.028587135788894998 0.0841995841995842
0 0.48543155579989006 0.4625779625779626 0.024189114898295765 0.09147609147609148
0 0.12108301264431007 0.803014553014553 0.027212754260582738 0.1340956340956341
0 0.25 0.8009355509355509 0.02611324903793293 0.09667359667359668
0 0.5769653655854865 0.8196465696465697 0.020890599230346345 0.09043659043659044
0 0.19694887300714678 0.12422037422037423 0.022264980758658605 0.08835758835758836
0 0.9109400769653656 0.4864864864864865 0.03188565145684442 0.11850311850311851
0 0.7564595931830677 0.1262993762993763 0.026937877954920284 0.09875259875259876
0 0.7887575590984057 0.4890852390852391 0.029411764705882353 0.09251559251559252
0 0.42550852116547555 0.8128898128898129 0.025288620120945574 0.10395010395010396
0 0.5548378229796591 0.8201663201663202 0.022814733369983506 0.08731808731808732
0 0.7014843320505773 0.12214137214137215 0.024189114898295765 0.09043659043659044
0 0.45313358988455193 0.12058212058212059 0.022814733369983506 0.09563409563409564
0 0.6878779549202859 0.4812889812889813 0.0217152281473337 0.08108108108108109
0 0.9323804288070369 0.8362785862785863 0.031335898845519516 0.1257796257796258
0 0.09606926882902694 0.10550935550935552 0.026663001649257834 0.0945945945945946
0 0.6529686641011545 0.8232848232848233 0.020065970313358987 0.08108108108108109
0 0.8591258933479934 0.5046777546777547 0.03271028037383177 0.15696465696465697
0 0.527350192413414 0.11174636174636175 0.027762506871907643 0.09667359667359668
0 0.5316107751511819 0.4688149688149688 0.03628367234744365 0.13305613305613306
0 0.8063496426608027 0.8378378378378378 0.02336448598130841 0.08108108108108109
0 0.80717427157779 0.12474012474012475 0.01896646509070918 0.07484407484407485
0 0.43251786695986805 0.47297297297297297 0.025013743815283124 0.11434511434511435
0 0.3255909840571743 0.8024948024948025 0.03161077515118197 0.11434511434511435
0 0.2297965915338098 0.46153846153846156 0.021440351841671246 0.07692307692307693
0 0.28367234744365033 0.47505197505197505 0.031335898845519516 0.13097713097713098
0 0.37850467289719625 0.8113305613305614 0.034084661902144035 0.11746361746361747
0 0.6525563496426608 0.12370062370062371 0.018691588785046728 0.06444906444906445
0 0.7054700384826827 0.8222453222453222 0.02336448598130841 0.10395010395010396
0 0.4132765255634964 0.4734927234927235 0.02446399120395822 0.09251559251559252
0 0.7248488180318856 0.1314968814968815 0.014293567894447499 0.06964656964656965
0 0.8306761957119296 0.8347193347193347 0.01594282572842221 0.07484407484407485
0 0.6169598680593733 0.12733887733887733 0.021165475536008796 0.0841995841995842
0 0.2747388675096207 0.7972972972972973 0.031061022539857066 0.12058212058212059
0 0.6353765805387576 0.48232848232848236 0.03710830126443101 0.16632016632016633
0 0.40214403518416714 0.8108108108108109 0.019241341396371632 0.079002079002079
0 0.8316382627817482 0.4984407484407484 0.02611324903793293 0.1257796257796258
0 0.9072292468389225 0.8378378378378378 0.01291918636613524 0.056133056133056136
0 0.6105002748763056 0.48596673596673595 0.030236393622869707 0.15904365904365905
0 0.7120670698185816 0.48284823284823286 0.016217702034084663 0.07380457380457381
0 0.5808136338647608 0.48544698544698545 0.040131940626717974 0.14137214137214138
0 0.8110225398570643 0.49532224532224534 0.020065970313358987 0.08627858627858628
0 0.07669048927982408 0.11122661122661123 0.02199010445299615 0.079002079002079
0 0.42839472237493126 0.11382536382536383 0.016767454645409567 0.07380457380457381
0 0.7532985156679495 0.8248440748440748 0.022264980758658605 0.0550935550935551
0 0.47869708631116 0.11850311850311851 0.025563496426608025 0.08108108108108109
0 0.09785596481583288 0.7993762993762994 0.026388125343595383 0.12474012474012475
0 0.8747938427707531 0.8378378378378378 0.011819681143485432 0.04781704781704782
0 0.330263881253436 0.4802494802494803 0.03380978559648158 0.12681912681912683
