0 0.36953776206112654 0.48193315266486 0.017681232634503663 0.06413730803974707
0 0.9170245011366507 0.46070460704607047 0.02955291740338469 0.10478771454381211
0 0.07906036877999495 0.477416440831075 0.014650164182874464 0.06413730803974707
0 0.15711038140944683 0.47696476964769646 0.02071230108613286 0.08491418247515808
0 0.863601919676686 0.45799457994579945 0.02071230108613286 0.07407407407407407
0 0.5889113412477899 0.14724480578139115 0.012376862844152564 0.04878048780487805
0 0.6321040666835059 0.4760614272809395 0.016418287446324828 0.052393857271906055
0 0.6415761555948472 0.14498644986449866 0.011113917655973731 0.044263775971093045
0 0.5611265471078555 0.15763324299909665 0.009850972467794898 0.044263775971093045
0 0.7178580449608487 0.14498644986449866 0.009093205354887599 0.03523035230352303
0 0.8444051528163677 0.465672990063234 0.02525890376357666 0.0966576332429991
0 0.8527405910583481 0.7976513098464318 0.011113917655973731 0.05058717253839205
0 0.6338721899469563 0.8044263775971093 0.015407931295781763 0.04787714543812105
0 0.8748421318514776 0.14001806684733514 0.018944177822682495 0.052393857271906055
0 0.6011619095731245 0.46838301716350494 0.014650164182874464 0.05510388437217705
0 0.6571103814094468 0.8048780487804879 0.01035615054306643 0.04336043360433604
0 0.29022480424349584 0.4742547425474255 0.011113917655973731 0.04155374887082204
0 0.7706491538267239 0.14182475158084915 0.016670876483960595 0.05962059620596206
0 0.419929275069462 0.8084914182475158 0.015407931295781763 0.05058717253839205
0 0.6121495327102804 0.15311653116531165 0.009850972467794898 0.04607046070460705
0 0.1799696893154837 0.8021680216802168 0.02147006819904016 0.06865401987353206
0 0.8641070977519576 0.7949412827461608 0.010608739580702197 0.03974706413730804
0 0.8223036120232382 0.13821138211382114 0.009345794392523364 0.03974706413730804
0 0.3137155847436221 0.8003613369467028 0.017681232634503663 0.052393857271906055
0 0.7469057842889618 0.14317976513098465 0.01414498610760293 0.04607046070460705
0 0.2323819146249053 0.8121047877145439 0.012124273806516797 0.04155374887082204
0 0.3436473857034605 0.7940379403794038 0.015913109371053297 0.052393857271906055
0 0.2643344278858298 0.47922312556458896 0.01338721899469563 0.04607046070460705
0 0.20535488759787826 0.8053297199638663 0.01717605455923213 0.056910569105691054
0 0.3425107350340995 0.47335140018066846 0.011619095731245263 0.037940379403794036
0 0.2882040919424097 0.8048780487804879 0.012124273806516797 0.03974706413730804
0 0.05556958827986865 0.8102981029810298 0.01414498610760293 0.05058717253839205
0 0.8946703713058853 0.8012646793134598 0.015155342258145996 0.04878048780487805
0 0.31535741348825463 0.476513098464318 0.01338721899469563 0.037037037037037035
0 0.1702450113665067 0.15040650406504066 0.011619095731245263 0.05871725383920506
0 0.606087395807022 0.7981029810298103 0.015913109371053297 0.04607046070460705
0 0.27355392775953524 0.15401987353206864 0.012124273806516797 0.03523035230352303
0 0.7049760040414246 0.15221318879855464 0.011113917655973731 0.03342366757000903
0 0.9027532205102299 0.13775971093044265 0.008082849204344532 0.03342366757000903
0 0.25991411972720385 0.8039747064137308 0.010608739580702197 0.037940379403794036
0 0.4267491790856277 0.14453477868112014 0.009345794392523364 0.03071364046973803
0 0.577923718110634 0.8143631436314364 0.009093205354887599 0.028003613369467027
0 0.12073755998989644 0.15537488708220415 0.011113917655973731 0.03974706413730804
0 0.7875726193483202 0.8148148148148148 0.008588027279616064 0.018066847335140017
0 0.0756504167719121 0.8098464317976513 0.009850972467794898 0.037037037037037035
0 0.5219752462743117 0.8021680216802168 0.01338721899469563 0.037940379403794036
0 0.09257388229350846 0.16531165311653118 0.007325082091437232 0.023486901535682024
0 0.6697398332912352 0.14995483288166214 0.006819904016165698 0.018066847335140017
0 0.852866885577166 0.14453477868112014 0.007830260166708765 0.03071364046973803
0 0.9300328365748927 0.13279132791327913 0.009093205354887599 0.023486901535682024
0 0.18577923718110634 0.4905149051490515 0.007325082091437232 0.023486901535682024
0 0.10848699166456176 0.4823848238482385 0.006819904016165698 0.02168021680216802
