0 0.33435942538844915 0.5052631578947369 0.030196423336265026 0.11368421052631579
0 0.7884784520668425 0.49894736842105264 0.020228671943711522 0.08210526315789474
0 0.12195836997947816 0.8847368421052632 0.026385224274406333 0.1
0 0.1823512166520082 0.5036842105263157 0.023453532688361183 0.09368421052631579
0 0.3641160949868074 0.8847368421052632 0.01759014951627089 0.06631578947368422
0 0.3913808267370273 0.5052631578947369 0.022867194371152155 0.08
0 0.0564350630313691 0.15473684210526314 0.026678393433010848 0.07157894736842105
0 0.4520668425681618 0.4957894736842105 0.018762826150688947 0.07368421052631578
0 0.9233362650249194 0.4957894736842105 0.023746701846965697 0.08842105263157894
0 0.26561125769569044 0.15263157894736842 0.026385224274406333 0.08842105263157894
0 0.3340662562298446 0.8836842105263157 0.019642333626502494 0.07263157894736842
0 0.6773673409557315 0.14736842105263157 0.02081501026092055 0.06947368421052631
0 0.5236001172676634 0.14 0.01465845793022574 0.05263157894736842
0 0.4659923776018763 0.15736842105263157 0.02140134857812958 0.06210526315789474
0 0.533567868660217 0.48526315789473684 0.01759014951627089 0.07368421052631578
0 0.12107886250366462 0.4978947368421053 0.021694517736734097 0.07789473684210527
0 0.21357373204338903 0.5226315789473684 0.02257402521254764 0.07263157894736842
0 0.23321606566989153 0.16263157894736843 0.019642333626502494 0.06
0 0.6880680152447962 0.48894736842105263 0.022867194371152155 0.07052631578947369
0 0.21416007036059806 0.9047368421052632 0.023746701846965697 0.08315789473684211
0 0.8806801524479625 0.13105263157894737 0.013485781295807681 0.03684210526315789
0 0.6464379947229552 0.14947368421052631 0.01524479624743477 0.05473684210526316
0 0.752272060979185 0.5010526315789474 0.019935502785107008 0.07157894736842105
0 0.559806508355321 0.14789473684210527 0.014365288771621226 0.05368421052631579
0 0.886690120199355 0.501578947368421 0.020228671943711522 0.05789473684210526
0 0.4532395192025799 0.8847368421052632 0.01465845793022574 0.06
0 0.7946350043975374 0.15473684210526314 0.018469656992084433 0.06315789473684211
0 0.19393139841688653 0.14105263157894737 0.014365288771621226 0.061052631578947365
0 0.568308413954852 0.4994736842105263 0.016710642040457344 0.06
0 0.5291703312811492 0.8905263157894737 0.011726766344180592 0.05894736842105263
0 0.16974494283201408 0.15736842105263157 0.018762826150688947 0.07263157894736842
0 0.24318381706244502 0.5210526315789473 0.024919378481383758 0.06947368421052631
0 0.8192612137203166 0.13105263157894737 0.011433597185576077 0.04105263157894737
0 0.8925535033714453 0.8668421052631579 0.012606273819994136 0.06421052631578947
0 0.8601583113456465 0.4926315789473684 0.0158311345646438 0.05052631578947368
0 0.592788038698329 0.1463157894736842 0.0158311345646438 0.061052631578947365
0 0.43799472295514513 0.14789473684210527 0.018762826150688947 0.06842105263157895
0 0.4160070360598065 0.13263157894736843 0.013485781295807681 0.04842105263157895
0 0.113896218117854 0.12842105263157894 0.017883318674875404 0.06947368421052631
0 0.35253591322192906 0.14789473684210527 0.016710642040457344 0.06210526315789474
0 0.02198768689533861 0.15421052631578946 0.019349164467897976 0.07052631578947369
0 0.9454705364995603 0.49842105263157893 0.01524479624743477 0.06210526315789474
0 0.9489885664028144 0.8831578947368421 0.013485781295807681 0.05052631578947368
0 0.7632659044268543 0.15052631578947367 0.013192612137203167 0.04
0 0.2918498973907945 0.14947368421052631 0.015537965406039285 0.056842105263157895
0 0.8267370272647317 0.49473684210526314 0.020521841102316037 0.06315789473684211
0 0.03444737613603049 0.8989473684210526 0.012606273819994136 0.042105263157894736
0 0.6279683377308707 0.5131578947368421 0.018762826150688947 0.06
0 0.2154793315743184 0.12947368421052632 0.010554089709762533 0.04421052631578947
0 0.3751099384344767 0.14947368421052631 0.012606273819994136 0.04631578947368421
0 0.14160070360598065 0.14157894736842105 0.006449721489299325 0.030526315789473683
0 0.04324245089416593 0.4994736842105263 0.0079155672823219 0.02631578947368421
0 0.776751685722662 0.878421052631579 0.012606273819994136 0.05157894736842105
0 0.6231310466138962 0.9 0.00732922896511287 0.02736842105263158
0 0.002931691586045148 0.13736842105263158 0.005277044854881266 0.03263157894736842
0 0.07490472002345354 0.8921052631578947 0.00732922896511287 0.028421052631578948
0 0.5929346232776312 0.5121052631578947 0.0067428906479038405 0.024210526315789474
0 0.08589856347112283 0.5173684210526316 0.012313104661389622 0.045263157894736845
0 0.012166520082087365 0.5210526315789473 0.0079155672823219 0.037894736842105266
0 0.6716505423629434 0.89 0.010554089709762533 0.045263157894736845
0 0.7008208736440926 0.8905263157894737 0.006156552330694811 0.02736842105263158
0 0.8337730870712401 0.878421052631579 0.009967751392553504 0.05157894736842105
