0 0.3420985448046975 0.5203405865657521 0.02042379371968343 0.07568590350047304
0 0.5973959663007403 0.881267738883633 0.01940260403369926 0.07095553453169347
0 0.3147817207046209 0.8926206244087039 0.01940260403369926 0.07095553453169347
0 0.11360735256573909 0.8978240302743614 0.017360224661730917 0.06433301797540208
0 0.25019147306612205 0.5198675496688742 0.01684962981873883 0.06906338694418164
0 0.774317079397498 0.18495742667928097 0.026040336992596374 0.0804162724692526
0 0.38179729384733213 0.1944181646168401 0.018126116926219044 0.06717123935666983
0 0.26984937452131735 0.1986754966887417 0.019913198876691345 0.07568590350047304
0 0.5049782997191729 0.510879848628193 0.02297676793464386 0.08893093661305582
0 0.18904774061781976 0.19157994323557237 0.02118968598417156 0.06717123935666983
0 0.8198876691345417 0.1750236518448439 0.019147306612203218 0.08325449385052035
0 0.8064845545059995 0.5023651844843898 0.01684962981873883 0.06622516556291391
0 0.4373244830227215 0.18353831598864712 0.013786060760786317 0.0510879848628193
0 0.5635690579525147 0.5137180700094608 0.018636711769211133 0.07568590350047304
0 0.22747000255297423 0.8987701040681173 0.014807250446770488 0.05676442762535478
0 0.38971151391370945 0.8992431409649952 0.016594332397242787 0.06149479659413434
0 0.19696196068419708 0.5175023651844843 0.018126116926219044 0.05487228003784295
0 0.1654327291294358 0.5231788079470199 0.014807250446770488 0.06244087038789026
0 0.5340822057697218 0.5141911069063387 0.02042379371968343 0.07852412488174078
0 0.21291804952769977 0.20056764427625354 0.015317845289762573 0.0510879848628193
0 0.06841970896093949 0.18353831598864712 0.013786060760786317 0.0510879848628193
0 0.833290783763084 0.4943235572374645 0.013786060760786317 0.050141911069063384
0 0.6711769211130968 0.5014191106906338 0.01940260403369926 0.06433301797540208
0 0.7301506254786827 0.8727530747398297 0.012254276231810059 0.050141911069063384
0 0.08782231299463876 0.9068117313150426 0.015317845289762573 0.050141911069063384
0 0.4489405157007914 0.8954588457899716 0.0160837375542507 0.06906338694418164
0 0.7827418943068675 0.4966887417218543 0.023997957620628032 0.06622516556291391
0 0.9456216492213428 0.49053926206244086 0.017870819504723003 0.07095553453169347
0 0.6161603267806995 0.511352885525071 0.015573142711258616 0.05771050141911069
0 0.7532550421240746 0.49621570482497634 0.02118968598417156 0.059602649006622516
0 0.6040336992596375 0.19299905392620625 0.017360224661730917 0.05487228003784295
0 0.1332652540209344 0.5231788079470199 0.012254276231810059 0.043519394512771994
0 0.1494766402859331 0.902554399243141 0.02118968598417156 0.07757805108798486
0 0.9175389328567781 0.48864711447492903 0.017360224661730917 0.07095553453169347
0 0.565994383456727 0.8883632923368022 0.013786060760786317 0.04541154210028382
0 0.6803676282869543 0.8855250709555346 0.015317845289762573 0.043519394512771994
0 0.32575950982895074 0.195837275307474 0.011743681388817973 0.043519394512771994
0 0.3043145264232831 0.5184484389782403 0.010722491702833802 0.043519394512771994
0 0.6224151136073526 0.8883632923368022 0.013786060760786317 0.039735099337748346
0 0.06178197600204238 0.9091769157994324 0.017870819504723003 0.07190160832544938
0 0.9258360990553995 0.8661305581835383 0.012509573653306101 0.046357615894039736
0 0.34860862905284656 0.20340586565752128 0.013020168496298187 0.03405865657521287
0 0.22249170283380137 0.5241248817407758 0.009446004595353587 0.03216650898770104
0 0.09688537145774828 0.18543046357615894 0.012509573653306101 0.039735099337748346
0 0.7255552718917538 0.5047303689687795 0.009190707173857544 0.0293282876064333
0 0.8958386520296145 0.8637653736991485 0.012254276231810059 0.039735099337748346
0 0.8935409752361502 0.5009460737937559 0.011233086545825888 0.036896877956480605
0 0.03880520806739852 0.17691579943235572 0.008169517487873373 0.03216650898770104
0 0.15330610160837377 0.18448438978240303 0.007403625223385244 0.020813623462630087
0 0.49502170028082715 0.19914853358561968 0.008169517487873373 0.02554399243140965
0 0.9336226704110289 0.16461684011352887 0.011233086545825888 0.043519394512771994
0 0.5879499617053868 0.5141911069063387 0.009190707173857544 0.03500473036896878
0 0.2564462598927751 0.902081362346263 0.009446004595353587 0.03500473036896878
0 0.5402093438856268 0.8926206244087039 0.011233086545825888 0.03878902554399243
