0 0.5832932692307692 0.8492678725236865 0.019951923076923075 0.07579672695951765
0 0.9377403846153847 0.13652024117140396 0.02451923076923077 0.10077519379844961
0 0.8533653846153846 0.49138673557278206 0.023557692307692307 0.08527131782945736
0 0.09362980769230769 0.49784668389319553 0.039663461538461536 0.13092161929371232
0 0.225 0.49224806201550386 0.03173076923076923 0.10938845822566753
0 0.9358173076923076 0.8914728682170543 0.02403846153846154 0.0913006029285099
0 0.8759615384615385 0.8341946597760551 0.026442307692307692 0.08699397071490095
0 0.20120192307692308 0.49310938845822566 0.022596153846153846 0.08010335917312661
0 0.6240384615384615 0.5103359173126615 0.029326923076923077 0.10938845822566753
0 0.14483173076923078 0.48664944013781225 0.036298076923076926 0.1343669250645995
0 0.46033653846153844 0.48492678725236865 0.027403846153846154 0.11369509043927649
0 0.4372596153846154 0.49698535745047373 0.027884615384615386 0.11369509043927649
0 0.2998798076923077 0.5017226528854436 0.026201923076923078 0.09043927648578812
0 0.321875 0.8380706287683032 0.036057692307692304 0.12058570198105081
0 0.8471153846153846 0.8423772609819121 0.023557692307692307 0.082687338501292
0 0.4520432692307692 0.8462532299741602 0.04158653846153846 0.1438415159345392
0 0.7966346153846153 0.847114556416882 0.021153846153846155 0.06632213608957795
0 0.5963942307692308 0.14599483204134367 0.03028846153846154 0.12661498708010335
0 0.5668269230769231 0.508182601205857 0.02548076923076923 0.09474590869939707
0 0.6359375 0.8496985357450474 0.025240384615384616 0.08354866494401378
0 0.27415865384615384 0.48492678725236865 0.04158653846153846 0.14470284237726097
0 0.9653846153846154 0.13910422049956933 0.03125 0.09560723514211886
0 0.6834134615384615 0.6447028423772609 0.026442307692307692 0.1231696813092162
0 0.7685096153846154 0.8406546080964685 0.03028846153846154 0.10335917312661498
0 0.8020432692307692 0.49397071490094746 0.030048076923076924 0.10077519379844961
0 0.5947115384615385 0.4974160206718346 0.032692307692307694 0.12489233419465978
0 0.8591346153846153 0.12962962962962962 0.029326923076923077 0.11455641688199827
0 0.8825721153846153 0.4982773471145564 0.026201923076923078 0.09732988802756244
0 0.5346153846153846 0.8397932816537468 0.016346153846153847 0.05857019810508183
0 0.17764423076923078 0.8255813953488372 0.03076923076923077 0.12661498708010335
0 0.46526442307692306 0.13781223083548666 0.030528846153846153 0.11369509043927649
0 0.8299278846153846 0.49956933677863913 0.031009615384615385 0.12058570198105081
0 0.05276442307692308 0.8320413436692506 0.03918269230769231 0.15848406546080965
0 0.9058894230769231 0.5107665805340224 0.027644230769230768 0.10163652024117141
0 0.4110576923076923 0.14599483204134367 0.026442307692307692 0.1024978466838932
0 0.421875 0.8415159345391904 0.03942307692307692 0.1533161068044789
0 0.6633413461538461 0.6623600344530577 0.03870192307692308 0.1515934539190353
0 0.8858173076923077 0.14556416881998277 0.022115384615384617 0.07751937984496124
0 0.2804086538461538 0.152885443583118 0.02956730769230769 0.0921619293712317
0 0.3838942307692308 0.13092161929371232 0.03028846153846154 0.11541774332472007
0 0.15889423076923076 0.8419465977605513 0.03076923076923077 0.10766580534022395
0 0.35925480769230766 0.13867355727820843 0.026682692307692307 0.09646856158484066
0 0.31478365384615387 0.14771748492678724 0.011298076923076923 0.04909560723514212
0 0.518389423076923 0.1515934539190353 0.019951923076923075 0.056847545219638244
0 0.625 0.1520241171403962 0.016826923076923076 0.05254091300602928
0 0.6754807692307693 0.15030146425495264 0.015865384615384615 0.050818260120585705
0 0.7483173076923076 0.49698535745047373 0.009615384615384616 0.03617571059431524
0 0.35985576923076923 0.49310938845822566 0.010576923076923078 0.04565030146425495
0 0.4830528846153846 0.8376399655469423 0.01610576923076923 0.06459948320413436
