0 0.05908979691705407 0.13330380868024802 0.03009542451676046 0.1195748449955713
0 0.08098850012233913 0.13906111603188662 0.02397846831416687 0.10097431355181577
0 0.10044042084658673 0.18423383525243578 0.012478590653290923 0.05491585473870682
0 0.11169562025935895 0.1271036315323295 0.03547834597504282 0.1337466784765279
0 0.13861022755077074 0.1421612046058459 0.01981893809640323 0.07174490699734277
0 0.22008808416931736 0.14393268379096547 0.03596770247125031 0.12311780336581045
0 0.24798140445314412 0.13950398582816653 0.029116711524345487 0.11603188662533215
0 0.27501835086860776 0.15279007971656333 0.030829459261071692 0.10008857395925598
0 0.3002202104232934 0.1328609388839681 0.028382676780034255 0.09211691762621789
0 0.3265231220944458 0.14526129317980513 0.02520185955468559 0.10628875110717449
0 0.35759725960362126 0.15057573073516387 0.033031563494005385 0.13463241806908768
0 0.40604355272816245 0.15234720992028344 0.04135062392953266 0.15589016829052257
0 0.43821874235380476 0.15721877767936226 0.03719109371176903 0.12488928255093003
0 0.4708832884756545 0.19929140832595216 0.014436016638120872 0.046058458813108945
0 0.48898947883533156 0.14437555358724535 0.037435771959872764 0.15411868910540302
0 0.5423293369219476 0.15987599645704162 0.02030829459261072 0.07705934455270151
0 0.5294837288965011 0.5008857395925598 0.029850746268656716 0.10894596988485385
0 0.4763885490579887 0.5008857395925598 0.030829459261071692 0.1054030115146147
0 0.44421335943234647 0.491585473870682 0.02373379006606313 0.08680248007085917
0 0.3933202838267678 0.487599645704163 0.02373379006606313 0.06465899025686449
0 0.36885245901639346 0.5 0.026180572547100562 0.08768821966341896
0 0.34230486909713725 0.4946855624446413 0.03376559823831661 0.09654561558901682
0 0.28725226327379494 0.48848538529672275 0.027893320283826767 0.09477413640389726
0 0.1799608514803034 0.4782993799822852 0.022755077073648152 0.08680248007085917
0 0.1543919745534622 0.4782993799822852 0.014680694886224614 0.05845881310894597
0 0.12649865426963544 0.4800708591674048 0.026914607291411794 0.10274579273693533
0 0.09689258624908245 0.4734278122232064 0.025446537802789333 0.08768821966341896
0 0.06435037925128456 0.4636846767050487 0.028872033276241743 0.0983170947741364
0 0.04661120626376315 0.48272807794508416 0.008074382187423538 0.04074402125775022
0 0.050893075605578666 0.8139946855624446 0.025446537802789333 0.070859167404783
0 0.07780768289699046 0.8188662533215235 0.018106190359677025 0.054030115146147036
0 0.12992414974308783 0.8268379096545616 0.03572302422314656 0.11780336581045173
0 0.2401517005138243 0.8255093002657219 0.028627355028138 0.10628875110717449
0 0.26682162955713234 0.8356953055801595 0.024223146562270613 0.08945969884853854
0 0.29263518473207734 0.8219663418954827 0.025446537802789333 0.09211691762621789
0 0.31906043552728164 0.8312666076173605 0.013701981893809641 0.048715677590788306
0 0.3491558600440421 0.8352524357838795 0.027893320283826767 0.10274579273693533
0 0.38133104966968434 0.8317094774136404 0.01639344262295082 0.05491585473870682
0 0.40151700513824323 0.83303808680248 0.028382676780034255 0.09477413640389726
0 0.45681428920968925 0.8379096545615589 0.024467824810374357 0.09388839681133747
0 0.5710790310741375 0.15013286093888398 0.03474431123073159 0.12134632418069087
0 0.5993393687301198 0.15146147032772364 0.027159285539515538 0.12223206377325066
0 0.6225838022999756 0.15190434012400356 0.027648642035723023 0.07883082373782108
0 0.6518228529483729 0.1545615589016829 0.03474431123073159 0.13020372010628875
0 0.7074871543919745 0.1696191319751993 0.02128700758502569 0.11603188662533215
0 0.6699290433080499 0.4893711248892825 0.035233667726939075 0.11780336581045173
0 0.6959872767310986 0.503985828166519 0.022755077073648152 0.09920283436669619
0 0.5933447516515782 0.8356953055801595 0.022510398825544408 0.0983170947741364
0 0.5634940053829215 0.8418954827280779 0.013212625397602153 0.05934455270150576
0 0.6732321996574504 0.8485385296722764 0.022755077073648152 0.09920283436669619
0 0.7793002202104233 0.8529672276350753 0.028382676780034255 0.10983170947741364
0 0.756667482260827 0.8534100974313552 0.015904086126743332 0.050487156775907885
0 0.8885490579887448 0.8551815766164748 0.02520185955468559 0.11780336581045173
0 0.12564228040127232 0.17183348095659876 0.015414729630535846 0.03897254207263064
