0 0.06281109267598957 0.1334782608695652 0.033657264754681206 0.12956521739130436
0 0.08734297226831003 0.12434782608695652 0.029627873903768667 0.10782608695652174
0 0.12313344394406257 0.12956521739130436 0.029153827921308367 0.10956521739130434
0 0.22043138184403888 0.14347826086956522 0.0360274946669827 0.11826086956521739
0 0.2557478075373311 0.12956521739130436 0.025598483052856127 0.09913043478260869
0 0.27755392273050483 0.13608695652173913 0.018487793315951646 0.08260869565217391
0 0.3050485897132022 0.14130434782608695 0.017065655368570753 0.06347826086956522
0 0.32744726238445127 0.13260869565217392 0.020621000237022992 0.08260869565217391
0 0.36074899265228727 0.1426086956521739 0.05593742593031524 0.19652173913043477
0 0.41194595875799955 0.14173913043478262 0.0355534486845224 0.12695652173913044
0 0.5456269258118037 0.1482608695652174 0.02180611519317374 0.07565217391304348
0 0.5759658686892628 0.16 0.02133206921071344 0.09043478260869565
0 0.6046456506281109 0.5160869565217391 0.016117563403650153 0.05304347826086957
0 0.5506044086276369 0.5143478260869565 0.0350794027020621 0.1208695652173913
0 0.4710831950699218 0.5017391304347826 0.016354586394880303 0.057391304347826085
0 0.36418582602512445 0.5026086956521739 0.025361460061625977 0.10434782608695652
0 0.2833609860156435 0.4934782608695652 0.02393932211424508 0.08956521739130435
0 0.25456269258118036 0.48739130434782607 0.012799241526428064 0.042608695652173914
0 0.17267124911116377 0.49217391304347824 0.020146954254562692 0.07304347826086957
0 0.1501540649442996 0.47043478260869565 0.023465276131784785 0.0782608695652174
0 0.11815596112822944 0.49217391304347824 0.016828632377340603 0.06608695652173913
0 0.049182270680255984 0.8391304347826087 0.03816070158805404 0.1582608695652174
0 0.07703247214979853 0.8369565217391305 0.03176108082484001 0.14
0 0.10654183455795212 0.8460869565217392 0.039582839535434934 0.15304347826086956
0 0.13368096705380422 0.8382608695652174 0.032235126807300306 0.11826086956521739
0 0.15797582365489451 0.85 0.029627873903768667 0.10695652173913044
0 0.18748518606304812 0.8508695652173913 0.029864896894998817 0.11391304347826087
0 0.2123726001422138 0.85 0.025124437070395828 0.08956521739130435
0 0.24531879592320455 0.8534782608695652 0.02844275894761792 0.09826086956521739
0 0.26736193410760845 0.8460869565217392 0.029390850912538517 0.09565217391304348
0 0.29450106660346054 0.8665217391304347 0.02156909220194359 0.1
0 0.3526902109504622 0.8634782608695653 0.02417634510547523 0.10434782608695652
0 0.37911827447262386 0.8595652173913043 0.026783598009006874 0.11217391304347826
0 0.4055463379947855 0.8517391304347826 0.015169471438729557 0.07043478260869565
0 0.4883858734297227 0.8491304347826087 0.026309552026546574 0.09478260869565218
0 0.5410049774828158 0.8573913043478261 0.028679781938848067 0.12869565217391304
0 0.6187485186063049 0.8717391304347826 0.022991230149324485 0.08782608695652173
0 0.6788338468831476 0.17695652173913043 0.025598483052856127 0.07739130434782608
0 0.8667930789286561 0.17608695652173914 0.019435885280872246 0.09652173913043478
0 0.9203602749466698 0.17956521739130435 0.03176108082484001 0.11217391304347826
0 0.9550841431618867 0.5304347826086957 0.029153827921308367 0.10956521739130434
0 0.9258118037449633 0.5391304347826087 0.032235126807300306 0.10260869565217391
0 0.8679781938848068 0.5256521739130435 0.02133206921071344 0.07217391304347825
0 0.8099075610334202 0.5365217391304348 0.02180611519317374 0.10086956521739131
0 0.7907086987437781 0.5221739130434783 0.02844275894761792 0.11391304347826087
0 0.7109504621948329 0.5165217391304348 0.0177767243422612 0.050434782608695654
0 0.6831002607252904 0.5052173913043478 0.012799241526428064 0.03304347826086956
0 0.6445840246503911 0.8608695652173913 0.023465276131784785 0.09391304347826086
0 0.8626451765821285 0.8760869565217392 0.02393932211424508 0.08956521739130435
0 0.939677648731927 0.8808695652173913 0.008295804693055226 0.03130434782608696
