0 0.9383078730904818 0.4897003745318352 0.03172737955346651 0.10674157303370786
0 0.5511163337250293 0.7902621722846442 0.02408930669800235 0.08239700374531835
0 0.520123384253819 0.7818352059925093 0.02379553466509988 0.07303370786516854
0 0.8516451233842538 0.16900749063670412 0.021739130434782608 0.08146067415730338
0 0.5785840188014101 0.7869850187265918 0.029670975323149235 0.08895131086142322
0 0.6596650998824912 0.7926029962546817 0.02438307873090482 0.08707865168539326
0 0.2287015276145711 0.4714419475655431 0.023207990599294948 0.07209737827715355
0 0.936545240893067 0.16432584269662923 0.03290246768507638 0.08895131086142322
0 0.2739424206815511 0.7940074906367042 0.030258519388954172 0.10299625468164794
0 0.41054641598119856 0.7846441947565543 0.020857814336075205 0.07116104868913857
0 0.11794947121034077 0.1750936329588015 0.02497062279670975 0.08239700374531835
0 0.19800235017626322 0.1549625468164794 0.028789659224441832 0.07397003745318352
0 0.736192714453584 0.15636704119850187 0.020564042303172738 0.06928838951310862
0 0.9073149236192715 0.16432584269662923 0.02438307873090482 0.10393258426966293
0 0.21974148061104584 0.7926029962546817 0.023501762632197415 0.0852059925093633
0 0.8230023501762632 0.1601123595505618 0.015569917743830788 0.054307116104868915
0 0.8805816686251469 0.1549625468164794 0.030846063454759105 0.10018726591760299
0 0.2040246768507638 0.4798689138576779 0.023207990599294948 0.07584269662921349
0 0.16950646298472385 0.16385767790262173 0.01880141010575793 0.056179775280898875
0 0.7972972972972973 0.16385767790262173 0.01880141010575793 0.06179775280898876
0 0.14218566392479437 0.7893258426966292 0.03466509988249119 0.10861423220973783
0 0.0850470035252644 0.799625468164794 0.02379553466509988 0.08052434456928839
0 0.36119271445358403 0.8089887640449438 0.023207990599294948 0.07865168539325842
0 0.2444183313748531 0.7907303370786517 0.028789659224441832 0.09644194756554307
0 0.36515863689776734 0.4756554307116105 0.03407755581668625 0.10674157303370786
0 0.30273207990599293 0.7879213483146067 0.02555816686251469 0.10955056179775281
0 0.7695358401880141 0.7935393258426966 0.03202115158636898 0.11142322097378277
0 0.9083431257344301 0.7949438202247191 0.03407755581668625 0.10861423220973783
0 0.7477967097532315 0.4943820224719101 0.0373090481786134 0.12734082397003746
0 0.33519388954171564 0.4789325842696629 0.035840188014101056 0.12827715355805244
0 0.657021151586369 0.15683520599250936 0.014982373678025853 0.05149812734082397
0 0.33152173913043476 0.7935393258426966 0.036133960047003526 0.12078651685393259
0 0.31227967097532316 0.47284644194756553 0.0199764982373678 0.06554307116104868
0 0.11178025851938896 0.7883895131086143 0.031433607520564046 0.09925093632958802
0 0.38601645123384254 0.7972846441947565 0.033490011750881316 0.11704119850187265
0 0.8460634547591069 0.7827715355805244 0.03407755581668625 0.11235955056179775
0 0.8785252643948296 0.7897940074906367 0.03554641598119859 0.1301498127340824
0 0.7156286721504113 0.15308988764044945 0.011163337250293772 0.03651685393258427
0 0.6888954171562868 0.7916666666666666 0.035840188014101056 0.09831460674157304
0 0.6031139835487661 0.15917602996254682 0.0199764982373678 0.06367041198501873
0 0.42024089306698004 0.46254681647940077 0.016745005875440658 0.0599250936329588
0 0.6297003525264395 0.7944756554307116 0.041421856639247946 0.14138576779026218
0 0.7414806110458284 0.7888576779026217 0.00881316098707403 0.03464419475655431
0 0.1931551116333725 0.7883895131086143 0.029083431257344302 0.09737827715355805
0 0.44051116333725027 0.47659176029962547 0.02790834312573443 0.1104868913857678
0 0.4606345475910693 0.46348314606741575 0.022326674500587545 0.07303370786516854
