0 0.034622510421491434 0.18080724876441515 0.027559055118110236 0.11943986820428336
0 0.05778138026864289 0.1828665568369028 0.03635942566002779 0.1400329489291598
0 0.0889300602130616 0.17792421746293247 0.03798054654932839 0.13673805601317957
0 0.13895321908290875 0.19192751235584843 0.02825382121352478 0.12520593080724876
0 0.1673228346456693 0.19645799011532125 0.02570634553033812 0.09308072487644152
0 0.22024085224641038 0.19233937397034595 0.013895321908290875 0.05354200988467875
0 0.24779990736452062 0.18945634266886327 0.024548402037980546 0.09719934102141681
0 0.2706113941639648 0.2055189456342669 0.028022232515053265 0.11449752883031301
0 0.3451829550717925 0.200164744645799 0.03080129689671144 0.09390444810543658
0 0.3952061139416396 0.21375617792421747 0.02477999073645206 0.09802306425041186
0 0.44314497452524315 0.521828665568369 0.007179249652616952 0.022240527182866558
0 0.41199629458082443 0.5267710049423394 0.008800370541917554 0.03212520593080725
0 0.3928902269569245 0.5222405271828665 0.015516442797591477 0.06260296540362438
0 0.38304770727188514 0.5185337726523888 0.013432144511347846 0.051894563426688634
0 0.3603520148216767 0.5185337726523888 0.01713756368689208 0.05683690280065898
0 0.30998147290412226 0.5152388797364086 0.015516442797591477 0.05848434925864909
0 0.2833487725798981 0.5107084019769358 0.011811023622047244 0.04612850082372323
0 0.2590319592403891 0.5185337726523888 0.009958314034275127 0.03212520593080725
0 0.19835572024085224 0.5135914332784185 0.012274201018990273 0.051894563426688634
0 0.15284854099119963 0.5041186161449753 0.018063918480778138 0.05271828665568369
0 0.10166743862899491 0.5024711696869851 0.024085224641037517 0.09225700164744646
0 0.08059286706808708 0.49794069192751234 0.01621120889300602 0.06013179571663921
0 0.02651690597498842 0.5016474464579901 0.011811023622047244 0.044481054365733116
0 0.025937934228809634 0.836490939044481 0.025011579434923575 0.08484349258649095
0 0.05013895321908291 0.8311367380560132 0.028485409911996294 0.10873146622734761
0 0.07735062528948587 0.8323723228995058 0.009263547938860583 0.03706754530477759
0 0.1032885595182955 0.8393739703459637 0.009263547938860583 0.03130148270181219
0 0.12945808244557666 0.8323723228995058 0.0111162575266327 0.042009884678747944
0 0.15192218619731357 0.8303130148270181 0.025011579434923575 0.06589785831960461
0 0.18075497915701713 0.8406095551894563 0.026632700324224177 0.0815485996705107
0 0.20970356646595645 0.841845140032949 0.027095877721167207 0.08237232289950576
0 0.2611162575266327 0.836490939044481 0.017369152385363594 0.06836902800658978
0 0.28392774432607687 0.8517298187808896 0.02779064381658175 0.11532125205930807
0 0.30951829550717924 0.850494233937397 0.009495136637332098 0.04036243822075782
0 0.33360352014821676 0.8509060955518946 0.021537748957850857 0.07084019769357495
0 0.3630152848540991 0.8529654036243822 0.00856878184344604 0.022240527182866558
0 0.3896479851783233 0.8554365733113674 0.01875868457619268 0.06342668863261944
0 0.41199629458082443 0.8542009884678748 0.025011579434923575 0.10543657331136738
0 0.4324918943955535 0.857495881383855 0.0317276516905975 0.12685337726523888
0 0.4720935618341825 0.8307248764415156 0.00856878184344604 0.03377265238879736
0 0.5441176470588235 0.8616144975288303 0.012737378415933302 0.03789126853377265
0 0.5692450208429829 0.22528830313014828 0.01667438628994905 0.048599670510708404
0 0.6761232051875868 0.8640856672158155 0.011811023622047244 0.044481054365733116
0 0.6991662806855026 0.8686161449752883 0.015284854099119963 0.051894563426688634
0 0.7275358962482631 0.8673805601317958 0.020611394163964798 0.06754530477759473
0 0.75382121352478 0.878500823723229 0.020379805465493284 0.0700164744645799
0 0.784854099119963 0.8546128500823723 0.021306160259379342 0.09802306425041186
0 0.8871005094951366 0.8892092257001647 0.017369152385363594 0.07495881383855024
0 0.9040064844835572 0.8710873146622735 0.018295507179249652 0.0700164744645799
0 0.8927744326076887 0.5370675453047776 0.026401111625752663 0.08896210873146623
0 0.8456461324687355 0.5465403624382208 0.009958314034275127 0.05683690280065898
0 0.7707271885132005 0.5457166392092258 0.030569708198239925 0.11779242174629324
0 0.8266558591940714 0.5485996705107083 0.02616952292728115 0.11696869851729819
0 0.7996757758221399 0.5473640856672158 0.03520148216767022 0.11449752883031301
0 0.6406901343214451 0.5383031301482701 0.016442797591477536 0.08319604612850082
0 0.6169522927281149 0.5383031301482701 0.010189902732746642 0.023887973640856673
0 0.8279295970356647 0.21828665568369027 0.031496062992125984 0.12026359143327842
0 0.7782538212135248 0.19604612850082373 0.028485409911996294 0.10214168039538715
0 0.7235988883742474 0.20675453047775946 0.028022232515053265 0.08401976935749589
0 0.6996294580824456 0.21457990115321252 0.006021306160259379 0.022240527182866558
0 0.6486799444187124 0.20387149917627678 0.025011579434923575 0.09802306425041186
0 0.6042149143121816 0.207166392092257 0.025011579434923575 0.09802306425041186
0 0.7169986104678092 0.5436573311367381 0.006947660954145438 0.032948929159802305
