0 0.02924901185770751 0.19021739130434784 0.03847167325428195 0.10618729096989966
0 0.06429512516469038 0.19230769230769232 0.026350461133069828 0.07023411371237458
0 0.09565217391304348 0.18269230769230768 0.04005270092226614 0.1496655518394649
0 0.12648221343873517 0.1801839464882943 0.029512516469038207 0.12959866220735786
0 0.15256916996047432 0.19063545150501673 0.0453227931488801 0.1354515050167224
0 0.2080368906455863 0.19690635451505017 0.017654808959156786 0.07775919732441472
0 0.23899868247694334 0.19105351170568563 0.05111989459815547 0.15802675585284282
0 0.3270092226613966 0.18896321070234115 0.03741765480895916 0.10367892976588629
0 0.3599472990777339 0.19147157190635453 0.034255599472990776 0.10033444816053512
0 0.3826086956521739 0.2052675585284281 0.013175230566534914 0.061036789297658864
0 0.41409749670619234 0.20777591973244147 0.013438735177865613 0.03595317725752508
0 0.4567852437417655 0.552257525083612 0.020816864295125165 0.08946488294314381
0 0.3968379446640316 0.5388795986622074 0.04426877470355731 0.14130434782608695
0 0.3393939393939394 0.5392976588628763 0.020553359683794466 0.06354515050167224
0 0.3101449275362319 0.5476588628762542 0.028458498023715414 0.08193979933110368
0 0.28300395256916994 0.5413879598662207 0.02318840579710145 0.06605351170568562
0 0.252437417654809 0.5313545150501672 0.039525691699604744 0.12123745819397994
0 0.10988142292490119 0.5259197324414716 0.026350461133069828 0.0903010033444816
0 0.07865612648221344 0.5171404682274248 0.03135704874835309 0.09280936454849498
0 0.05006587615283267 0.5275919732441472 0.03214756258234519 0.1020066889632107
0 0.02292490118577075 0.520066889632107 0.017391304347826087 0.043478260869565216
0 0.04743083003952569 0.8365384615384616 0.01370223978919631 0.030936454849498328
0 0.23175230566534916 0.8536789297658863 0.016600790513833993 0.05351170568561873
0 0.3640316205533597 0.8578595317725752 0.02924901185770751 0.10033444816053512
0 0.427931488801054 0.8737458193979933 0.02318840579710145 0.06688963210702341
0 0.8206851119894598 0.17892976588628762 0.021870882740447958 0.09698996655518395
0 0.549802371541502 0.8704013377926422 0.026613965744400527 0.08862876254180602
0 0.6061923583662714 0.8729096989966555 0.030303030303030304 0.10033444816053512
0 0.6310935441370223 0.8825250836120402 0.017391304347826087 0.06438127090301003
0 0.6640316205533597 0.8733277591973244 0.03741765480895916 0.12959866220735786
0 0.6880105401844532 0.8804347826086957 0.026350461133069828 0.08528428093645485
0 0.8080368906455863 0.8938127090301003 0.01870882740447958 0.07357859531772576
0 0.891699604743083 0.8933946488294314 0.007378129117259552 0.04431438127090301
0 0.9183135704874835 0.8988294314381271 0.014229249011857707 0.03511705685618729
0 0.9475625823451911 0.5760869565217391 0.028458498023715414 0.1020066889632107
0 0.7736495388669302 0.5635451505016722 0.01370223978919631 0.038461538461538464
0 0.7426877470355732 0.5576923076923077 0.011857707509881422 0.03678929765886288
0 0.7160737812911726 0.5622909698996655 0.02345191040843215 0.06939799331103678
0 0.5989459815546772 0.5505852842809364 0.012648221343873518 0.04096989966555184
0 0.6949934123847167 0.16262541806020067 0.0308300395256917 0.12123745819397994
0 0.7303030303030303 0.19941471571906355 0.01396574440052701 0.04933110367892977
0 0.8359683794466403 0.15342809364548496 0.025559947299077734 0.10785953177257525
