0 0.0554075652637187 0.125 0.017581246670218435 0.0702247191011236
0 0.8364411294619073 0.8675093632958801 0.03516249334043687 0.1301498127340824
0 0.115210442194992 0.13904494382022473 0.014118273841236016 0.05898876404494382
0 0.1750133191262653 0.12734082397003746 0.009057005860415556 0.033707865168539325
0 0.2048481619605754 0.1446629213483146 0.0037293553542887587 0.017790262172284643
0 0.23335109216835376 0.14185393258426968 0.010122535961640916 0.03838951310861423
0 0.29315396909962704 0.14138576779026218 0.008257858284496537 0.024344569288389514
0 0.3199254128929142 0.1399812734082397 0.009057005860415556 0.03838951310861423
0 0.43500266382525304 0.14232209737827714 0.010122535961640916 0.035580524344569285
0 0.4649706979222163 0.4967228464419476 0.04235482152370804 0.14700374531835206
0 0.3767980820458178 0.49157303370786515 0.019978689397975494 0.07116104868913857
0 0.34696323921150773 0.4854868913857678 0.04448588172615876 0.14325842696629212
0 0.3199254128929142 0.4957865168539326 0.008524240809802876 0.03838951310861423
0 0.28569525839104953 0.49625468164794007 0.025839104954714972 0.09925093632958802
0 0.23534896110815132 0.4681647940074906 0.02956846030900373 0.09550561797752809
0 0.2056473095364944 0.46254681647940077 0.014384656366542355 0.06741573033707865
0 0.17607884922749067 0.46863295880149813 0.04848161960575386 0.1601123595505618
0 0.11574320724560469 0.477059925093633 0.03702717101758125 0.14138576779026218
0 0.8079381992541289 0.8838951310861424 0.03143313798614811 0.12172284644194757
0 0.08657432072456046 0.48642322097378277 0.010655301012253596 0.06460674157303371
0 0.033297815663292485 0.47659176029962547 0.03569525839104955 0.1198501872659176
0 0.04794885455514118 0.8300561797752809 0.03356419818859883 0.11329588014981273
0 0.22096430474160894 0.829119850187266 0.03383058071390517 0.12827715355805244
0 0.28316462440063933 0.8319288389513109 0.036760788492274904 0.14887640449438203
0 0.33883857218966434 0.8544007490636704 0.02717101758124667 0.10955056179775281
0 0.37067128396377197 0.8305243445692884 0.03489611081513053 0.15168539325842698
0 0.4290090570058604 0.8441011235955056 0.025839104954714972 0.0945692883895131
0 0.7032498668087374 0.13810861423220974 0.021310602024507193 0.07958801498127341
0 0.8431006925945658 0.16619850187265917 0.014384656366542355 0.05711610486891386
0 0.8806606286627597 0.1348314606741573 0.019179541822056473 0.09550561797752809
0 0.9080980287693128 0.16385767790262173 0.024507192328183273 0.09737827715355805
0 0.8132658497602557 0.5224719101123596 0.018114011720831113 0.07677902621722846
0 0.6985881726158764 0.5084269662921348 0.026904635055940332 0.09737827715355805
0 0.6711507725093234 0.5449438202247191 0.015183803942461374 0.05805243445692884
0 0.6656899307405434 0.50187265917603 0.021310602024507193 0.09176029962546817
0 0.6401172083111348 0.49391385767790263 0.019179541822056473 0.06647940074906367
0 0.6105487480021311 0.5056179775280899 0.014384656366542355 0.0449438202247191
0 0.5775173148641449 0.4948501872659176 0.015982951518380393 0.05149812734082397
0 0.5463505594033031 0.49765917602996257 0.02717101758124667 0.10767790262172285
0 0.5237080447522643 0.5004681647940075 0.020245071923281833 0.07397003745318352
0 0.5688598827916889 0.8675093632958801 0.020511454448588172 0.07958801498127341
0 0.5992274906766116 0.8618913857677902 0.03649440596696857 0.10580524344569288
0 0.6852690463505594 0.8726591760299626 0.035428875865743205 0.1254681647940075
0 0.7168353755993607 0.8670411985018727 0.017581246670218435 0.08052434456928839
0 0.7262919552477357 0.5154494382022472 0.006126798082045818 0.02153558052434457
