0 0.03782264247380526 0.09541627689429373 0.03168924099156657 0.10664172123479888
0 0.1261180679785331 0.1028999064546305 0.022233580373115257 0.07670720299345182
0 0.36647073856376183 0.11085126286248831 0.01073345259391771 0.03835360149672591
0 0.3419371326348071 0.1225444340505145 0.006644518272425249 0.018709073900841908
0 0.39739330437004855 0.11506080449017773 0.03935599284436494 0.12722170252572498
0 0.45016611295681064 0.10477081384471469 0.029900332225913623 0.10102899906454631
0 0.4902887809864554 0.11599625818521983 0.03041144901610018 0.09915809167446211
0 0.48428315870176336 0.47801683816651075 0.02402248913876821 0.07857811038353602
0 0.3176590851009456 0.47661365762394764 0.010222335803731152 0.04957904583723106
0 0.17748530539228213 0.4597754911131899 0.018144646051622797 0.07015902712815715
0 0.03986710963455149 0.4522918615528531 0.018400204446716074 0.09073900841908325
0 0.019294658829542552 0.8260056127221702 0.03347814975721952 0.1216089803554724
0 0.0668285203168924 0.8264733395696913 0.023255813953488372 0.11880261927034612
0 0.09430104778941988 0.833956969130028 0.03526705852287248 0.12815715622076707
0 0.12688474316381293 0.8302151543498597 0.027344748274980832 0.11131898971000935
0 0.1815742397137746 0.8423760523854069 0.01916687963199591 0.0813844714686623
0 0.20368004088934322 0.8353601496725912 0.015333503705596729 0.07296538821328344
0 0.2889087656529517 0.8587464920486436 0.022744697163301814 0.09354536950420954
0 0.42742141579350884 0.8484565014031805 0.03398926654740608 0.10851262862488306
0 0.5085612062356248 0.8405051449953227 0.01737797086634296 0.06641721234798878
0 0.5258113979044211 0.8559401309635173 0.01967799642218247 0.08419083255378859
0 0.6169179657551751 0.8601496725912068 0.02811142346026067 0.1038353601496726
0 0.6472016355737286 0.8493919550982226 0.009455660618451316 0.031805425631431246
0 0.6710963455149501 0.8409728718428437 0.02402248913876821 0.0823199251637044
0 0.7017633529261437 0.8517305893358279 0.007155635062611807 0.03274087932647334
0 0.8092256580628674 0.8713751169317119 0.014566828520316892 0.04957904583723106
0 0.5849731663685152 0.1244153414405987 0.03628929210324559 0.13657623947614594
0 0.517377970866343 0.27408793264733394 0.029389215435727065 0.08793264733395698
0 0.618706874520828 0.49251637043966323 0.025044722719141325 0.10009354536950421
0 0.6705852287247636 0.5051449953227315 0.0301558906210069 0.10664172123479888
0 0.694224380270892 0.5018709073900842 0.020189113212369027 0.07764265668849392
0 0.7775364170713008 0.5102899906454631 0.04114490161001789 0.15247895229186156
0 0.8626373626373627 0.5182413470533208 0.018144646051622797 0.05986903648269411
0 0.8908765652951699 0.5116931711880262 0.04293381037567084 0.17212347988774557
0 0.9217991311014567 0.5154349859681946 0.010222335803731152 0.07670720299345182
0 0.8375926399182213 0.8587464920486436 0.024278047533861487 0.08419083255378859
0 0.8669818553539483 0.8606173994387278 0.020189113212369027 0.05986903648269411
0 0.8814209046767186 0.8769878391019644 0.018400204446716074 0.06828811973807297
0 0.6422182468694096 0.1253507951356408 0.017889087656529516 0.08980355472404115
0 0.6679018655762842 0.11973807296538821 0.04318936877076412 0.15154349859681945
0 0.6990799897776642 0.12815715622076707 0.026322514694607717 0.10664172123479888
0 0.725019166879632 0.13376987839101964 0.0301558906210069 0.1403180542563143
0 0.7496805520061334 0.13564078578110383 0.026833631484794274 0.09354536950420954
0 0.782392026578073 0.12394761459307764 0.048811653462816254 0.16744621141253507
0 0.8350370559672885 0.13938260056127222 0.029900332225913623 0.13096351730589337
0 0.8952210580117557 0.15014031805425632 0.0434449271658574 0.17118802619270346
0 0.9240991566572961 0.14733395696913001 0.026578073089700997 0.0832553788587465
0 0.9518272425249169 0.16230121608980355 0.04114490161001789 0.1412535079513564
0 0.9496549961666241 0.8578110383536015 0.030667007411193457 0.10851262862488306
