0 0.27167973390354005 0.5391156462585034 0.025421715371822286 0.08673469387755102
0 0.6249703017343787 0.1875 0.020669992872416252 0.08078231292517007
0 0.8660014255167499 0.8737244897959183 0.027559990496555 0.09098639455782313
0 0.8373722974578285 0.1828231292517007 0.020194820622475646 0.07653061224489796
0 0.3524590163934426 0.5348639455782312 0.019719648372535044 0.07482993197278912
0 0.8578047042052744 0.5204081632653061 0.014492753623188406 0.05782312925170068
0 0.863031598954621 0.18452380952380953 0.020194820622475646 0.08503401360544217
0 0.5719885958660014 0.179421768707483 0.020194820622475646 0.0663265306122449
0 0.3403421240199572 0.1828231292517007 0.020669992872416252 0.06462585034013606
0 0.8856022808267997 0.5289115646258503 0.01496792587312901 0.05782312925170068
0 0.5105725825611784 0.530187074829932 0.0137799952482775 0.05187074829931973
0 0.08600617723924923 0.5412414965986394 0.01948206224756474 0.07397959183673469
0 0.455096222380613 0.5425170068027211 0.020194820622475646 0.06972789115646258
0 0.04252791636968401 0.19812925170068027 0.01805654549774293 0.06972789115646258
0 0.2568306010928962 0.19472789115646258 0.016155856497980518 0.05102040816326531
0 0.5200760275599905 0.1840986394557823 0.01900688999762414 0.070578231292517
0 0.5633167023045854 0.5297619047619048 0.013304822998336897 0.05102040816326531
0 0.30304110239961984 0.5284863945578231 0.015443098123069612 0.045068027210884355
0 0.0877880731765265 0.8954081632653061 0.01496792587312901 0.05102040816326531
0 0.3010216203373723 0.8937074829931972 0.0137799952482775 0.0663265306122449
0 0.7605131860299359 0.8805272108843537 0.016155856497980518 0.05187074829931973
0 0.8894036588263246 0.1798469387755102 0.016868614872891423 0.05357142857142857
0 0.7808267997148967 0.17559523809523808 0.015443098123069612 0.05357142857142857
0 0.5985982418626752 0.8788265306122449 0.016868614872891423 0.06377551020408163
0 0.2770254217153718 0.8818027210884354 0.012829650748396294 0.04591836734693878
0 0.05702066999287242 0.1985544217687075 0.013304822998336897 0.06377551020408163
0 0.4668567355666429 0.8784013605442177 0.010453789498693276 0.047619047619047616
0 0.32608695652173914 0.5352891156462585 0.01496792587312901 0.04336734693877551
0 0.7890235210263721 0.8928571428571429 0.009978617248752673 0.05102040816326531
0 0.8313138512710858 0.5174319727891157 0.008077928248990259 0.03486394557823129
0 0.8121881682109765 0.17814625850340135 0.012116892373485389 0.041666666666666664
0 0.9327631266334047 0.51828231292517 0.011404133998574484 0.041666666666666664
0 0.1956521739130435 0.5420918367346939 0.009265858873841768 0.03486394557823129
0 0.14445236398194344 0.8958333333333334 0.012829650748396294 0.045068027210884355
0 0.16666666666666666 0.5391156462585034 0.012592064623425991 0.04591836734693878
0 0.4117367545735329 0.179421768707483 0.014255167498218105 0.03571428571428571
0 0.5699691138037538 0.8741496598639455 0.009978617248752673 0.030612244897959183
0 0.9206462342599192 0.8903061224489796 0.008553100498930863 0.03741496598639456
0 0.4107864100736517 0.8809523809523809 0.010453789498693276 0.027210884353741496
0 0.06557377049180328 0.8928571428571429 0.01092896174863388 0.03741496598639456
0 0.0754335946780708 0.19387755102040816 0.006414825374198147 0.03571428571428571
0 0.6511047754811119 0.18452380952380953 0.007365169874079354 0.022108843537414966
0 0.5399144689950107 0.5310374149659864 0.006414825374198147 0.026360544217687076
0 0.43098123069612737 0.5374149659863946 0.008077928248990259 0.022108843537414966
0 0.374792112140651 0.9124149659863946 0.007365169874079354 0.01870748299319728
0 0.8136136849607983 0.8758503401360545 0.00688999762413875 0.022108843537414966
0 0.9539082917557614 0.8928571428571429 0.008077928248990259 0.027210884353741496
