0 0.08367822038282463 0.11589403973509933 0.022503879979306775 0.08987701040681173
0 0.8362648732540093 0.6026490066225165 0.022762545266425245 0.08514664143803216
0 0.11303673047077083 0.12724692526017028 0.027418520434557683 0.08420056764427625
0 0.2836264873254009 0.8666035950804163 0.020434557682359026 0.07947019867549669
0 0.4243404035178479 0.8973509933774835 0.0173305742369374 0.07095553453169347
0 0.8833419555095706 0.2620624408703879 0.01758923952405587 0.06811731315042574
0 0.8006983962752199 0.5983916745506149 0.014743921365752716 0.059602649006622516
0 0.8585100879461977 0.6111636707663197 0.01810657009829281 0.0586565752128666
0 0.7456026901189861 0.9503311258278145 0.01784790481117434 0.07095553453169347
0 0.6978789446456286 0.22894985808893092 0.01189860320744956 0.0510879848628193
0 0.6699430936368339 0.5804162724692526 0.02017589239524056 0.05581835383159887
0 0.07837558199689601 0.8311258278145696 0.00982928091050181 0.05581835383159887
0 0.5673823072943611 0.2076631977294229 0.014226590791515779 0.046357615894039736
0 0.21831350232798757 0.1532639545884579 0.018623900672529746 0.07190160832544938
0 0.7838851526125195 0.24266792809839166 0.020434557682359026 0.065279091769158
0 0.9049405069839628 0.6239356669820246 0.01784790481117434 0.059602649006622516
0 0.2714692188308329 0.15468306527909176 0.01784790481117434 0.06149479659413434
0 0.5940248318675634 0.5577105014191107 0.018365235385411276 0.06717123935666983
0 0.7225814795654423 0.5936613055818354 0.01784790481117434 0.06338694418164617
0 0.3269529229177444 0.1750236518448439 0.015002586652871184 0.07000946073793755
0 0.8367822038282462 0.2554399243140965 0.014485256078634247 0.06622516556291391
0 0.35178479048111744 0.15657521286660359 0.012933264355923435 0.05581835383159887
0 0.4046818416968443 0.18211920529801323 0.013709260217278842 0.04446546830652791
0 0.46016554578375585 0.1816461684011353 0.01396792550439731 0.05487228003784295
0 0.25090532850491465 0.8684957426679281 0.010863942058975685 0.043519394512771994
0 0.24275737196068287 0.1466414380321665 0.016295913088463527 0.05676442762535478
0 0.75 0.23746452223273415 0.012674599068804967 0.04541154210028382
0 0.6871443352302121 0.9280983916745507 0.014226590791515779 0.04730368968779565
0 0.9372736678737713 0.27341532639545885 0.01991722710812209 0.0586565752128666
0 0.5570356958096223 0.9063386944181646 0.020951888256595965 0.06054872280037843
0 0.3490688049663735 0.5260170293282876 0.012674599068804967 0.02838221381267739
0 0.1629591308846353 0.1348155156102176 0.007759958613554061 0.04068117313150426
0 0.6174340403517848 0.5700094607379376 0.008277289187790998 0.04257332071901608
0 0.5924728401448526 0.21144749290444656 0.014743921365752716 0.048249763481551564
0 0.433781686497672 0.1859035004730369 0.011381272633212623 0.048249763481551564
0 0.1814536989136058 0.14711447492904448 0.011122607346094155 0.04257332071901608
0 0.6178220382824625 0.21050141911069065 0.011122607346094155 0.036896877956480605
0 0.3867046042421107 0.881267738883633 0.00982928091050181 0.050141911069063384
0 0.29500775995861356 0.510879848628193 0.006466632177961717 0.02838221381267739
0 0.46883083290222455 0.9077578051087984 0.01991722710812209 0.05392620624408704
0 0.0508277289187791 0.12298959318826869 0.00801862390067253 0.030274361400189215
0 0.2652612519399897 0.5089877010406811 0.011639937920331092 0.020813623462630087
0 0.5387997930677703 0.5572374645222328 0.006207966890843249 0.030274361400189215
0 0.7184428349715468 0.924787133396405 0.02612519399896534 0.09176915799432356
0 0.10010346611484738 0.49053926206244086 0.012415933781686497 0.05203405865657521
0 0.8444128297982411 0.8897824030274362 0.020951888256595965 0.07095553453169347
0 0.1148473874806001 0.8491012298959318 0.007242628039317123 0.0293282876064333
0 0.22258147956544233 0.8557237464522233 0.014743921365752716 0.05581835383159887
0 0.6897309881013968 0.5808893093661306 0.00801862390067253 0.02838221381267739
0 0.7012415933781686 0.5681173131504257 0.006725297465080186 0.03122043519394513
0 0.5459130884635282 0.9139072847682119 0.006983962752198655 0.03595080416272469
0 0.4024831867563373 0.5368968779564806 0.005690636316606311 0.019867549668874173
0 0.21301086394205898 0.4210028382213813 0.006466632177961717 0.020813623462630087
