0 0.6989276139410188 0.4944331983805668 0.024664879356568366 0.1062753036437247
0 0.6789544235924933 0.8314777327935222 0.028150134048257374 0.11032388663967611
0 0.20482573726541556 0.8324898785425101 0.021447721179624665 0.10222672064777327
0 0.5371313672922252 0.8431174089068826 0.02225201072386059 0.09919028340080972
0 0.6746648793565684 0.5035425101214575 0.02707774798927614 0.11437246963562753
0 0.49624664879356567 0.4817813765182186 0.032171581769437 0.13157894736842105
0 0.8373994638069705 0.8415991902834008 0.02868632707774799 0.11032388663967611
0 0.3087131367292225 0.8481781376518218 0.030831099195710455 0.12550607287449392
0 0.8294906166219839 0.15384615384615385 0.03646112600536193 0.1680161943319838
0 0.04436997319034853 0.8107287449392713 0.03136729222520107 0.13562753036437247
0 0.9179624664879357 0.5121457489878543 0.024128686327077747 0.10121457489878542
0 0.8806970509383378 0.8512145748987854 0.024664879356568366 0.1214574898785425
0 0.22680965147453083 0.8243927125506073 0.02198391420911528 0.08198380566801619
0 0.15067024128686327 0.8178137651821862 0.030026809651474532 0.12753036437246965
0 0.7802949061662199 0.4979757085020243 0.04423592493297587 0.17813765182186234
0 0.20469168900804288 0.46305668016194335 0.01742627345844504 0.08198380566801619
0 0.16152815013404825 0.14068825910931174 0.029222520107238605 0.10728744939271255
0 0.6247989276139411 0.4974696356275304 0.03458445040214477 0.1325910931174089
0 0.6223860589812332 0.8451417004048583 0.032975871313672925 0.1417004048582996
0 0.8887399463806971 0.47368421052631576 0.04664879356568365 0.16194331983805668
0 0.4148793565683646 0.14423076923076922 0.032975871313672925 0.1548582995951417
0 0.8597855227882037 0.5086032388663968 0.024128686327077747 0.09615384615384616
0 0.439142091152815 0.8228744939271255 0.033780160857908845 0.11740890688259109
0 0.5050938337801608 0.14119433198380565 0.035924932975871314 0.13866396761133604
0 0.5191689008042896 0.8314777327935222 0.021179624664879357 0.0840080971659919
0 0.7018766756032172 0.14827935222672065 0.028954423592493297 0.14676113360323886
0 0.0903485254691689 0.8248987854251012 0.030563002680965148 0.1396761133603239
0 0.467828418230563 0.13309716599190283 0.028954423592493297 0.11437246963562753
0 0.7270777479892762 0.15030364372469635 0.031099195710455763 0.16700404858299595
0 0.07171581769436998 0.46558704453441296 0.02707774798927614 0.10323886639676114
0 0.9398123324396783 0.17257085020242915 0.051742627345844505 0.201417004048583
0 0.5306970509383379 0.3001012145748988 0.03833780160857909 0.1325910931174089
0 0.6455764075067024 0.14119433198380565 0.025737265415549597 0.12246963562753037
0 0.07613941018766757 0.14625506072874495 0.032171581769437 0.10425101214574899
0 0.9443699731903485 0.8284412955465587 0.029222520107238605 0.13663967611336034
0 0.5920911528150135 0.14777327935222673 0.05013404825737265 0.20445344129554655
0 0.7691689008042896 0.14018218623481782 0.05630026809651475 0.21761133603238866
0 0.6695710455764075 0.1341093117408907 0.04423592493297587 0.19939271255060728
0 0.11849865951742627 0.8203441295546559 0.040214477211796246 0.12246963562753037
0 0.8880697050938338 0.14726720647773278 0.05227882037533512 0.21558704453441296
0 0.8008042895442359 0.1584008097165992 0.02091152815013405 0.07388663967611336
0 0.750804289544236 0.1361336032388664 0.020107238605898123 0.07186234817813765
0 0.9146112600536193 0.12398785425101215 0.023324396782841823 0.12246963562753037
0 0.38994638069705095 0.16143724696356276 0.010455764075067025 0.057692307692307696
0 0.3403485254691689 0.48633603238866396 0.014209115281501341 0.08198380566801619
0 0.6567024128686327 0.8385627530364372 0.013672922252010724 0.05161943319838057
0 0.8132707774798927 0.8461538461538461 0.016353887399463807 0.05060728744939271
0 0.8646112600536193 0.8350202429149798 0.015549597855227882 0.0708502024291498
