0 0.031856713152857534 0.4922089825847846 0.029258955427946404 0.10632447296058661
0 0.26811594202898553 0.15902841429880843 0.016680339075745145 0.05591200733272227
0 0.6914137270987148 0.44683776351970667 0.017774131802023516 0.06507791017415215
0 0.5205086136177195 0.4596700274977085 0.019961717254580257 0.06507791017415215
0 0.09064807219031994 0.8483043079743354 0.017774131802023516 0.06691109074243813
0 0.06494394312277824 0.48716773602199814 0.016680339075745145 0.076076993583868
0 0.520782061799289 0.1306141154903758 0.0330872299699207 0.08890925756186985
0 0.4089417555373257 0.8414298808432631 0.019961717254580257 0.07516040329972502
0 0.8342904019688269 0.43492208982584785 0.015313098167897183 0.044912923923006415
0 0.7234071643423571 0.7978918423464711 0.017774131802023516 0.05591200733272227
0 0.6661197703035275 0.8175985334555453 0.018594476346732294 0.06232813932172319
0 0.6595570139458573 0.44454628780934924 0.024063439978124147 0.06416131989000917
0 0.26592835657642877 0.4688359303391384 0.017774131802023516 0.06507791017415215
0 0.8053048947224501 0.4427131072410632 0.013125512715340444 0.04949587534372136
0 0.14779874213836477 0.4821264894592117 0.016680339075745145 0.051329055912007336
0 0.44011484823625924 0.47204399633363886 0.02378999179655455 0.08065994500458296
0 0.18115942028985507 0.4775435380384968 0.016680339075745145 0.06966086159486709
0 0.5756084222039923 0.4555453712190651 0.012578616352201259 0.04216315307057745
0 0.7493847415914684 0.4454628780934922 0.017774131802023516 0.06232813932172319
0 0.9263057150669948 0.7923923006416131 0.017227235438884332 0.04857928505957837
0 0.5490839485917418 0.4615032080659945 0.012031719989062073 0.03758020164986251
0 0.3809133169264424 0.46471127406049495 0.02461033634126333 0.06232813932172319
0 0.12387202625102543 0.48854262144821264 0.021875854525567406 0.06966086159486709
0 0.9442165709598032 0.11182401466544455 0.01585999453103637 0.04032997250229148
0 0.44066174459939844 0.13153070577451878 0.019414820891441073 0.06691109074243813
0 0.2936833470057424 0.4702108157653529 0.015313098167897183 0.054995417048579284
0 0.35097074104457204 0.47433547204399634 0.017774131802023516 0.05774518790100825
0 0.32130161334427126 0.847846012832264 0.01585999453103637 0.05316223648029331
0 0.09625375991249659 0.15582034830430797 0.014766201804757998 0.05316223648029331
0 0.1509433962264151 0.1613198900091659 0.015313098167897183 0.04216315307057745
0 0.03336067815149029 0.1599450045829514 0.014766201804757998 0.05591200733272227
0 0.7772764561115668 0.44317140238313474 0.010117582718074924 0.035747021081576534
0 0.6955154498222587 0.8153070577451879 0.01394585726004922 0.044912923923006415
0 0.3803664205633033 0.8409715857011916 0.015313098167897183 0.04857928505957837
0 0.06535411539513263 0.15719523373052247 0.012578616352201259 0.04674610449129239
0 0.005058791359037462 0.499083409715857 0.010117582718074924 0.044912923923006415
0 0.35138091331692645 0.843263061411549 0.014766201804757998 0.043996333638863426
0 0.839622641509434 0.7974335472043996 0.013398960896910036 0.04032997250229148
0 0.3836477987421384 0.14207149404216315 0.013125512715340444 0.04032997250229148
0 0.2935466229149576 0.8510540788267644 0.01066447908121411 0.03391384051329056
0 0.04799015586546349 0.1599450045829514 0.013398960896910036 0.044912923923006415
0 0.20467596390484002 0.4835013748854262 0.01066447908121411 0.03758020164986251
0 0.20741044572053596 0.8524289642529789 0.013398960896910036 0.043996333638863426
0 0.2912223133716161 0.14298808432630614 0.009844134536505332 0.031164069660861594
0 0.12469237079573421 0.15811182401466545 0.009297238173366147 0.026581118240146653
0 0.8955427946404156 0.44362969752520626 0.006015859994531037 0.02383134738771769
0 0.8121410992616899 0.807057745187901 0.006562756357670222 0.02474793767186068
