0 0.5935474781628628 0.160075329566855 0.029022259791490562 0.0903954802259887
0 0.43026204564666104 0.5032956685499058 0.0338123415046492 0.12900188323917136
0 0.08988447449985912 0.4439736346516008 0.032685263454494226 0.10828625235404897
0 0.3067061143984221 0.13983050847457626 0.03747534516765286 0.13465160075329566
0 0.6783601014370245 0.1812617702448211 0.040293040293040296 0.11016949152542373
0 0.9120879120879121 0.1977401129943503 0.032121724429416736 0.11487758945386065
0 0.6985066215835447 0.8865348399246704 0.0338123415046492 0.10828625235404897
0 0.5212735981966751 0.5131826741996234 0.03663003663003663 0.12429378531073447
0 0.945054945054945 0.21092278719397364 0.027613412228796843 0.08851224105461393
0 0.6355311355311355 0.8728813559322034 0.040293040293040296 0.12617702448210924
0 0.45069033530571995 0.1553672316384181 0.027895181741335588 0.096045197740113
0 0.39391377852916315 0.1384180790960452 0.027613412228796843 0.096045197740113
0 0.5701606086221471 0.1596045197740113 0.023950408565793183 0.08380414312617702
0 0.18019160326852635 0.4665725047080979 0.021696252465483234 0.06685499058380415
0 0.7297830374753451 0.8940677966101694 0.03663003663003663 0.1440677966101695
0 0.9013806706114399 0.9119585687382298 0.022541561003099463 0.06685499058380415
0 0.7709213863060017 0.18879472693032015 0.016342631727247113 0.07062146892655367
0 0.7996618765849535 0.18361581920903955 0.02479571710340941 0.07156308851224105
0 0.1073541842772612 0.12099811676082863 0.04677373908143139 0.15725047080979285
0 0.4239222316145393 0.1497175141242938 0.035221189067342916 0.11864406779661017
0 0.04156100309946464 0.09133709981167608 0.03296703296703297 0.09227871939736347
0 0.7231614539306847 0.5536723163841808 0.0273316427162581 0.1016949152542373
0 0.6453930684699916 0.1756120527306968 0.04367427444350521 0.1591337099811676
0 0.5729783037475346 0.5235404896421846 0.034657650042265425 0.16760828625235405
0 0.3400958016342632 0.8545197740112994 0.05635390250774866 0.17796610169491525
0 0.6122851507466892 0.5169491525423728 0.0462102000563539 0.2033898305084746
0 0.363905325443787 0.128060263653484 0.0357847280924204 0.11487758945386065
0 0.9295576218653142 0.5673258003766478 0.05409974640743871 0.1817325800376648
0 0.7541561003099465 0.5301318267419962 0.054945054945054944 0.1902071563088512
0 0.6098901098901099 0.8639359698681732 0.016060862214708368 0.05555555555555555
0 0.13975767821921667 0.11440677966101695 0.015779092702169626 0.044256120527306965
0 0.2803606649760496 0.12994350282485875 0.016342631727247113 0.064030131826742
0 0.46534234995773455 0.15207156308851225 0.012116089039165962 0.06685499058380415
0 0.7397858551704706 0.18785310734463276 0.015497323189630883 0.05367231638418079
0 0.47647224570301494 0.4011299435028249 0.013524936601859678 0.04896421845574388
0 0.4050436742744435 0.8451035781544256 0.009298393913778529 0.051789077212806026
0 0.5507185122569738 0.8554613935969868 0.018878557340095803 0.06685499058380415
0 0.6104536489151874 0.8959510357815442 0.017187940264863342 0.051789077212806026
0 0.9611158072696534 0.9152542372881356 0.0253592561284869 0.06779661016949153
