0 0.0704345703125 0.14209225700164746 0.068115234375 0.21334431630971992
0 0.0894775390625 0.14044481054365734 0.012451171875 0.05683690280065898
0 0.1015625 0.14662273476112025 0.0166015625 0.0642504118616145
0 0.1297607421875 0.14373970345963757 0.035400390625 0.11449752883031301
0 0.205810546875 0.15485996705107083 0.01708984375 0.0757825370675453
0 0.233154296875 0.14785831960461285 0.0380859375 0.1441515650741351
0 0.26708984375 0.14744645799011533 0.03515625 0.128500823723229
0 0.318359375 0.16227347611202636 0.03466796875 0.12026359143327842
0 0.422607421875 0.16515650741350907 0.03515625 0.12273476112026359
0 0.4481201171875 0.16021416803953872 0.030029296875 0.12273476112026359
0 0.5006103515625 0.16392092257001648 0.032958984375 0.1186161449752883
0 0.466064453125 0.7742998352553542 0.0302734375 0.1186161449752883
0 0.4384765625 0.7854200988467874 0.0302734375 0.09308072487644152
0 0.3330078125 0.4802306425041186 0.03173828125 0.12520593080724876
0 0.30078125 0.48805601317957165 0.0322265625 0.09637561779242175
0 0.2498779296875 0.46375617792421747 0.038330078125 0.14662273476112025
0 0.2213134765625 0.46334431630971995 0.031005859375 0.11120263591433278
0 0.1912841796875 0.4686985172981878 0.028564453125 0.10873146622734761
0 0.2728271484375 0.7899505766062603 0.010009765625 0.07248764415156507
0 0.08544921875 0.7705930807248764 0.03662109375 0.13097199341021418
0 0.055419921875 0.7780065897858319 0.03857421875 0.11449752883031301
0 0.0606689453125 0.46087314662273476 0.038818359375 0.12108731466227347
0 0.1080322265625 0.4645799011532125 0.026123046875 0.08896210873146623
0 0.1400146484375 0.4715815485996705 0.022216796875 0.07495881383855024
0 0.1654052734375 0.47817133443163096 0.017822265625 0.06672158154859967
0 0.582763671875 0.17092257001647446 0.01171875 0.04365733113673806
0 0.6376953125 0.16227347611202636 0.02587890625 0.08896210873146623
0 0.6856689453125 0.18698517298187808 0.016357421875 0.04942339373970346
0 0.716796875 0.17339373970345964 0.0107421875 0.048599670510708404
0 0.742919921875 0.18492586490939045 0.01416015625 0.04036243822075782
0 0.8291015625 0.1799835255354201 0.01513671875 0.051894563426688634
0 0.96142578125 0.19522240527182866 0.02294921875 0.07907742998352553
0 0.9503173828125 0.49876441515650743 0.024658203125 0.09637561779242175
0 0.927001953125 0.5020593080724877 0.0283203125 0.11449752883031301
0 0.873291015625 0.492174629324547 0.02294921875 0.07660626029654036
0 0.8447265625 0.49341021416803954 0.02001953125 0.05601317957166392
0 0.819580078125 0.49341021416803954 0.021484375 0.085667215815486
0 0.8560791015625 0.8274299835255354 0.011474609375 0.042009884678747944
0 0.7032470703125 0.4748764415156507 0.014404296875 0.06342668863261944
0 0.6810302734375 0.4995881383855025 0.030029296875 0.09802306425041186
0 0.652099609375 0.4958813838550247 0.0302734375 0.1070840197693575
0 0.627197265625 0.492998352553542 0.01123046875 0.042009884678747944
0 0.5999755859375 0.4925864909390445 0.025634765625 0.08731466227347612
0 0.570556640625 0.4925864909390445 0.0224609375 0.07084019769357495
0 0.5447998046875 0.4897034596375618 0.031982421875 0.11779242174629324
0 0.8016357421875 0.18327841845140033 0.011474609375 0.018945634266886325
