0 0.9187120612298759 0.790720631786772 0.02058590657165479 0.0769990128331688
0 0.6437054631828979 0.8134254689042448 0.014251781472684086 0.059230009871668314
0 0.6664027447875429 0.8094768015794669 0.01741884402216944 0.07502467917077986
0 0.44536817102137766 0.16979269496544916 0.019266297176035892 0.0769990128331688
0 0.29229348112958564 0.5123395853899309 0.0166270783847981 0.06515301085883514
0 0.9290050145157034 0.48420533070088845 0.01583531274742676 0.05231984205330701
0 0.12575877540248087 0.5241855873642646 0.0166270783847981 0.06515301085883514
0 0.8597255212457112 0.7922013820335637 0.01609923462655054 0.060217176702862786
0 0.13974663499604117 0.17769002961500494 0.013987859593560307 0.05330700888450148
0 0.6497756664027448 0.4945705824284304 0.01741884402216944 0.06910167818361303
0 0.20981789390340458 0.5301085883514314 0.014251781472684086 0.05330700888450148
0 0.07112694642385854 0.5138203356367226 0.02190551596727369 0.06416584402764067
0 0.6909474795460544 0.14363277393879564 0.015307468989179203 0.05231984205330701
0 0.5881499076273423 0.8104639684106614 0.01609923462655054 0.04738400789733465
0 0.0868302982317234 0.8346495557749259 0.01741884402216944 0.06416584402764067
0 0.37820005278437585 0.5148075024679171 0.012668250197941409 0.05231984205330701
0 0.5579308524676696 0.8149062191510366 0.01583531274742676 0.04837117472852912
0 0.4195038268672473 0.8193484698914116 0.01609923462655054 0.055281342546890426
0 0.8411190287674848 0.4856860809476802 0.011612562681446292 0.045409674234945706
0 0.6777513855898654 0.491609081934847 0.01214040643969385 0.05330700888450148
0 0.5321984692531011 0.8134254689042448 0.017154922143045658 0.05330700888450148
0 0.4142253892847717 0.18213228035538007 0.013460015835312747 0.05231984205330701
0 0.11322248614410134 0.8385982230997039 0.01741884402216944 0.050345508390918066
0 0.060174188440221696 0.17374136229022705 0.021641594088149908 0.07502467917077986
0 0.6247030878859857 0.501974333662389 0.012668250197941409 0.050345508390918066
0 0.4032726313011349 0.516781836130306 0.012668250197941409 0.050345508390918066
0 0.2531010820797044 0.8316880552813426 0.012668250197941409 0.04837117472852912
0 0.5117445236210082 0.5034550839091807 0.014779625230931645 0.05330700888450148
0 0.18368962787015045 0.5222112537018756 0.01214040643969385 0.05330700888450148
0 0.9448403272631302 0.7892398815399803 0.009501187648456057 0.0384995064165844
0 0.4383742412245975 0.5157946692991116 0.011612562681446292 0.05231984205330701
0 0.8322776458168382 0.7941757156959526 0.009765109527579837 0.040473840078973346
0 0.5306149379783585 0.1510365251727542 0.018738453417788334 0.06712734452122408
0 0.7235418316178411 0.8070088845014808 0.0166270783847981 0.050345508390918066
0 0.367247294800739 0.17226061204343535 0.012932172077065188 0.05231984205330701
0 0.7714436526788071 0.14659427443237907 0.011084718923198733 0.0384995064165844
0 0.3925837951966218 0.8213228035538006 0.013460015835312747 0.04738400789733465
0 0.5395882818685669 0.506416584402764 0.009765109527579837 0.035538005923000986
0 0.5836632356822381 0.14708785784797632 0.010820797044074954 0.045409674234945706
0 0.08854579044602798 0.17818361303060218 0.0166270783847981 0.06416584402764067
