0 0.9358936484490399 0.8764832793959008 0.024815361890694238 0.10032362459546926
0 0.7187592319054653 0.8403451995685005 0.02776957163958641 0.12513484358144553
0 0.8847858197932054 0.8678532901833873 0.03190546528803545 0.09385113268608414
0 0.2735598227474151 0.42179072276159657 0.028360413589364846 0.09924487594390508
0 0.3744460856720827 0.8025889967637541 0.025110782865583457 0.09492988133764833
0 0.13382570162481536 0.7874865156418555 0.024224519940915804 0.09277238403451996
0 0.7132939438700148 0.14023732470334413 0.028064992614475627 0.10571736785329018
0 0.63397341211226 0.1272923408845739 0.027178729689807977 0.1186623516720604
0 0.3023633677991137 0.42718446601941745 0.023929098966026588 0.07766990291262135
0 0.7641063515509601 0.15372168284789645 0.020974889217134418 0.07227615965480043
0 0.10457902511078286 0.7804746494066882 0.03131462333825702 0.11326860841423948
0 0.6066469719350074 0.12837108953613807 0.029246676514032496 0.12297734627831715
0 0.9639586410635155 0.8818770226537217 0.028360413589364846 0.1262135922330097
0 0.4088626292466765 0.4406688241639698 0.01949778434268833 0.07227615965480043
0 0.7700147710487445 0.8532901833872708 0.02274741506646972 0.07119741100323625
0 0.6624815361890695 0.470873786407767 0.01861152141802068 0.05285868392664509
0 0.30974889217134416 0.09762675296655879 0.020974889217134418 0.06580366774541532
0 0.15672082717872968 0.7874865156418555 0.016838995568685376 0.08198489751887811
0 0.6327917282127031 0.48705501618122976 0.01949778434268833 0.07011866235167206
0 0.6875923190546529 0.4746494066882416 0.01742983751846381 0.06472491909385113
0 0.7413589364844904 0.14347357065803668 0.024519940915805023 0.0970873786407767
0 0.4395864106351551 0.43581445523193096 0.01654357459379616 0.06256742179072276
0 0.24372230428360414 0.7918015102481122 0.011225997045790252 0.05177993527508091
0 0.05036927621861152 0.7621359223300971 0.01447562776957164 0.05717367853290183
0 0.3556868537666174 0.43797195253505933 0.01772525849335303 0.07335490830636461
0 0.7423929098966027 0.8473570658036678 0.02186115214180207 0.07874865156418555
0 0.3001477104874446 0.7944983818770227 0.011816838995568686 0.03559870550161812
0 0.049778434268833084 0.4034519956850054 0.009158050221565732 0.045307443365695796
0 0.8511078286558346 0.5064724919093851 0.01536189069423929 0.05717367853290183
0 0.9360413589364844 0.5269687162891047 0.013884785819793206 0.04422869471413161
0 0.27296898079763665 0.7874865156418555 0.008862629246676515 0.030204962243797196
0 0.8834564254062038 0.5188781014023732 0.01742983751846381 0.04746494066882417
0 0.6007385524372231 0.4811218985976268 0.01447562776957164 0.045307443365695796
0 0.5729689807976366 0.4670981661272923 0.005022156573116691 0.023732470334412083
0 0.21447562776957163 0.785329018338727 0.0035450516986706058 0.021574973031283712
