0 0.06301008161305809 0.0712290502793296 0.0300048007681229 0.12383612662942271
0 0.09085453672587614 0.09543761638733705 0.017522803648583773 0.07541899441340782
0 0.10837734037445991 0.1005586592178771 0.025204032645223237 0.10986964618249534
0 0.3570571291406625 0.10614525139664804 0.03384541526644263 0.13966480446927373
0 0.3844215074411906 0.11126629422718808 0.010801728276524244 0.051210428305400374
0 0.3580172827652424 0.48091247672253257 0.03336533845415266 0.10521415270018622
0 0.328372539606337 0.4860335195530726 0.03504560729716755 0.15828677839851024
0 0.1158185309649544 0.45996275605214154 0.04056649063850216 0.19553072625698323
0 0.08581373019683149 0.4655493482309125 0.022323571771483437 0.15083798882681565
0 0.0400864138262122 0.462756052141527 0.05232837253960634 0.18994413407821228
0 0.05496879500720115 0.3854748603351955 0.016802688430148822 0.0670391061452514
0 0.03132501200192031 0.845437616387337 0.012241958713394143 0.03910614525139665
0 0.05460873739798368 0.8491620111731844 0.014642342774843975 0.03910614525139665
0 0.08461353816610657 0.8426443202979516 0.029524723955832933 0.09124767225325885
0 0.13562169947191552 0.8482309124767226 0.018242918867018725 0.0633147113594041
0 0.18795007201152183 0.8491620111731844 0.020163226116178587 0.09683426443202979
0 0.2142342774843975 0.8477653631284916 0.031925108017282766 0.09962756052141528
0 0.2427988478156505 0.861266294227188 0.017522803648583773 0.054003724394785846
0 0.2576812289966395 0.8435754189944135 0.013682189150264042 0.0595903165735568
0 0.2954872779644743 0.8570763500931099 0.009121459433509362 0.036312849162011177
0 0.32501200192030727 0.8547486033519553 0.01632261161785886 0.0670391061452514
0 0.35045607297167547 0.8584729981378026 0.022083533365338453 0.074487895716946
0 0.37313970235237637 0.8589385474860335 0.023763802208353335 0.08845437616387337
0 0.4027844455112818 0.8738361266294227 0.007681228996639462 0.051210428305400374
0 0.5416466634661545 0.12802607076350092 0.028084493518963034 0.12011173184357542
0 0.6194191070571291 0.15456238361266295 0.0328852616418627 0.1191806331471136
0 0.6506240998559769 0.13500931098696461 0.030484877580412868 0.1378026070763501
0 0.6763082093134901 0.14432029795158285 0.022803648583773404 0.10614525139664804
0 0.7030724915986558 0.14664804469273743 0.024483917426788286 0.10521415270018622
0 0.7309169467114738 0.15083798882681565 0.02400384061449832 0.1005586592178771
0 0.7593614978396543 0.15828677839851024 0.03384541526644263 0.1266294227188082
0 0.7868458953432549 0.1457169459962756 0.03600576092174748 0.14990689013035383
0 0.8905424867978876 0.16294227188081936 0.025924147863658185 0.1042830540037244
0 0.9137061929908785 0.16992551210428306 0.022803648583773404 0.10893854748603352
0 0.5942150744119059 0.5074487895716946 0.0400864138262122 0.15828677839851024
0 0.5374459913586174 0.8812849162011173 0.01872299567930869 0.08472998137802606
0 0.6230196831493039 0.5297951582867784 0.023763802208353335 0.09683426443202979
0 0.6544647143542967 0.5204841713221602 0.0314450312049928 0.13221601489757914
0 0.6790686509841575 0.5167597765363129 0.020643302928468554 0.10986964618249534
0 0.7030724915986558 0.5321229050279329 0.025924147863658185 0.09962756052141528
0 0.693831012962074 0.8845437616387337 0.017042726836293806 0.08193668528864059
0 0.7990878540566491 0.9003724394785847 0.02112337974075852 0.09683426443202979
0 0.8542966874699952 0.910148975791434 0.02256361017762842 0.09590316573556797
0 0.8838214114258282 0.9073556797020484 0.01344215074411906 0.05493482309124767
0 0.8988238118098896 0.8938547486033519 0.004560729716754681 0.04283054003724395
0 0.9054248679788767 0.5488826815642458 0.01584253480556889 0.07914338919925512
0 0.8886221795487278 0.5335195530726257 0.03504560729716755 0.13966480446927373
0 0.8601776284205472 0.5363128491620112 0.016082573211713875 0.07076350093109869
0 0.8127700432069132 0.5260707635009311 0.04224675948151704 0.148975791433892
0 0.7803648583773404 0.5246741154562383 0.019203072491598656 0.09776536312849161
