0 0.40741287655050207 0.4989733059548255 0.02746603662138216 0.12114989733059549
0 0.15741287655050207 0.10985626283367557 0.028942705256940343 0.0944558521560575
0 0.6797105729474306 0.1904517453798768 0.028647371529828707 0.09548254620123203
0 0.8492321323095098 0.20893223819301848 0.02746603662138216 0.10164271047227925
0 0.17203189604252805 0.8003080082135524 0.0245126993502658 0.08726899383983573
0 0.3797991730655641 0.13963039014373715 0.027761370348493797 0.10061601642710473
0 0.3155640874187832 0.8182751540041068 0.03396337861783816 0.11293634496919917
0 0.2997637330183107 0.4953798767967146 0.024808033077377438 0.10780287474332649
0 0.5732427643236858 0.18326488706365504 0.02362669816893089 0.08726899383983573
0 0.7562020082693444 0.209958932238193 0.0245126993502658 0.07494866529774127
0 0.4911399881866509 0.13552361396303902 0.03130537507383343 0.11088295687885011
0 0.2866213821618429 0.8223819301848049 0.022150029533372712 0.07186858316221766
0 0.20466627288836386 0.7987679671457906 0.02835203780271707 0.11088295687885011
0 0.03411104548139397 0.7813141683778234 0.02923803898405198 0.08829568788501027
0 0.9195215593620791 0.898870636550308 0.02510336680448907 0.06673511293634497
0 0.5344063792085056 0.8454825462012321 0.02982870643827525 0.09137577002053388
0 0.5599527466036621 0.8547227926078029 0.01831069108092144 0.06673511293634497
0 0.6256645008860012 0.18121149897330596 0.03219137625516834 0.13449691991786447
0 0.6261075014766686 0.528747433264887 0.019492025989367986 0.07186858316221766
0 0.10602480803307737 0.0959958932238193 0.025398700531600708 0.08726899383983573
0 0.8199940933254578 0.20174537987679672 0.031010041346721796 0.10369609856262833
0 0.0849084465445954 0.7915811088295688 0.018015357353809804 0.06570841889117043
0 0.8991435321913762 0.2299794661190965 0.026284701712935617 0.09034907597535935
0 0.23242764323685766 0.8028747433264887 0.03662138216184288 0.12320328542094455
0 0.5893384524512699 0.856776180698152 0.018606024808033077 0.07494866529774127
0 0.10484347312463083 0.4537987679671458 0.029533372711163616 0.10472279260780287
0 0.6705552274069698 0.8649897330595483 0.023331364441819255 0.0728952772073922
0 0.21972829297105728 0.07546201232032854 0.026580035440047254 0.12628336755646818
0 0.14353219137625517 0.803388090349076 0.012404016538688719 0.04209445585215606
0 0.21692262256349676 0.46560574948665295 0.030419373892498523 0.12012320328542095
0 0.6457471943295925 0.8690965092402464 0.026284701712935617 0.08726899383983573
0 0.9455109273479031 0.8957905544147844 0.01683402244536326 0.06878850102669405
0 0.9580626107501476 0.5739219712525667 0.01831069108092144 0.06776180698151951
0 0.8196987595983461 0.5508213552361396 0.015652687536916714 0.06262833675564682
0 0.43517424689899586 0.49794661190965095 0.02510336680448907 0.09240246406570841
0 0.4889249852333136 0.5051334702258727 0.026284701712935617 0.08213552361396304
0 0.8121677495569994 0.8762833675564682 0.019492025989367986 0.07700205338809035
0 0.706142941523922 0.20790554414784393 0.014176018901358535 0.050308008213552365
0 0.7336089781453042 0.1986652977412731 0.01535735380980508 0.058521560574948665
0 0.6941819255759007 0.8526694045174538 0.018015357353809804 0.0646817248459959
0 0.9274955699940933 0.23921971252566734 0.017424689899586534 0.059548254620123205
0 0.11547548730064973 0.797741273100616 0.02008269344359126 0.06776180698151951
0 0.07398109864146485 0.46098562628336753 0.02155936207914944 0.08213552361396304
0 0.5962787950383934 0.19917864476386038 0.011813349084465446 0.04722792607802875
0 0.6749852333136445 0.5446611909650924 0.012699350265800354 0.048254620123203286
0 0.1822209096278795 0.46560574948665295 0.01772002362669817 0.058521560574948665
0 0.245126993502658 0.47997946611909653 0.029533372711163616 0.11601642710472279
0 0.707767277023036 0.5451745379876797 0.010927347903130538 0.03490759753593429
0 0.1297991730655641 0.11704312114989733 0.022150029533372712 0.06776180698151951
0 0.5704370939161252 0.5261806981519507 0.009746012994683993 0.03182751540041068
0 0.869314825753101 0.23870636550308008 0.008564678086237449 0.027720739219712527
0 0.04178972238629652 0.4471252566735113 0.05463673951565269 0.1735112936344969
0 0.4273479031305375 0.15965092402464065 0.011222681630242174 0.02566735112936345
0 0.7350856467808624 0.5528747433264887 0.01004134672179563 0.033880903490759756
0 0.8700531600708801 0.8783367556468172 0.024808033077377438 0.07905544147843943
0 0.8391907855877141 0.8839835728952772 0.015062020082693443 0.03696098562628337
0 0.6168044890726521 0.8619096509240246 0.007383343177790904 0.023613963039014373
0 0.792971057294743 0.5595482546201233 0.01004134672179563 0.02053388090349076
