0 0.05308483290488432 0.10681399631675875 0.033161953727506424 0.13075506445672191
0 0.07480719794344473 0.10773480662983426 0.02673521850899743 0.09208103130755065
0 0.10501285347043701 0.09208103130755065 0.04087403598971722 0.14548802946593
0 0.09447300771208227 0.15469613259668508 0.012596401028277636 0.053406998158379376
0 0.13470437017994857 0.09990791896869244 0.021079691516709513 0.0856353591160221
0 0.219280205655527 0.11141804788213629 0.03598971722365039 0.15285451197053407
0 0.24832904884318766 0.10865561694290976 0.031362467866323906 0.1289134438305709
0 0.2730077120822622 0.12430939226519337 0.02879177377892031 0.11049723756906077
0 0.30218508997429305 0.10589318600368323 0.02904884318766067 0.10313075506445672
0 0.3294344473007712 0.11832412523020258 0.02853470437017995 0.11694290976058933
0 0.3615681233933162 0.11648250460405156 0.03419023136246787 0.1261510128913444
0 0.4107969151670951 0.1279926335174954 0.04010282776349614 0.16206261510128914
0 0.44575835475578407 0.13213627992633517 0.0390745501285347 0.15009208103130756
0 0.4982005141388175 0.1210865561694291 0.037532133676092545 0.1703499079189687
0 0.48059125964010285 0.19060773480662985 0.017737789203084834 0.06445672191528545
0 0.5517994858611825 0.14134438305709024 0.018251928020565553 0.0856353591160221
0 0.582133676092545 0.13075506445672191 0.032647814910025705 0.13812154696132597
0 0.6110539845758355 0.11924493554327809 0.02622107969151671 0.1408839779005525
0 0.6358611825192803 0.14226519337016574 0.02596401028277635 0.10957642725598526
0 0.6656812339331619 0.1270718232044199 0.038817480719794344 0.16574585635359115
0 0.7191516709511568 0.15009208103130756 0.030591259640102827 0.1270718232044199
0 0.7088688946015425 0.5009208103130756 0.02493573264781491 0.10128913443830571
0 0.6829048843187661 0.4852670349907919 0.03367609254498714 0.12338858195211787
0 0.5397172236503857 0.4889502762430939 0.032133676092544985 0.11970534069981584
0 0.4832904884318766 0.48480662983425415 0.030848329048843187 0.1132596685082873
0 0.4503856041131105 0.4843462246777164 0.02365038560411311 0.09760589318600368
0 0.39768637532133677 0.47605893186003684 0.02262210796915167 0.06998158379373849
0 0.3737789203084833 0.48020257826887663 0.02724935732647815 0.09300184162062615
0 0.34575835475578404 0.47744014732965007 0.0339331619537275 0.1151012891344383
0 0.2876606683804627 0.4705340699815838 0.02930591259640103 0.10313075506445672
0 0.17660668380462724 0.460865561694291 0.02313624678663239 0.08931860036832412
0 0.1512853470437018 0.46593001841620624 0.016195372750642673 0.0570902394106814
0 0.12056555269922879 0.45902394106814 0.02673521850899743 0.1003683241252302
0 0.09177377892030848 0.4438305709023941 0.02879177377892031 0.10681399631675875
0 0.05784061696658098 0.43462246777163904 0.027763496143958868 0.10497237569060773
0 0.037403598971722365 0.46685082872928174 0.010025706940874035 0.03867403314917127
0 0.12236503856041131 0.7988029465930019 0.037017994858611826 0.1151012891344383
0 0.06812339331619537 0.8066298342541437 0.016452442159383032 0.0570902394106814
0 0.04138817480719794 0.7983425414364641 0.02570694087403599 0.08103130755064457
0 0.23868894601542417 0.8139963167587477 0.02956298200514139 0.11786372007366483
0 0.26722365038560414 0.819060773480663 0.02596401028277635 0.1003683241252302
0 0.2934447300771208 0.8075506445672191 0.02596401028277635 0.0847145488029466
0 0.32197943444730076 0.8268876611418048 0.016195372750642673 0.055248618784530384
0 0.35179948586118254 0.819060773480663 0.028020565552699227 0.10220994475138122
0 0.3861182519280206 0.8268876611418048 0.01696658097686375 0.06077348066298342
0 0.4052699228791774 0.8268876611418048 0.02596401028277635 0.09392265193370165
0 0.46311053984575834 0.828268876611418 0.02493573264781491 0.08379373848987108
0 0.5755784061696658 0.8480662983425414 0.014395886889460155 0.0570902394106814
0 0.6077120822622109 0.828268876611418 0.02313624678663239 0.10220994475138122
0 0.6898457583547558 0.8406998158379374 0.02442159383033419 0.09760589318600368
0 0.7741645244215938 0.8595764272559853 0.013624678663239074 0.05432780847145488
0 0.7961439588688946 0.8522099447513812 0.02724935732647815 0.10405156537753223
0 0.9110539845758355 0.8572744014732965 0.02519280205655527 0.12338858195211787
0 0.12133676092544987 0.1358195211786372 0.016452442159383032 0.052486187845303865
