0 0.1794041450777202 0.5193726937269373 0.030310880829015546 0.0996309963099631
0 0.1493523316062176 0.5244464944649446 0.024093264248704664 0.08579335793357934
0 0.06593264248704664 0.5249077490774908 0.031347150259067355 0.12177121771217712
0 0.5760362694300518 0.14529520295202952 0.02772020725388601 0.11900369003690037
0 0.08212435233160621 0.1997232472324723 0.03367875647668394 0.11900369003690037
0 0.8593264248704663 0.8413284132841329 0.02383419689119171 0.07933579335793357
0 0.125 0.16743542435424355 0.022538860103626945 0.07841328413284133
0 0.2667098445595855 0.8657749077490775 0.023575129533678758 0.08394833948339483
0 0.20725388601036268 0.8648523985239852 0.021761658031088083 0.08579335793357934
0 0.32137305699481866 0.1559040590405904 0.03704663212435233 0.14022140221402213
0 0.17759067357512953 0.8740774907749077 0.02098445595854922 0.09132841328413284
0 0.09844559585492228 0.878690036900369 0.039378238341968914 0.1411439114391144
0 0.4082901554404145 0.8736162361623616 0.03212435233160622 0.1033210332103321
0 0.34818652849740933 0.8588560885608856 0.01709844559585492 0.07564575645756458
0 0.7788860103626943 0.13145756457564575 0.0422279792746114 0.13007380073800737
0 0.32137305699481866 0.8588560885608856 0.031347150259067355 0.0959409594095941
0 0.7136010362694301 0.48108856088560886 0.03860103626943005 0.1466789667896679
0 0.7748704663212436 0.849169741697417 0.03316062176165803 0.1282287822878229
0 0.18639896373056994 0.16559040590405905 0.03290155440414508 0.11346863468634687
0 0.5183937823834197 0.8625461254612546 0.0461139896373057 0.14391143911439114
0 0.23834196891191708 0.5133763837638377 0.025906735751295335 0.08579335793357934
0 0.6073834196891191 0.13883763837638377 0.04119170984455959 0.1429889298892989
0 0.8588082901554405 0.48662361623616235 0.039378238341968914 0.1577490774907749
0 0.40518134715025905 0.49677121771217714 0.03678756476683938 0.1466789667896679
0 0.23743523316062176 0.15267527675276754 0.03860103626943005 0.1429889298892989
0 0.02733160621761658 0.060424354243542436 0.04533678756476684 0.12084870848708487
0 0.36761658031088085 0.522140221402214 0.04093264248704663 0.15682656826568267
0 0.6329015544041451 0.49400369003690037 0.04507772020725389 0.17250922509225092
0 0.8889896373056995 0.8620848708487084 0.03393782383419689 0.12638376383763839
0 0.3743523316062176 0.8593173431734318 0.0383419689119171 0.1669741697416974
0 0.23976683937823834 0.8634686346863468 0.031347150259067355 0.13284132841328414
0 0.9248704663212435 0.09778597785977859 0.035751295336787565 0.14391143911439114
0 0.4634715025906736 0.8542435424354243 0.0383419689119171 0.15313653136531366
0 0.9558290155440414 0.10285977859778597 0.03290155440414508 0.17250922509225092
0 0.6648963730569948 0.12546125461254612 0.03652849740932643 0.1752767527675277
0 0.5949481865284975 0.4857011070110701 0.04015544041450777 0.1577490774907749
0 0.6963730569948187 0.1392988929889299 0.032642487046632127 0.15682656826568267
0 0.747020725388601 0.8473247232472325 0.034974093264248704 0.13191881918819187
0 0.8332901554404145 0.10654981549815498 0.04430051813471503 0.16512915129151293
0 0.2917098445595855 0.8583948339483395 0.024870466321243522 0.09132841328413284
0 0.8647668393782384 0.11623616236162361 0.02072538860103627 0.08302583025830258
0 0.9130829015544042 0.4870848708487085 0.05829015544041451 0.1974169741697417
0 0.8919689119170985 0.12776752767527674 0.03626943005181347 0.1466789667896679
0 0.5169689119170985 0.13422509225092252 0.04481865284974093 0.1577490774907749
0 0.7191709844559585 0.13837638376383765 0.012435233160621761 0.046125461254612546
0 0.916580310880829 0.8413284132841329 0.012953367875647668 0.042435424354243544
