0 0.5681619574715991 0.547711781888997 0.02417710457325954 0.07692307692307693
0 0.5418001747742499 0.5447906523855891 0.02213807165744247 0.08860759493670886
0 0.8546460821438975 0.9245374878286271 0.020390329158170697 0.06718597857838364
0 0.906932711913778 0.9386562804284323 0.022429362073987765 0.07010710808179163
0 0.07180308767841538 0.13777994157740994 0.023011942907078357 0.07497565725413827
0 0.6948732886688028 0.8982473222979552 0.0200990387416254 0.06329113924050633
0 0.719196038450335 0.9089581304771178 0.024468394989804836 0.0730282375851996
0 0.033935333527526944 0.7872444011684518 0.017768715409263034 0.07887049659201557
0 0.7722108942615787 0.9094449853943525 0.018060005825808332 0.062317429406037
0 0.45543256626856976 0.5262901655306719 0.013108068744538305 0.03992210321324245
0 0.5332071074861637 0.8792599805258033 0.017186134576172445 0.05842259006815969
0 0.9452374016894844 0.6236611489776047 0.023303233323623652 0.06523855890944498
0 0.04209146519079522 0.4552093476144109 0.013690649577628895 0.06134371957156767
0 0.5614622778910574 0.22979552093476144 0.01543839207690067 0.054527750730282376
0 0.554180017477425 0.870983446932814 0.01893387707544422 0.06523855890944498
0 0.3909117390037868 0.8442064264849075 0.019807748325080105 0.05647517039922103
0 0.6181182639091174 0.24050632911392406 0.015147101660355374 0.06426484907497566
0 0.224147975531605 0.8296007789678675 0.014273230410719488 0.04868549172346641
0 0.06044276143314885 0.7828627069133398 0.017768715409263034 0.05842259006815969
0 0.18249344596562772 0.1655306718597858 0.009030002912904166 0.033106134371957155
0 0.6715700553451791 0.5701071080817917 0.01893387707544422 0.05744888023369036
0 0.34576172443926595 0.5082765335929893 0.012816778327993009 0.04089581304771178
0 0.14113020681619576 0.8033106134371957 0.01077774541217594 0.035053554040895815
0 0.5885522866297699 0.2453748782862707 0.013108068744538305 0.05647517039922103
0 0.12452665307311389 0.47370983446932813 0.011360326245266531 0.0379746835443038
0 0.42120594232449754 0.8471275559883155 0.012816778327993009 0.04089581304771178
0 0.8380425284008156 0.6066212268743915 0.016894844159627147 0.062317429406037
0 0.09496067579376638 0.4756572541382668 0.011069035828721235 0.03992210321324245
0 0.9092630352461404 0.30817916260954237 0.011360326245266531 0.045764362220058426
0 0.17098747451208854 0.8149951314508277 0.012816778327993009 0.044790652385589096
0 0.36833673172152637 0.8432327166504382 0.013108068744538305 0.04868549172346641
0 0.1806000582580833 0.4771178188899708 0.013981939994174191 0.04089581304771178
0 0.6434605301485581 0.250730282375852 0.016894844159627147 0.04186952288218111
0 0.5355374308185261 0.22979552093476144 0.013108068744538305 0.03894839337877313
0 0.9366443344013982 0.3091528724440117 0.012525487911447713 0.04771178188899708
0 0.7982813865423828 0.9177215189873418 0.007864841246722983 0.028237585199610515
0 0.31648703757646374 0.6806231742940604 0.009030002912904166 0.03700097370983447
0 0.08738712496358869 0.7925998052580331 0.01864258665889892 0.05647517039922103
0 0.11593358578502767 0.810126582278481 0.00932129332944946 0.029211295034079845
0 0.6682202155549083 0.26046738072054526 0.00932129332944946 0.022395326192794548
0 0.4041654529565977 0.5253164556962026 0.007282260413632392 0.024342745861733205
0 0.20885522866297698 0.4907497565725414 0.01631226332653656 0.044790652385589096
0 0.6374890766093796 0.8982473222979552 0.006117098747451209 0.02044790652385589
0 0.8239149431983688 0.5998052580331061 0.016603553743081853 0.044790652385589096
0 0.9107194873288669 0.6168451801363194 0.0066996795805418004 0.016553067185978577
0 0.34780075735508303 0.21567672833495619 0.007573550830177687 0.024342745861733205
0 0.8043984852898339 0.6012658227848101 0.0026216137489076608 0.010710808179162609
