0 0.729482488238369 0.85888671875 0.03868269733403032 0.1552734375
0 0.10088865656037638 0.50537109375 0.03293256664924203 0.1142578125
0 0.6687140616832201 0.1123046875 0.033716675378985886 0.12109375
0 0.5848144276006273 0.11083984375 0.027966544694197595 0.0966796875
0 0.8974124411918453 0.0908203125 0.030580240460010455 0.12890625
0 0.5610297961317303 0.11376953125 0.024307370622059593 0.0908203125
0 0.43021432305279667 0.50244140625 0.03554626241505489 0.1337890625
0 0.6990329325666492 0.85693359375 0.03319393622582331 0.1181640625
0 0.6372190277051751 0.85400390625 0.04495556717198118 0.1357421875
0 0.5196027182435965 0.4970703125 0.03554626241505489 0.12890625
0 0.1097752221641401 0.154296875 0.043387349712493466 0.16015625
0 0.3868269733403032 0.1240234375 0.02770517511761631 0.10546875
0 0.3029273392577104 0.14013671875 0.03763721902770518 0.1455078125
0 0.04391008886565604 0.142578125 0.030841610036591742 0.107421875
0 0.18622582331416623 0.51025390625 0.021170935703084162 0.0751953125
0 0.7848928384736017 0.09619140625 0.02561421850496602 0.0791015625
0 0.5725300575013068 0.49169921875 0.03842132775744903 0.1669921875
0 0.64022477783586 0.11865234375 0.04521693674856247 0.1669921875
0 0.8923157344485102 0.84326171875 0.02247778358599059 0.0771484375
0 0.4159696811291166 0.126953125 0.0352848928384736 0.12890625
0 0.9303450078410873 0.09521484375 0.031102979613173026 0.0966796875
0 0.44053842132775745 0.12744140625 0.027966544694197595 0.0986328125
0 0.7141923680083638 0.50146484375 0.030580240460010455 0.1083984375
0 0.7547046523784632 0.10302734375 0.018557239937271302 0.0810546875
0 0.35598536330371144 0.8857421875 0.0501829587036069 0.189453125
0 0.6091217982226869 0.84619140625 0.014375326711970726 0.0556640625
0 0.35990590695243074 0.1240234375 0.03450078410872975 0.119140625
0 0.7459487715629901 0.47509765625 0.05488761108207005 0.1982421875
0 0.6057239937271301 0.4873046875 0.05671719811813905 0.22265625
0 0.45269210663878723 0.11962890625 0.0167276529012023 0.0830078125
0 0.9185833768949294 0.484375 0.05462624150548876 0.19921875
0 0.13695765812859384 0.140625 0.014113957135389441 0.044921875
0 0.2749607945635128 0.13671875 0.017773131207527444 0.0625
0 0.7260846837428123 0.1103515625 0.0167276529012023 0.056640625
0 0.47098797699947725 0.3876953125 0.012023000522739153 0.048828125
0 0.41296393099843176 0.86279296875 0.010454783063251438 0.0537109375
0 0.6113434396236278 0.8828125 0.014636696288552013 0.052734375
0 0.950209095661265 0.8408203125 0.02587558808154731 0.076171875
0 0.606116048092002 0.87890625 0.009932043910088865 0.01171875
