0 0.8065163681284744 0.8058361391694725 0.026868437306979617 0.09652076318742986
0 0.6663063619518221 0.8080808080808081 0.034898085237801114 0.1414141414141414
0 0.608709079678814 0.8035914702581369 0.033353922174181594 0.12345679012345678
0 0.05296479308214948 0.8075196408529742 0.03242742433600988 0.12457912457912458
0 0.34342186534898084 0.4478114478114478 0.027177269919703522 0.10101010101010101
0 0.5588326127239036 0.12850729517396184 0.029339098208770845 0.10437710437710437
0 0.9555281037677579 0.44107744107744107 0.026559604694255712 0.10998877665544332
0 0.6074737492279184 0.12738496071829405 0.032736256948733784 0.12457912457912458
0 0.8707535515750463 0.4551066217732884 0.026868437306979617 0.08641975308641975
0 0.7217418159357628 0.7957351290684624 0.034589252625077206 0.09876543209876543
0 0.7490735021618283 0.8058361391694725 0.031192093885114267 0.12570145903479238
0 0.6497838171710932 0.4478114478114478 0.029030265596046944 0.10549943883277217
0 0.7479925880172946 0.11054994388327721 0.032736256948733784 0.11560044893378227
0 0.9441012970969734 0.8114478114478114 0.033353922174181594 0.11896745230078563
0 0.5679431747992588 0.45398428731762064 0.025941939468807906 0.10213243546576879
0 0.6368128474366893 0.8075196408529742 0.025941939468807906 0.11335578002244669
0 0.5427733168622606 0.4382716049382716 0.029339098208770845 0.11560044893378227
0 0.8613341568869672 0.1251402918069585 0.029030265596046944 0.10662177328843996
0 0.237183446571958 0.11560044893378227 0.030883261272390366 0.1122334455667789
0 0.09728227300802965 0.8019079685746352 0.034589252625077206 0.1111111111111111
0 0.4464175416924027 0.11896745230078563 0.02130945027794935 0.08978675645342311
0 0.8099135268684373 0.11616161616161616 0.03057442865966646 0.122334455667789
0 0.23193329215565164 0.44332210998877664 0.029030265596046944 0.08978675645342311
0 0.5276405188387894 0.8153759820426487 0.02130945027794935 0.09090909090909091
0 0.33477455219271157 0.11896745230078563 0.030265596046942556 0.10325476992143659
0 0.42402717726991973 0.4450056116722783 0.025941939468807906 0.10213243546576879
0 0.37322421247683757 0.4450056116722783 0.026868437306979617 0.08641975308641975
0 0.19734403953057442 0.8019079685746352 0.021000617665225447 0.0707070707070707
0 0.5835392217418159 0.8114478114478114 0.02378011117974058 0.08529741863075196
0 0.4794626312538604 0.13468013468013468 0.02130945027794935 0.07856341189674523
0 0.7608091414453366 0.4208754208754209 0.018221124150710314 0.09427609427609428
0 0.5568252007411982 0.8075196408529742 0.02038295243977764 0.06397306397306397
0 0.48795552810376774 0.4500561167227834 0.02347127856701668 0.07631874298540965
0 0.8866584311303274 0.8080808080808081 0.014206300185299567 0.06285072951739619
0 0.20367510809141445 0.10998877665544332 0.02625077208153181 0.09427609427609428
0 0.44224830142063004 0.8075196408529742 0.033353922174181594 0.11335578002244669
0 0.701667696108709 0.44107744107744107 0.021618282890673256 0.08305274971941638
0 0.6673872760963557 0.11896745230078563 0.03891290920321186 0.143658810325477
0 0.14700432365657815 0.11503928170594838 0.025941939468807906 0.08866442199775533
0 0.5887893761581223 0.4657687991021324 0.023162445954292774 0.0920314253647587
0 0.8182520074119827 0.4450056116722783 0.026868437306979617 0.10213243546576879
0 0.15009264978381717 0.45847362514029183 0.015441630636195183 0.0707070707070707
0 0.22452130945027796 0.8058361391694725 0.017294626312538603 0.058361391694725026
0 0.6934836318715256 0.8153759820426487 0.013897467572575664 0.06397306397306397
0 0.27455219271155035 0.1127946127946128 0.022235948116121063 0.08866442199775533
0 0.9646386658431131 0.10774410774410774 0.01945645460160593 0.06509539842873176
0 0.8608709079678815 0.8092031425364759 0.017603458925262508 0.06060606060606061
0 0.2520074119827054 0.8131313131313131 0.03644224830142063 0.12682379349046016
0 0.6273934527486102 0.44612794612794615 0.020074119827053736 0.0819304152637486
0 0.89715873996294 0.10493827160493827 0.012353304508956145 0.05948372615039282
0 0.20907967881408276 0.45454545454545453 0.014823965410747375 0.06285072951739619
0 0.9366893143915997 0.12682379349046016 0.011117974058060531 0.03367003367003367
0 0.14021000617665225 0.8092031425364759 0.035206917850525016 0.14814814814814814
0 0.17109326744904263 0.11503928170594838 0.017294626312538603 0.08417508417508418
0 0.7964793082149475 0.4483726150392817 0.017912291537986413 0.07295173961840629
0 0.7767140210006177 0.11391694725028058 0.03829524397776405 0.10662177328843996
0 0.91692402717727 0.8114478114478114 0.019147621988882025 0.0718294051627385
0 0.9217109326744904 0.4511784511784512 0.03613341568869673 0.1324354657687991
0 0.03953057442865967 0.45735129068462405 0.01173563928350834 0.037037037037037035
0 0.9740580605311921 0.4624017957351291 0.01173563928350834 0.04489337822671156
0 0.11673872760963558 0.10549943883277217 0.03211859172328598 0.14590347923681257
0 0.45521927115503397 0.4388327721661055 0.014823965410747375 0.058361391694725026
0 0.9874922791846819 0.4478114478114478 0.013279802347127856 0.04938271604938271
0 0.4257257566399012 0.11840628507295174 0.01019147621988882 0.028058361391694726
0 0.09126003705991352 0.1127946127946128 0.016368128474366892 0.07519640852974187
0 0.727609635577517 0.44276094276094274 0.035206917850525016 0.13131313131313133
0 0.8441939468807906 0.4590347923681257 0.008956145768993206 0.03367003367003367
0 0.03258184064237184 0.12794612794612795 0.017603458925262508 0.04938271604938271
0 0.39314391599752935 0.09708193041526375 0.010500308832612723 0.05723905723905724
0 0.6803582458307598 0.4618406285072952 0.00926497838171711 0.03928170594837262
0 0.4714329833230389 0.8209876543209876 0.006485484867201977 0.02132435465768799
