0 0.8381275440976933 0.8308303886925795 0.02632293080054274 0.09628975265017668
0 0.7546811397557667 0.8175795053003534 0.021709633649932156 0.06978798586572438
0 0.7241519674355495 0.8237632508833922 0.023066485753052916 0.08392226148409894
0 0.6386702849389416 0.8003533568904594 0.026865671641791045 0.0989399293286219
0 0.10569877883310719 0.11528268551236749 0.014925373134328358 0.053886925795053005
0 0.4757123473541384 0.4717314487632509 0.01682496607869742 0.06537102473498234
0 0.26255088195386705 0.13869257950530034 0.022523744911804613 0.0636042402826855
0 0.8333785617367707 0.5119257950530035 0.014654002713704206 0.05565371024734982
0 0.42401628222523746 0.7884275618374559 0.020895522388059702 0.0715547703180212
0 0.6192672998643148 0.1625441696113074 0.01519674355495251 0.04946996466431095
0 0.9172320217096337 0.5176678445229682 0.02062415196743555 0.06537102473498234
0 0.9503392130257802 0.1868374558303887 0.02062415196743555 0.060954063604240286
0 0.8715061058344641 0.5159010600706714 0.03283582089552239 0.038869257950530034
0 0.06512890094979647 0.7482332155477032 0.02496607869742198 0.09187279151943463
0 0.5567164179104478 0.7990282685512368 0.03717774762550882 0.1157243816254417
0 0.0649932157394844 0.4302120141342756 0.025780189959294438 0.08303886925795052
0 0.2590230664857531 0.7720848056537103 0.019267299864314788 0.05830388692579505
0 0.6729986431478969 0.16696113074204946 0.014111261872455903 0.05123674911660778
0 0.123202170963365 0.4377208480565371 0.018453188602442334 0.07862190812720848
0 0.6706919945725915 0.8131625441696113 0.012211668928086838 0.03268551236749117
0 0.7183175033921303 0.48984098939929327 0.010312075983717774 0.045053003533568906
0 0.8120759837177748 0.8317137809187279 0.014925373134328358 0.045053003533568906
0 0.7276797829036635 0.1704946996466431 0.01655359565807327 0.05653710247349823
0 0.0966078697421981 0.4302120141342756 0.015739484396200813 0.053003533568904596
0 0.12930800542740842 0.11439929328621908 0.021438263229308006 0.060954063604240286
0 0.1774762550881954 0.7566254416961131 0.011940298507462687 0.05565371024734982
0 0.7815468113975577 0.1775618374558304 0.017367706919945727 0.053003533568904596
0 0.5960651289009498 0.1700530035335689 0.010583446404341926 0.030918727915194347
0 0.7789687924016282 0.5035335689045937 0.009497964721845319 0.030035335689045935
0 0.39362279511533244 0.7840106007067138 0.015468113975576661 0.060954063604240286
0 0.8704206241519674 0.18197879858657243 0.014925373134328358 0.038869257950530034
0 0.05264586160108548 0.10600706713780919 0.00976933514246947 0.037102473498233215
0 0.45047489823609227 0.14487632508833923 0.017367706919945727 0.054770318021201414
0 0.9458616010854817 0.523851590106007 0.021438263229308006 0.07950530035335689
0 0.8974219810040706 0.8458480565371025 0.027137042062415198 0.08745583038869258
0 0.6702849389416553 0.4836572438162544 0.011397557666214383 0.036219081272084806
0 0.5867028493894165 0.8100706713780919 0.031478968792401626 0.10777385159010601
0 0.8379918588873813 0.18021201413427562 0.01248303934871099 0.0353356890459364
0 0.3659430122116689 0.44920494699646646 0.01655359565807327 0.046819787985865724
0 0.3694708276797829 0.13913427561837455 0.02198100407055631 0.07332155477031801
0 0.31519674355495253 0.12941696113074205 0.015468113975576661 0.037985865724381625
0 0.3439620081411126 0.14266784452296818 0.011668928086838535 0.03975265017667844
0 0.41207598371777476 0.4673144876325088 0.00841248303934871 0.04240282685512368
0 0.09565807327001356 0.7460247349823321 0.011668928086838535 0.030918727915194347
0 0.2789687924016282 0.44302120141342755 0.007055630936227951 0.03445229681978799
0 0.12130257801899592 0.7486749116607774 0.01682496607869742 0.052120141342756186
0 0.9180461329715061 0.8515901060070671 0.023880597014925373 0.08657243816254417
0 0.44572591587516963 0.4721731448763251 0.023066485753052916 0.060954063604240286
0 0.9662143826322931 0.22393992932862192 0.010040705563093623 0.03268551236749117
0 0.6131614654002714 0.4748233215547703 0.0067842605156037995 0.02561837455830389
0 0.39280868385345996 0.45936395759717313 0.007869742198100407 0.037102473498233215
0 0.2373134328358209 0.12455830388692579 0.01383989145183175 0.03356890459363958
0 0.5556309362279511 0.4787985865724382 0.007327001356852103 0.02120141342756184
0 0.7560379918588874 0.178886925795053 0.010854816824966078 0.03445229681978799
0 0.42672998643147897 0.1417844522968198 0.009497964721845319 0.03268551236749117
0 0.58561736770692 0.4748233215547703 0.008141112618724558 0.023851590106007067
0 0.18792401628222524 0.12279151943462897 0.006241519674355495 0.019434628975265017
0 0.257123473541384 0.44876325088339225 0.010040705563093623 0.028268551236749116
0 0.2900949796472185 0.1338339222614841 0.008141112618724558 0.027385159010600707
0 0.6373134328358209 0.48586572438162545 0.005156037991858887 0.02120141342756184
0 0.4772048846675712 0.7879858657243817 0.004613297150610584 0.012367491166077738
