0 0.09593679458239278 0.45134383688600554 0.0327313769751693 0.05004633920296571
0 0.20033860045146726 0.6987951807228916 0.034988713318284424 0.042632066728452274
0 0.5338600451467269 0.9708063021316033 0.0417607223476298 0.04355885078776645
0 0.35214446952595935 0.9620018535681186 0.025959367945823927 0.05560704355885079
0 0.7943002257336343 0.22150139017608897 0.02652370203160271 0.04819277108433735
0 0.3036117381489842 0.7052826691380908 0.046275395033860044 0.04633920296570899
0 0.3927765237020316 0.9708063021316033 0.029345372460496615 0.04355885078776645
0 0.23476297968397292 0.1927710843373494 0.020316027088036117 0.061167747914735865
0 0.6554740406320542 0.9777571825764597 0.034424379232505645 0.033364226135310475
0 0.417607223476298 0.9684893419833179 0.0417607223476298 0.029657089898053754
0 0.6904627539503386 0.7201112140871178 0.029909706546275394 0.04077849860982391
0 0.4915349887133183 0.9698795180722891 0.028216704288939052 0.037998146431881374
0 0.031884875846501126 0.9360518999073216 0.017494356659142212 0.051899907321594066
0 0.05417607223476298 0.9620018535681186 0.024830699774266364 0.022242817423540315
0 0.1424943566591422 0.45644114921223355 0.03329571106094808 0.03985171455050973
0 0.07195259593679458 0.7099165894346617 0.015237020316027089 0.05375347544022243
0 0.8755643340857788 0.48053753475440225 0.018623024830699775 0.05838739573679333
0 0.30163656884875845 0.18906394810009267 0.031038374717832957 0.05560704355885079
0 0.4554176072234763 0.19508804448563485 0.03837471783295711 0.04355885078776645
0 0.970372460496614 0.22196478220574606 0.02200902934537246 0.026876737720111215
0 0.44130925507900676 0.7201112140871178 0.016930022573363433 0.06302131603336422
0 0.7158577878103838 0.19879518072289157 0.014108352144469526 0.06580166821130677
0 0.4492099322799097 0.9708063021316033 0.01805869074492099 0.04355885078776645
0 0.6168171557562077 0.9735866543095458 0.019187358916478554 0.04170528266913809
0 0.2996613995485327 0.4606116774791474 0.022573363431151242 0.03151065801668211
0 0.8953160270880361 0.7247451343836886 0.017494356659142212 0.04633920296570899
0 0.6455981941309256 0.21037998146431883 0.028216704288939052 0.024096385542168676
0 0.5389390519187359 0.7136237256719185 0.025959367945823927 0.033364226135310475
0 0.5197516930022573 0.4582947173308619 0.019187358916478554 0.05838739573679333
0 0.8295711060948081 0.21918443002780352 0.025959367945823927 0.04355885078776645
0 0.6709932279909706 0.4763670064874884 0.023702031602708805 0.05004633920296571
0 0.6470090293453724 0.4680259499536608 0.03893905191873589 0.03707136237256719
0 0.7531038374717833 0.7196478220574606 0.024266365688487584 0.04911955514365153
0 0.2827313769751693 0.19972196478220575 0.0327313769751693 0.030583873957367932
0 0.7677765237020316 0.9721964782205746 0.02652370203160271 0.04819277108433735
0 0.6873589164785553 0.1969416126042632 0.009029345372460496 0.04170528266913809
0 0.36173814898419865 0.4541241890639481 0.019187358916478554 0.04077849860982391
0 0.12048532731376975 0.9615384615384616 0.019751693002257337 0.047265987025023166
0 0.09762979683972912 0.6997219647822057 0.030474040632054177 0.042632066728452274
0 0.5169300225733634 0.7131603336422614 0.01805869074492099 0.06209453197405004
0 0.9218397291196389 0.7289156626506024 0.025395033860045147 0.023169601482854494
0 0.746331828442438 0.47080630213160335 0.040067720090293454 0.03707136237256719
0 0.8840293453724605 0.9814643188137164 0.019751693002257337 0.03521779425393883
0 0.7291196388261851 0.731696014828545 0.030474040632054177 0.03614457831325301
0 0.12556433408577877 0.19091751621872105 0.025395033860045147 0.033364226135310475
0 0.4844808126410835 0.19833178869323448 0.017494356659142212 0.051899907321594066
0 0.9432844243792325 0.4819277108433735 0.024266365688487584 0.033364226135310475
0 0.5936794582392777 0.46246524559777574 0.02708803611738149 0.05560704355885079
0 0.14164785553047404 0.7099165894346617 0.01580135440180587 0.057460611677479144
0 0.1930022573363431 0.19555143651529194 0.020316027088036117 0.05375347544022243
0 0.5623589164785553 0.20064874884151992 0.011851015801354402 0.05097312326227989
0 0.32054176072234764 0.9620018535681186 0.03611738148984198 0.025949953660797033
0 0.5727990970654627 0.9661723818350324 0.014672686230248307 0.056533827618164965
0 0.29853273137697517 0.964318813716404 0.03837471783295711 0.030583873957367932
0 0.4912528216704289 0.46478220574606116 0.03216704288939052 0.025023169601482854
0 0.22065462753950338 0.9573679332715477 0.033860045146726865 0.04448563484708063
0 0.2612866817155756 0.9661723818350324 0.028216704288939052 0.04541241890639481
0 0.3781038374717833 0.19601482854494903 0.019187358916478554 0.06765523632993513
0 0.31743792325056436 0.4578313253012048 0.024266365688487584 0.033364226135310475
0 0.5928329571106095 0.9731232622798888 0.015237020316027089 0.04448563484708063
0 0.1577313769751693 0.1936978683966636 0.01636568848758465 0.04633920296570899
0 0.768058690744921 0.7298424467099166 0.02144469525959368 0.04170528266913809
0 0.16788939051918736 0.7103799814643188 0.02878103837471783 0.021316033364226137
0 0.19977426636568849 0.468952734012975 0.03160270880361174 0.03892493049119555
0 0.8019187358916479 0.7358665430954587 0.020316027088036117 0.024096385542168676
0 0.6594243792325056 0.7219647822057461 0.01072234762979684 0.05931417979610751
0 0.8558126410835214 0.4772937905468026 0.0208803611738149 0.014828544949026877
0 0.40547404063205417 0.7145505097312326 0.03668171557562077 0.025949953660797033
0 0.04853273137697517 0.7052826691380908 0.020316027088036117 0.022242817423540315
0 0.3845936794582393 0.711306765523633 0.035553047404063204 0.019462465245597776
0 0.12612866817155757 0.696014828544949 0.02200902934537246 0.03521779425393883
0 0.6433408577878104 0.7205746061167748 0.0327313769751693 0.030583873957367932
0 0.5459932279909706 0.47034291010194623 0.02652370203160271 0.05838739573679333
0 0.09904063205417607 0.9610750695088045 0.014108352144469526 0.04448563484708063
0 0.9446952595936795 0.21362372567191845 0.01580135440180587 0.021316033364226137
0 0.17155756207674944 0.1876737720111214 0.01580135440180587 0.03429101019462465
0 0.5744920993227991 0.4629286376274328 0.025959367945823927 0.023169601482854494
0 0.8840293453724605 0.2117701575532901 0.027652370203160272 0.019462465245597776
0 0.869920993227991 0.2099165894346617 0.024266365688487584 0.03243744207599629
0 0.8479119638826185 0.2099165894346617 0.02878103837471783 0.021316033364226137
0 0.7632618510158014 0.20713623725671917 0.01636568848758465 0.015755329008341055
0 0.7468961625282167 0.20528266913809082 0.02652370203160271 0.023169601482854494
0 0.6735327313769752 0.19416126042632068 0.024266365688487584 0.021316033364226137
0 0.6170993227990971 0.19833178869323448 0.023137697516930022 0.03707136237256719
0 0.6021444695259593 0.19555143651529194 0.020316027088036117 0.05004633920296571
0 0.5378103837471784 0.1969416126042632 0.009029345372460496 0.05468025949953661
0 0.5270880361173815 0.20111214087117701 0.013544018058690745 0.05004633920296571
0 0.3656884875846501 0.19462465245597776 0.028216704288939052 0.03521779425393883
0 0.3501693002257336 0.19416126042632068 0.023137697516930022 0.019462465245597776
0 0.17607223476297967 0.46107506950880445 0.024830699774266364 0.047265987025023166
0 0.23306997742663657 0.45968489341983315 0.02708803611738149 0.03707136237256719
0 0.7121896162528216 0.4735866543095459 0.025959367945823927 0.024096385542168676
0 0.7226297968397292 0.47914735866543096 0.023137697516930022 0.022242817423540315
0 0.8005079006772009 0.46941612604263205 0.02652370203160271 0.019462465245597776
0 0.8233634311512416 0.47775718257645966 0.016930022573363433 0.03243744207599629
0 0.9133747178329571 0.479610750695088 0.03216704288939052 0.028730305838739572
0 0.57872460496614 0.7238183503243745 0.02652370203160271 0.04633920296570899
0 0.4672686230248307 0.7159406858202039 0.014672686230248307 0.047265987025023166
0 0.4796839729119639 0.7145505097312326 0.022573363431151242 0.027803521779425393
0 0.24915349887133184 0.6978683966635774 0.018623024830699775 0.04633920296570899
0 0.238431151241535 0.7164040778498609 0.03216704288939052 0.018535681186283594
0 0.15067720090293454 0.9712696941612604 0.024830699774266364 0.027803521779425393
0 0.16422121896162528 0.9647822057460612 0.012415349887133182 0.04077849860982391
0 0.8628668171557562 0.9842446709916589 0.020316027088036117 0.024096385542168676
0 0.3888261851015801 0.4652455977757183 0.022573363431151242 0.025949953660797033
0 0.4201467268623025 0.4606116774791474 0.02652370203160271 0.020389249304911955
0 0.44215575620767494 0.4712696941612604 0.029909706546275394 0.019462465245597776
0 0.458803611738149 0.46014828544949027 0.025959367945823927 0.023169601482854494
0 0.34396162528216706 0.7164040778498609 0.031038374717832957 0.03521779425393883
0 0.8290067720090294 0.7298424467099166 0.020316027088036117 0.010194624652455977
0 0.8428329571106095 0.7344763670064874 0.019751693002257337 0.026876737720111215
0 0.6803047404063205 0.9759036144578314 0.025395033860045147 0.03521779425393883
0 0.7000564334085779 0.9749768303985171 0.02200902934537246 0.03892493049119555
0 0.725451467268623 0.9833178869323448 0.024266365688487584 0.014828544949026877
0 0.8431151241534989 0.9856348470806302 0.03160270880361174 0.019462465245597776
0 0.7965575620767494 0.9810009267840594 0.02878103837471783 0.03243744207599629
