0 0.035120532003325024 0.09322033898305085 0.005403158769742311 0.01694915254237288
0 0.04665419783873649 0.09244992295839753 0.010182876142975894 0.026194144838212634
0 0.05683707398171239 0.09244992295839753 0.008520365752285953 0.04314329738058552
0 0.07221529509559435 0.0928351309707242 0.008520365752285953 0.05007704160246533
0 0.09320448877805486 0.09553158705701079 0.010182876142975894 0.03543913713405239
0 0.10463424771404821 0.09090909090909091 0.015170407315045719 0.030816640986132512
0 0.11876558603491272 0.09129429892141756 0.011845386533665835 0.028505392912172575
0 0.12479218620116375 0.0928351309707242 0.0035328345802161263 0.017719568567026195
0 0.13809226932668328 0.11517719568567027 0.013092269326683292 0.028505392912172575
0 0.15014546965918538 0.09553158705701079 0.005195344970906068 0.03852080123266564
0 0.16012053200332502 0.08281972265023113 0.006026600166251039 0.07164869029275808
0 0.17622610141313383 0.08782742681047766 0.008728179551122194 0.061633281972265024
0 0.2041770573566085 0.10477657935285054 0.01683291770573566 0.01694915254237288
0 0.22007481296758105 0.09668721109399075 0.017456359102244388 0.0362095531587057
0 0.24085619285120533 0.12018489984591679 0.010390689941812137 0.06933744221879815
0 0.25561097256857856 0.1140215716486903 0.004987531172069825 0.03852080123266564
0 0.2639235245220283 0.09861325115562404 0.012468827930174564 0.040061633281972264
0 0.279925187032419 0.08821263482280431 0.010390689941812137 0.0362095531587057
0 0.28719866999168747 0.10708782742681047 0.003740648379052369 0.03697996918335902
0 0.2971737323358271 0.0847457627118644 0.015378221113881962 0.04930662557781202
0 0.30912302576891104 0.08936825885978428 0.012676641729010805 0.040061633281972264
0 0.3192019950124688 0.09514637904468413 0.011221945137157107 0.02234206471494607
0 0.332190357439734 0.08551617873651772 0.0184954280964256 0.01848998459167951
0 0.3697007481296758 0.09668721109399075 0.00914380714879468 0.0485362095531587
0 0.3770781379883624 0.09899845916795069 0.005195344970906068 0.040832049306625574
0 0.3899625935162095 0.09861325115562404 0.010182876142975894 0.04776579352850539
0 0.3993142144638404 0.08821263482280431 0.007689110556940981 0.04391371340523883
0 0.41230257689110555 0.08936825885978428 0.012053200332502078 0.015408320493066256
0 0.42383624272651704 0.10978428351309708 0.007689110556940981 0.054699537750385205
0 0.4513715710723192 0.0928351309707242 0.006650041562759767 0.0362095531587057
0 0.45937240232751453 0.09322033898305085 0.008520365752285953 0.05084745762711865
0 0.4688279301745636 0.09591679506933744 0.006650041562759767 0.0423728813559322
0 0.48566084788029923 0.09244992295839753 0.006650041562759767 0.05238828967642527
0 0.49158354114713215 0.09476117103235747 0.008104738154613466 0.05238828967642527
0 0.5052992518703242 0.09244992295839753 0.013507896924355778 0.03389830508474576
0 0.5161055694098088 0.0936055469953775 0.01142975893599335 0.016178736517719568
0 0.5446799667497921 0.10053929121725731 0.00997506234413965 0.03466872110939907
0 0.55309642560266 0.1086286594761171 0.005610972568578554 0.053929121725731895
0 0.5646300914380715 0.1016949152542373 0.016209476309226933 0.03389830508474576
0 0.5737738985868661 0.09553158705701079 0.00997506234413965 0.06317411402157165
0 0.5911263507896924 0.08898305084745763 0.010182876142975894 0.016178736517719568
0 0.5977763923524522 0.09476117103235747 0.006442227763923524 0.03697996918335902
0 0.6097256857855362 0.09899845916795069 0.004156275976724855 0.04699537750385208
0 0.6211554447215295 0.08782742681047766 0.010806317539484621 0.03852080123266564
0 0.6286367414796342 0.08320493066255778 0.007896924355777223 0.04468412942989214
0 0.6561720698254364 0.09090909090909091 0.011014131338320864 0.05238828967642527
0 0.672069825436409 0.087442218798151 0.007481296758104738 0.053158705701078585
0 0.6854738154613467 0.0901386748844376 0.004364089775561097 0.05855161787365177
0 0.6956566916043225 0.10400616332819723 0.00685785536159601 0.03697996918335902
0 0.7050083125519534 0.08898305084745763 0.003948462177888612 0.07010785824345146
0 0.7178927680798005 0.10362095531587057 0.006026600166251039 0.026964560862865947
0 0.7281795511221946 0.09167950693374423 0.013300083125519535 0.01694915254237288
0 0.7419991687448046 0.09745762711864407 0.011845386533665835 0.030046224961479198
0 0.7544679966749792 0.09129429892141756 0.012261014131338321 0.011556240369799691
0 0.7682876142975894 0.07935285053929121 0.005818786367414797 0.04930662557781202
0 0.7813798836242727 0.09899845916795069 0.004156275976724855 0.023882896764252697
0 0.7924979218620116 0.09553158705701079 0.015170407315045719 0.04930662557781202
0 0.8074605153782212 0.09822804314329737 0.009351620947630923 0.031587057010785825
0 0.8200332502078138 0.10477657935285054 0.00914380714879468 0.05238828967642527
0 0.8315669160432253 0.0901386748844376 0.012676641729010805 0.030816640986132512
0 0.8508935993349959 0.11286594761171033 0.017664172901080633 0.030046224961479198
0 0.8672069825436409 0.09476117103235747 0.00997506234413965 0.0662557781201849
0 0.8893391521197007 0.07858243451463791 0.013923524522028262 0.04468412942989214
0 0.9027431421446384 0.10439137134052388 0.00831255195344971 0.04391371340523883
0 0.9197838736492103 0.0847457627118644 0.009559434746467166 0.03389830508474576
0 0.919576059850374 0.07858243451463791 0.005818786367414797 0.03852080123266564
0 0.9385910224438903 0.10477657935285054 0.008520365752285953 0.053929121725731895
0 0.9513715710723192 0.09167950693374423 0.012053200332502078 0.04160246533127889
0 0.975166251039069 0.09244992295839753 0.008935993349958437 0.04468412942989214
0 0.030860349127182045 0.3459167950693374 0.009767248545303408 0.03543913713405239
0 0.03854945968412302 0.33705701078582434 0.017248545303408146 0.016178736517719568
0 0.05122610141313383 0.326271186440678 0.012676641729010805 0.0423728813559322
0 0.06317539484621779 0.3463020030816641 0.013300083125519535 0.03775038520801233
0 0.07616375727348296 0.33513097072419107 0.01142975893599335 0.020030816640986132
0 0.08915211970074813 0.33975346687211094 0.00914380714879468 0.05084745762711865
0 0.0948669991687448 0.3197226502311248 0.009351620947630923 0.04930662557781202
0 0.10868661679135494 0.348613251155624 0.015378221113881962 0.025423728813559324
0 0.11596009975062344 0.35092449922958396 0.012884455527847049 0.04391371340523883
0 0.14557356608478803 0.34668721109399075 0.013507896924355778 0.03389830508474576
0 0.15066500415627598 0.349768875192604 0.010806317539484621 0.03852080123266564
0 0.17882377389858686 0.33281972265023113 0.008520365752285953 0.05855161787365177
0 0.18703241895261846 0.34938366718027736 0.012884455527847049 0.053158705701078585
0 0.20365752285951788 0.34514637904468415 0.007481296758104738 0.05238828967642527
0 0.22547797173732337 0.3432203389830508 0.015378221113881962 0.016178736517719568
0 0.24397339983374897 0.33436055469953774 0.007896924355777223 0.061633281972265024
0 0.2566500415627598 0.33436055469953774 0.005818786367414797 0.061633281972265024
0 0.2665211970074813 0.34668721109399075 0.01142975893599335 0.029275808936825885
0 0.2805486284289277 0.3574730354391371 0.011221945137157107 0.05084745762711865
0 0.2965502909393184 0.3543913713405239 0.01828761429758936 0.01848998459167951
0 0.30268079800498754 0.3574730354391371 0.006026600166251039 0.040061633281972264
0 0.3264754779717373 0.35208012326656396 0.004156275976724855 0.05084745762711865
0 0.33665835411471323 0.3474576271186441 0.010806317539484621 0.05546995377503852
0 0.36066084788029923 0.35477657935285056 0.004779717373233583 0.04391371340523883
0 0.36980465502909393 0.3617103235747304 0.010182876142975894 0.02234206471494607
0 0.38539068994181214 0.35362095531587057 0.01683291770573566 0.02773497688751926
0 0.4045095594347465 0.3420647149460709 0.011014131338320864 0.030816640986132512
0 0.4182252701579385 0.33397534668721107 0.011014131338320864 0.03775038520801233
0 0.4518911055694098 0.33821263482280434 0.005195344970906068 0.05701078582434515
0 0.47506234413965087 0.3420647149460709 0.006650041562759767 0.060092449922958396
0 0.5014546965918537 0.34822804314329736 0.003740648379052369 0.03543913713405239
0 0.5088320864505403 0.33166409861325113 0.004779717373233583 0.020801232665639446
0 0.48659600997506236 0.34514637904468415 0.013507896924355778 0.012326656394453005
0 0.5626558603491272 0.3393682588597843 0.017248545303408146 0.013097072419106317
0 0.568474646716542 0.34668721109399075 0.013923524522028262 0.029275808936825885
0 0.5920615128844555 0.35978428351309705 0.007896924355777223 0.05701078582434515
0 0.6145054031587698 0.3409090909090909 0.004987531172069825 0.04699537750385208
0 0.6296758104738155 0.3489984591679507 0.008728179551122194 0.04314329738058552
0 0.6380922693266833 0.34553158705701076 0.00685785536159601 0.017719568567026195
0 0.6523275145469659 0.3332049306625578 0.012468827930174564 0.05624036979969183
0 0.6653158769742311 0.3312788906009245 0.011845386533665835 0.029275808936825885
0 0.7000207813798837 0.33859784283513095 0.011014131338320864 0.05778120184899846
0 0.7245428096425602 0.3428351309707242 0.009351620947630923 0.03389830508474576
0 0.7428304239401496 0.336286594761171 0.018911055694098088 0.06548536209553159
0 0.7604945968412302 0.35631741140215717 0.006442227763923524 0.026964560862865947
0 0.7806525353283458 0.34514637904468415 0.008104738154613466 0.02157164869029276
0 0.8289692435577722 0.34784283513097075 0.005818786367414797 0.020801232665639446
0 0.8391521197007481 0.3401386748844376 0.007481296758104738 0.040832049306625574
0 0.8561928512053201 0.3501540832049307 0.012884455527847049 0.016178736517719568
0 0.8742726517040732 0.33975346687211094 0.016209476309226933 0.04776579352850539
0 0.8905860349127181 0.3443759630200308 0.015586034912718205 0.026194144838212634
0 0.9094970906068163 0.34822804314329736 0.008935993349958437 0.03852080123266564
0 0.9312136325852036 0.35554699537750384 0.03200332502078138 0.0423728813559322
0 0.9667497921862012 0.348613251155624 0.011221945137157107 0.03466872110939907
0 0.042290108063175395 0.5909090909090909 0.013092269326683292 0.026194144838212634
0 0.05133000831255195 0.5812788906009245 0.00831255195344971 0.03312788906009245
0 0.06743557772236076 0.6032357473035439 0.008935993349958437 0.030816640986132512
0 0.0758520365752286 0.5862865947611711 0.010806317539484621 0.04930662557781202
0 0.08281379883624272 0.5851309707241911 0.004364089775561097 0.06856702619414484
0 0.08967165419783873 0.5785824345146379 0.008935993349958437 0.03852080123266564
0 0.10027015793848712 0.5862865947611711 0.005610972568578554 0.05701078582434515
0 0.11460931005818786 0.5897534668721109 0.014754779717373233 0.014637904468412942
0 0.12707813798836243 0.5951463790446841 0.023067331670822942 0.06548536209553159
0 0.1434954280964256 0.588597842835131 0.015586034912718205 0.02465331278890601
0 0.15928927680798005 0.5839753466872111 0.005610972568578554 0.06317411402157165
0 0.17716126350789693 0.5963020030816641 0.010182876142975894 0.020030816640986132
0 0.19098088113050707 0.5920647149460708 0.017456359102244388 0.026964560862865947
0 0.2091645885286783 0.5982280431432974 0.008935993349958437 0.028505392912172575
0 0.21685369908561927 0.5939907550077042 0.00685785536159601 0.04314329738058552
0 0.22973815461346633 0.5924499229583975 0.013092269326683292 0.01848998459167951
0 0.2382585203657523 0.6020801232665639 0.014339152119700748 0.016178736517719568
0 0.24885702410640068 0.5905238828967643 0.0184954280964256 0.025423728813559324
0 0.2841853699085619 0.5882126348228043 0.01059850374064838 0.05624036979969183
0 0.296238570241064 0.5951463790446841 0.015586034912718205 0.020801232665639446
0 0.3064214463840399 0.5828197226502311 0.008104738154613466 0.040832049306625574
0 0.3185785536159601 0.5939907550077042 0.006650041562759767 0.026194144838212634
0 0.32917705735660846 0.575115562403698 0.008728179551122194 0.05161787365177196
0 0.34174979218620116 0.5835901386748844 0.013923524522028262 0.0362095531587057
0 0.3529717373233583 0.6036209553158706 0.007689110556940981 0.017719568567026195
0 0.3613881961762261 0.5959167950693375 0.007896924355777223 0.040832049306625574
0 0.375 0.6013097072419107 0.01142975893599335 0.045454545454545456
0 0.3923524522028263 0.5859013867488444 0.013300083125519535 0.05161787365177196
0 0.40991271820448877 0.5978428351309707 0.013507896924355778 0.030816640986132512
0 0.43318786367414797 0.6086286594761171 0.007689110556940981 0.023112480739599383
0 0.4459684123025769 0.5824345146379045 0.005818786367414797 0.04776579352850539
0 0.45594347464671653 0.5970724191063174 0.005403158769742311 0.040061633281972264
0 0.466645885286783 0.597457627118644 0.012676641729010805 0.013097072419106317
0 0.49345386533665836 0.5866718027734977 0.008935993349958437 0.06548536209553159
0 0.5023898586866168 0.5878274268104776 0.014754779717373233 0.01694915254237288
0 0.5165211970074813 0.5870570107858244 0.014339152119700748 0.032357473035439135
0 0.5270157938487116 0.5989984591679507 0.012053200332502078 0.031587057010785825
0 0.5410432252701579 0.5855161787365177 0.007273482959268496 0.04930662557781202
0 0.5489401496259352 0.5843605546995377 0.009351620947630923 0.030046224961479198
0 0.5601620947630923 0.5835901386748844 0.005195344970906068 0.04699537750385208
0 0.5724231088944306 0.5870570107858244 0.011845386533665835 0.04930662557781202
0 0.5866583541147132 0.6078582434514638 0.006234413965087282 0.04930662557781202
0 0.6257273482959268 0.5909090909090909 0.007896924355777223 0.030816640986132512
0 0.6545095594347464 0.5893682588597843 0.004364089775561097 0.04468412942989214
0 0.6433915211970075 0.6013097072419107 0.013300083125519535 0.03466872110939907
0 0.5926849542809642 0.5989984591679507 0.007065669160432253 0.031587057010785825
0 0.6692643391521197 0.5912942989214176 0.006026600166251039 0.040832049306625574
0 0.6828761429758936 0.575115562403698 0.00457190357439734 0.05624036979969183
0 0.6988778054862843 0.5866718027734977 0.011637572734829594 0.03466872110939907
0 0.7150872817955112 0.5982280431432974 0.011221945137157107 0.0485362095531587
0 0.7265170407315046 0.6005392912172574 0.010390689941812137 0.05624036979969183
0 0.7387780548628429 0.5866718027734977 0.009559434746467166 0.03312788906009245
0 0.7502078137988363 0.5901386748844376 0.010806317539484621 0.040061633281972264
0 0.762884455527847 0.598613251155624 0.00914380714879468 0.03852080123266564
0 0.7758728179551122 0.5955315870570108 0.014339152119700748 0.029275808936825885
0 0.7896924355777224 0.5905238828967643 0.014131338320864505 0.028505392912172575
0 0.8037198669991688 0.600924499229584 0.008104738154613466 0.030816640986132512
0 0.8155652535328346 0.5959167950693375 0.013923524522028262 0.028505392912172575
0 0.8466334164588528 0.5862865947611711 0.008728179551122194 0.04160246533127889
0 0.8635702410640067 0.6055469953775039 0.007689110556940981 0.0662557781201849
0 0.8697007481296758 0.5805084745762712 0.00831255195344971 0.031587057010785825
0 0.8814422277639236 0.5866718027734977 0.010182876142975894 0.0362095531587057
0 0.9343308395677473 0.5966872110939908 0.00914380714879468 0.06394453004622497
0 0.9475270157938487 0.5989984591679507 0.009351620947630923 0.05624036979969183
0 0.9618661679135495 0.6020801232665639 0.009351620947630923 0.059322033898305086
0 0.9722568578553616 0.5828197226502311 0.008104738154613466 0.039291217257318954
0 0.031795511221945134 0.837442218798151 0.00831255195344971 0.03852080123266564
0 0.04488778054862843 0.8532357473035439 0.007065669160432253 0.05624036979969183
0 0.05725270157938487 0.8312788906009245 0.014754779717373233 0.02773497688751926
0 0.08239817123857024 0.8293528505392912 0.013092269326683292 0.03312788906009245
0 0.10120532003325021 0.8278120184899846 0.01662510390689942 0.023882896764252697
0 0.11492103075644222 0.8281972265023112 0.004987531172069825 0.060092449922958396
0 0.12406483790523691 0.8305084745762712 0.010806317539484621 0.030816640986132512
0 0.13642975893599335 0.8270416024653313 0.009767248545303408 0.03466872110939907
0 0.14588528678304238 0.8312788906009245 0.007065669160432253 0.046224961479198766
0 0.16095178719866998 0.8320493066255779 0.005610972568578554 0.046224961479198766
0 0.17196591853699086 0.8316640986132512 0.00685785536159601 0.05778120184899846
0 0.1809019118869493 0.8297380585516179 0.004779717373233583 0.05546995377503852
0 0.19970906068162925 0.8316640986132512 0.017456359102244388 0.06548536209553159
0 0.21394430590191188 0.8293528505392912 0.013507896924355778 0.026964560862865947
0 0.22610141313383209 0.8197226502311248 0.00831255195344971 0.04468412942989214
0 0.23597256857855362 0.8412942989214176 0.01059850374064838 0.04930662557781202
0 0.26330008312551956 0.8470724191063174 0.017040731504571905 0.016178736517719568
0 0.2850166251039069 0.8397534668721109 0.009351620947630923 0.03852080123266564
0 0.296238570241064 0.8355161787365177 0.009767248545303408 0.06086286594761171
0 0.3064214463840399 0.8297380585516179 0.005610972568578554 0.060092449922958396
0 0.3181629260182876 0.827426810477658 0.00831255195344971 0.061633281972265024
0 0.343308395677473 0.8378274268104776 0.012468827930174564 0.045454545454545456
0 0.3546342477140482 0.8289676425269645 0.007689110556940981 0.030816640986132512
0 0.363881961762261 0.8412942989214176 0.018703241895261846 0.023112480739599383
0 0.37957190357439735 0.8343605546995377 0.013092269326683292 0.029275808936825885
0 0.39048212801330007 0.8289676425269645 0.011637572734829594 0.032357473035439135
0 0.3994181213632585 0.8281972265023112 0.00831255195344971 0.061633281972265024
0 0.43495428096425603 0.827426810477658 0.00831255195344971 0.05701078582434515
0 0.4232128013300083 0.8220338983050848 0.009351620947630923 0.030816640986132512
0 0.46810058187863673 0.838597842835131 0.012261014131338321 0.011556240369799691
0 0.4572942643391521 0.8424499229583975 0.008104738154613466 0.03466872110939907
0 0.4835827098919368 0.8424499229583975 0.011637572734829594 0.028505392912172575
0 0.49158354114713215 0.8362865947611711 0.012261014131338321 0.026964560862865947
0 0.5041562759767249 0.8316640986132512 0.017040731504571905 0.011556240369799691
0 0.5146508728179551 0.8378274268104776 0.011014131338320864 0.04699537750385208
0 0.529093931837074 0.8139445300462249 0.005818786367414797 0.04391371340523883
0 0.5541354945968412 0.8405238828967643 0.007273482959268496 0.032357473035439135
0 0.5717996674979219 0.8208782742681048 0.00685785536159601 0.031587057010785825
0 0.587281795511222 0.8181818181818182 0.010806317539484621 0.03543913713405239
0 0.5979842061512884 0.8301232665639445 0.006442227763923524 0.0423728813559322
0 0.6185577722360764 0.8270416024653313 0.013092269326683292 0.030046224961479198
0 0.6319617622610141 0.8201078582434514 0.011637572734829594 0.028505392912172575
0 0.6497298420615129 0.838597842835131 0.015586034912718205 0.01926040061633282
0 0.670407315045719 0.8366718027734977 0.011221945137157107 0.061633281972265024
0 0.6836034912718204 0.8308936825885979 0.012676641729010805 0.04699537750385208
0 0.7161263507896924 0.8397534668721109 0.008728179551122194 0.060092449922958396
0 0.7358686616791354 0.8293528505392912 0.010806317539484621 0.07318952234206472
0 0.7549875311720698 0.8366718027734977 0.012884455527847049 0.03389830508474576
0 0.7829384871155445 0.8343605546995377 0.008520365752285953 0.03852080123266564
0 0.7894846217788861 0.8285824345146379 0.008728179551122194 0.039291217257318954
0 0.8075644222776392 0.8285824345146379 0.00457190357439734 0.059322033898305086
0 0.8237738985868661 0.8301232665639445 0.00831255195344971 0.039291217257318954
0 0.8337489609310058 0.8204930662557781 0.00997506234413965 0.060092449922958396
0 0.8529717373233583 0.8228043143297381 0.012261014131338321 0.04776579352850539
0 0.8652327514546966 0.8355161787365177 0.01807980049875312 0.023882896764252697
0 0.8881961762261014 0.8170261941448382 0.007065669160432253 0.06702619414483821
0 0.8927680798004988 0.8266563944530047 0.013300083125519535 0.03543913713405239
0 0.9059642560266001 0.8324345146379045 0.007689110556940981 0.031587057010785825
0 0.9145885286783042 0.8266563944530047 0.004156275976724855 0.061633281972265024
0 0.9277847049044057 0.8216486902927581 0.005195344970906068 0.06856702619414484
0 0.9385910224438903 0.8316640986132512 0.011845386533665835 0.03312788906009245
0 0.9595802161263508 0.837442218798151 0.007273482959268496 0.06471494607087827
0 0.9526184538653366 0.8397534668721109 0.012053200332502078 0.029275808936825885
0 0.9696591853699086 0.8170261941448382 0.00997506234413965 0.039291217257318954
