0 0.5744977678571429 0.7059352517985612 0.01953125 0.06115107913669065
0 0.03208705357142857 0.954136690647482 0.040736607142857144 0.02877697841726619
0 0.9182477678571429 0.4797661870503597 0.020647321428571428 0.06564748201438848
0 0.2818080357142857 0.19694244604316546 0.036830357142857144 0.052158273381294966
0 0.7536272321428571 0.20863309352517986 0.029575892857142856 0.04316546762589928
0 0.48409598214285715 0.4626798561151079 0.04185267857142857 0.03327338129496403
0 0.39760044642857145 0.9721223021582733 0.026227678571428572 0.025179856115107913
0 0.6004464285714286 0.4608812949640288 0.027901785714285716 0.044064748201438846
0 0.3314732142857143 0.18705035971223022 0.026785714285714284 0.06115107913669065
0 0.8038504464285714 0.7194244604316546 0.04185267857142857 0.025179856115107913
0 0.49693080357142855 0.19739208633093525 0.03180803571428571 0.044064748201438846
0 0.234375 0.460431654676259 0.03236607142857143 0.03776978417266187
0 0.8404017857142857 0.47257194244604317 0.026785714285714284 0.044064748201438846
0 0.8032924107142857 0.20638489208633093 0.03180803571428571 0.03327338129496403
0 0.8063616071428571 0.9851618705035972 0.03459821428571429 0.018884892086330936
0 0.6007254464285714 0.7212230215827338 0.028459821428571428 0.03776978417266187
0 0.271484375 0.7059352517985612 0.02734375 0.02158273381294964
0 0.6417410714285714 0.97931654676259 0.025669642857142856 0.025179856115107913
0 0.6799665178571429 0.7194244604316546 0.030691964285714284 0.0539568345323741
0 0.8286830357142857 0.20008992805755396 0.03125 0.03866906474820144
0 0.1875 0.960431654676259 0.033482142857142856 0.03597122302158273
0 0.5602678571428571 0.4608812949640288 0.029017857142857144 0.026079136690647483
0 0.8348214285714286 0.720773381294964 0.015625 0.044064748201438846
0 0.9015066964285714 0.21088129496402877 0.030691964285714284 0.06924460431654676
0 0.09319196428571429 0.45638489208633093 0.03125 0.05485611510791367
0 0.6682477678571429 0.9806654676258992 0.022879464285714284 0.024280575539568347
0 0.9475446428571429 0.49640287769784175 0.020089285714285716 0.048561151079136694
0 0.7608816964285714 0.7252697841726619 0.028459821428571428 0.045863309352517985
0 0.7338169642857143 0.7248201438848921 0.036830357142857144 0.03597122302158273
0 0.41378348214285715 0.4595323741007194 0.03404017857142857 0.02697841726618705
0 0.11383928571428571 0.9680755395683454 0.029017857142857144 0.0170863309352518
0 0.8337053571428571 0.9806654676258992 0.018973214285714284 0.02787769784172662
0 0.5315290178571429 0.47032374100719426 0.023995535714285716 0.050359712230215826
0 0.16768973214285715 0.46402877697841727 0.015066964285714286 0.050359712230215826
0 0.42996651785714285 0.19424460431654678 0.03850446428571429 0.02877697841726619
0 0.44754464285714285 0.4590827338129496 0.029017857142857144 0.05665467625899281
0 0.062220982142857144 0.9617805755395683 0.021763392857142856 0.03147482014388489
0 0.16127232142857142 0.6892985611510791 0.03125 0.03147482014388489
0 0.5226004464285714 0.20413669064748202 0.020647321428571428 0.03776978417266187
0 0.19252232142857142 0.7027877697841727 0.024553571428571428 0.011690647482014389
0 0.08733258928571429 0.9586330935251799 0.017299107142857144 0.03776978417266187
0 0.7882254464285714 0.4685251798561151 0.03850446428571429 0.030575539568345324
0 0.23856026785714285 0.7153776978417267 0.01953125 0.06205035971223022
0 0.5485491071428571 0.2014388489208633 0.021205357142857144 0.044964028776978415
0 0.38643973214285715 0.1982913669064748 0.045200892857142856 0.03866906474820144
0 0.5295758928571429 0.7230215827338129 0.024553571428571428 0.039568345323741004
0 0.8127790178571429 0.4685251798561151 0.01953125 0.044964028776978415
0 0.7469308035714286 0.48201438848920863 0.03850446428571429 0.03237410071942446
0 0.8590959821428571 0.7221223021582733 0.028459821428571428 0.019784172661870502
0 0.5128348214285714 0.9797661870503597 0.022321428571428572 0.018884892086330936
0 0.7003348214285714 0.7185251798561151 0.013392857142857142 0.046762589928057555
0 0.46847098214285715 0.697841726618705 0.017299107142857144 0.052158273381294966
0 0.32700892857142855 0.7099820143884892 0.03571428571428571 0.02068345323741007
0 0.8607700892857143 0.210431654676259 0.032924107142857144 0.02697841726618705
0 0.36941964285714285 0.7095323741007195 0.025669642857142856 0.01618705035971223
0 0.49888392857142855 0.7117805755395683 0.029017857142857144 0.018884892086330936
0 0.16489955357142858 0.9572841726618705 0.017299107142857144 0.044064748201438846
0 0.06194196428571429 0.7023381294964028 0.03125 0.023381294964028777
0 0.4603794642857143 0.9734712230215827 0.026785714285714284 0.024280575539568347
0 0.45228794642857145 0.7063848920863309 0.015066964285714286 0.06025179856115108
0 0.9553571428571429 0.21807553956834533 0.0234375 0.04226618705035971
0 0.18722098214285715 0.18660071942446044 0.03515625 0.03147482014388489
0 0.14146205357142858 0.7045863309352518 0.013950892857142858 0.02068345323741007
0 0.40345982142857145 0.7158273381294964 0.014508928571428572 0.05755395683453238
0 0.6180245535714286 0.2014388489208633 0.03515625 0.02877697841726619
0 0.42299107142857145 0.7189748201438849 0.020089285714285716 0.047661870503597124
0 0.22181919642857142 0.9734712230215827 0.03627232142857143 0.013489208633093525
0 0.875 0.9865107913669064 0.026785714285714284 0.025179856115107913
0 0.314453125 0.9685251798561151 0.017299107142857144 0.02697841726618705
0 0.16099330357142858 0.18615107913669066 0.009486607142857142 0.05575539568345324
0 0.5705915178571429 0.20323741007194246 0.032924107142857144 0.039568345323741004
0 0.849609375 0.9806654676258992 0.013950892857142858 0.03507194244604316
0 0.6294642857142857 0.7239208633093526 0.0390625 0.02877697841726619
0 0.43861607142857145 0.966726618705036 0.024553571428571428 0.019784172661870502
0 0.615234375 0.9734712230215827 0.010602678571428572 0.0368705035971223
0 0.14899553571428573 0.4348021582733813 0.022321428571428572 0.03147482014388489
0 0.5965401785714286 0.20638489208633093 0.014508928571428572 0.053057553956834536
0 0.2533482142857143 0.45323741007194246 0.03125 0.023381294964028777
0 0.23493303571428573 0.1928956834532374 0.03236607142857143 0.029676258992805755
0 0.6794084821428571 0.2135791366906475 0.022879464285714284 0.053057553956834536
0 0.9255022321428571 0.2185251798561151 0.04743303571428571 0.0539568345323741
0 0.7667410714285714 0.4802158273381295 0.010044642857142858 0.06115107913669065
0 0.21372767857142858 0.19469424460431656 0.025669642857142856 0.029676258992805755
0 0.6607142857142857 0.21672661870503598 0.027901785714285716 0.030575539568345324
0 0.7036830357142857 0.21267985611510792 0.03236607142857143 0.024280575539568347
0 0.3549107142857143 0.9649280575539568 0.014508928571428572 0.02877697841726619
0 0.7271205357142857 0.21267985611510792 0.014508928571428572 0.053057553956834536
0 0.34068080357142855 0.9748201438848921 0.015066964285714286 0.017985611510791366
0 0.09263392857142858 0.7032374100719424 0.04575892857142857 0.02158273381294964
0 0.650390625 0.7212230215827338 0.030691964285714284 0.023381294964028777
0 0.11244419642857142 0.45863309352517984 0.03515625 0.019784172661870502
0 0.150390625 0.19469424460431656 0.016183035714285716 0.044064748201438846
0 0.27706473214285715 0.454136690647482 0.03515625 0.02877697841726619
0 0.30691964285714285 0.4653776978417266 0.0234375 0.022482014388489208
0 0.318359375 0.4487410071942446 0.018415178571428572 0.0341726618705036
0 0.3607700892857143 0.4527877697841727 0.029575892857142856 0.029676258992805755
0 0.3783482142857143 0.45593525179856115 0.03236607142857143 0.025179856115107913
0 0.6364397321428571 0.4748201438848921 0.025111607142857144 0.03237410071942446
0 0.6515066964285714 0.4748201438848921 0.017299107142857144 0.03597122302158273
0 0.703125 0.4680755395683453 0.04575892857142857 0.026079136690647483
0 0.869140625 0.4635791366906475 0.03515625 0.03327338129496403
0 0.8758370535714286 0.4797661870503597 0.023995535714285716 0.0170863309352518
0 0.9037388392857143 0.7113309352517986 0.01953125 0.0341726618705036
0 0.8909040178571429 0.7234712230215827 0.022879464285714284 0.0368705035971223
0 0.22488839285714285 0.6964928057553957 0.024553571428571428 0.03327338129496403
0 0.30245535714285715 0.7117805755395683 0.0078125 0.03866906474820144
0 0.12276785714285714 0.7068345323741008 0.030133928571428572 0.03237410071942446
0 0.13309151785714285 0.9676258992805755 0.032924107142857144 0.023381294964028777
0 0.47823660714285715 0.970773381294964 0.012276785714285714 0.0368705035971223
0 0.23660714285714285 0.9671762589928058 0.022321428571428572 0.015287769784172662
0 0.26981026785714285 0.9698741007194245 0.048549107142857144 0.024280575539568347
0 0.5736607142857143 0.97931654676259 0.010044642857142858 0.023381294964028777
0 0.5848214285714286 0.9811151079136691 0.008928571428571428 0.023381294964028777
0 0.7022879464285714 0.9797661870503597 0.026227678571428572 0.0170863309352518
0 0.7181919642857143 0.9842625899280576 0.022321428571428572 0.015287769784172662
0 0.736328125 0.9811151079136691 0.022879464285714284 0.02697841726618705
