0 0.15650912106135986 0.25380359612724757 0.004560530679933665 0.042876901798063624
0 0.8720978441127695 0.29806362378976486 0.004560530679933665 0.029045643153526972
0 0.22408789386401326 0.27800829875518673 0.004560530679933665 0.03319502074688797
0 0.13038971807628524 0.7247579529737206 0.006218905472636816 0.022130013831258646
0 0.8490878938640133 0.7365145228215768 0.012437810945273632 0.02627939142461964
0 0.3003731343283582 0.2793914246196404 0.012023217247097845 0.027662517289073305
0 0.7104063018242123 0.7213001383125864 0.008706467661691543 0.017980636237897647
0 0.564469320066335 0.719225449515906 0.00538971807628524 0.03319502074688797
0 0.2815091210613599 0.7164591977869986 0.011608623548922056 0.019363762102351315
0 0.1552653399668325 0.715076071922545 0.002902155887230514 0.016597510373443983
0 0.21641791044776118 0.710926694329184 0.009950248756218905 0.024896265560165973
0 0.46165008291873966 0.7143845089903181 0.012023217247097845 0.048409405255878286
0 0.3283582089552239 0.2842323651452282 0.007462686567164179 0.029045643153526972
0 0.5012437810945274 0.719225449515906 0.00912106135986733 0.030428769017980636
0 0.09680762852404644 0.27800829875518673 0.007877280265339967 0.04426002766251729
0 0.8861940298507462 0.7351313969571232 0.007877280265339967 0.029045643153526972
0 0.7966417910447762 0.2946058091286307 0.010364842454394693 0.030428769017980636
0 0.31965174129353235 0.7053941908713693 0.005804311774461028 0.035961272475795295
0 0.8940713101160862 0.29806362378976486 0.0037313432835820895 0.02351313969571231
0 0.29705638474295193 0.7226832641770401 0.009535655058043118 0.0318118948824343
0 0.62106135986733 0.7143845089903181 0.006633499170812604 0.0318118948824343
0 0.7122719734660033 0.2897648686030429 0.007462686567164179 0.042876901798063624
0 0.5263266998341625 0.7261410788381742 0.007877280265339967 0.05532503457814661
0 0.2821310116086235 0.28077455048409405 0.007877280265339967 0.030428769017980636
0 0.6449004975124378 0.7309820193637621 0.011194029850746268 0.02074688796680498
0 0.6726782752902156 0.2752420470262794 0.011194029850746268 0.03319502074688797
0 0.44527363184079605 0.7213001383125864 0.012437810945273632 0.02627939142461964
0 0.3407960199004975 0.2745504840940526 0.008291873963515755 0.029045643153526972
0 0.4502487562189055 0.2579529737206086 0.007462686567164179 0.06224066390041494
0 0.7547678275290216 0.28561549100968187 0.01285240464344942 0.042876901798063624
0 0.17640961857379767 0.26832641770401106 0.010364842454394693 0.03319502074688797
0 0.24253731343283583 0.28561549100968187 0.006633499170812604 0.034578146611341634
0 0.3642205638474295 0.27800829875518673 0.007048092868988391 0.019363762102351315
0 0.913971807628524 0.30013831258644535 0.007877280265339967 0.035961272475795295
0 0.23714759535655058 0.7240663900414938 0.007462686567164179 0.034578146611341634
0 0.6950663349917081 0.2821576763485477 0.01285240464344942 0.04149377593360996
0 0.353441127694859 0.7309820193637621 0.009535655058043118 0.040110650069156296
0 0.4019485903814262 0.7219917012448133 0.01451077943615257 0.04149377593360996
0 0.8043117744610282 0.7565698478561549 0.006633499170812604 0.04149377593360996
0 0.09639303482587065 0.7247579529737206 0.01285240464344942 0.024896265560165973
0 0.10862354892205639 0.7047026279391425 0.011608623548922056 0.051175656984785614
0 0.26492537313432835 0.3029045643153527 0.011608623548922056 0.027662517289073305
0 0.9092039800995025 0.7392807745504841 0.005804311774461028 0.02351313969571231
0 0.33747927031509123 0.7254495159059474 0.01077943615257048 0.029045643153526972
0 0.5420812603648425 0.7081604426002767 0.01285240464344942 0.05255878284923928
0 0.3812189054726368 0.7282157676348547 0.007048092868988391 0.029045643153526972
0 0.07504145936981758 0.6929460580912863 0.008291873963515755 0.04979253112033195
0 0.6044776119402985 0.7206085753803596 0.007462686567164179 0.027662517289073305
0 0.1950663349917081 0.7102351313969572 0.011194029850746268 0.059474412171507604
0 0.7336235489220564 0.27869986168741356 0.007877280265339967 0.0318118948824343
0 0.6838723051409619 0.7289073305670816 0.01285240464344942 0.022130013831258646
0 0.5084991708126037 0.2710926694329184 0.013681592039800995 0.04149377593360996
0 0.7439883913764511 0.7427385892116183 0.011194029850746268 0.035961272475795295
0 0.17081260364842454 0.7130013831258645 0.007462686567164179 0.048409405255878286
0 0.6092454394693201 0.2690179806362379 0.010364842454394693 0.048409405255878286
0 0.6316334991708126 0.2717842323651452 0.01451077943615257 0.05394190871369295
0 0.4697346600331675 0.2627939142461964 0.014096185737976783 0.04702627939142462
0 0.48134328358208955 0.7102351313969572 0.011608623548922056 0.040110650069156296
0 0.3845356550580431 0.2551867219917012 0.010364842454394693 0.056708160442600276
0 0.42723880597014924 0.2579529737206086 0.015339966832504145 0.048409405255878286
0 0.6513266998341625 0.2690179806362379 0.004975124378109453 0.034578146611341634
0 0.7238805970149254 0.7053941908713693 0.015754560530679935 0.05255878284923928
0 0.11961028192371476 0.2607192254495159 0.012023217247097845 0.06224066390041494
0 0.4253731343283582 0.7060857538035962 0.014096185737976783 0.056708160442600276
0 0.8725124378109452 0.7413554633471646 0.010364842454394693 0.04426002766251729
0 0.6610696517412935 0.7275242047026279 0.0037313432835820895 0.04979253112033195
0 0.08188225538971808 0.26141078838174275 0.012023217247097845 0.04702627939142462
0 0.5893449419568823 0.2766251728907331 0.018656716417910446 0.035961272475795295
0 0.5816749585406302 0.7240663900414938 0.014925373134328358 0.06500691562932227
0 0.40630182421227196 0.2745504840940526 0.0041459369817578775 0.017980636237897647
0 0.20066334991708126 0.26556016597510373 0.008291873963515755 0.06915629322268327
0 0.8283582089552238 0.7130013831258645 0.00912106135986733 0.03734439834024896
0 0.4896351575456053 0.2600276625172891 0.017412935323383085 0.06085753803596127
0 0.5663349917081261 0.2669432918395574 0.011608623548922056 0.07192254495159059
0 0.13246268656716417 0.2752420470262794 0.007877280265339967 0.019363762102351315
0 0.14220563847429518 0.2766251728907331 0.005804311774461028 0.022130013831258646
0 0.16521558872305142 0.26832641770401106 0.007048092868988391 0.024896265560165973
0 0.3687810945273632 0.27040110650069155 0.006218905472636816 0.02627939142461964
0 0.5538971807628524 0.2897648686030429 0.008291873963515755 0.034578146611341634
0 0.07151741293532338 0.25864453665283543 0.007048092868988391 0.04702627939142462
0 0.347636815920398 0.2697095435684647 0.007048092868988391 0.024896265560165973
0 0.5306799336650083 0.2773167358229599 0.012437810945273632 0.04564315352697095
0 0.7514510779436152 0.2918395573997234 0.006218905472636816 0.030428769017980636
0 0.7672056384742952 0.7468879668049793 0.006218905472636816 0.027662517289073305
0 0.7873134328358209 0.7254495159059474 0.011608623548922056 0.034578146611341634
0 0.2543532338308458 0.7033195020746889 0.006218905472636816 0.07053941908713693
0 0.8271144278606966 0.3354080221300138 0.01658374792703151 0.02627939142461964
0 0.8354063018242123 0.3312586445366528 0.007462686567164179 0.042876901798063624
