0 0.2201001878522229 0.6214057507987221 0.029430181590482152 0.022364217252396165
0 0.971195992485911 0.09824281150159744 0.025046963055729492 0.038338658146964855
0 0.6064495929868503 0.1253993610223642 0.024420788979336257 0.036741214057507986
0 0.2946149029430182 0.15415335463258786 0.023168440826549782 0.04952076677316294
0 0.4376956793988729 0.8246805111821086 0.01878522229179712 0.04712460063897764
0 0.5889167188478397 0.8234824281150159 0.03318722604884158 0.03035143769968051
0 0.6524733876017533 0.8059105431309904 0.021289918597370068 0.036741214057507986
0 0.9420788979336255 0.5634984025559105 0.029430181590482152 0.0439297124600639
0 0.3512836568566061 0.8426517571884984 0.041327489041953665 0.023961661341853034
0 0.029117094552285536 0.4045527156549521 0.016906700062617408 0.03913738019169329
0 0.7802128991859737 0.10702875399361023 0.031308703819661866 0.020766773162939296
0 0.821853475266124 0.8003194888178914 0.018159048215403883 0.04472843450479233
0 0.799624295554164 0.7975239616613419 0.025046963055729492 0.048722044728434506
0 0.8647463994990607 0.7895367412140575 0.046336881653099564 0.0231629392971246
0 0.3882279273638071 0.16134185303514376 0.012523481527864746 0.051118210862619806
0 0.4799624295554164 0.8378594249201278 0.040701314965560426 0.04472843450479233
0 0.029430181590482152 0.643370607028754 0.028804007514088917 0.034345047923322686
0 0.3807138384470883 0.384185303514377 0.03506574827802129 0.023961661341853034
0 0.922041327489042 0.7863418530351438 0.035691922354414526 0.029552715654952075
0 0.5742016280525987 0.12579872204472844 0.03757044458359424 0.029552715654952075
0 0.7767689417658109 0.8003194888178914 0.036944270507201005 0.03035143769968051
0 0.2564182842830307 0.16373801916932906 0.023168440826549782 0.04313099041533546
0 0.17157169693174704 0.6297923322683706 0.021289918597370068 0.0439297124600639
0 0.22949279899812147 0.8534345047923323 0.029430181590482152 0.048722044728434506
0 0.09705698184095178 0.8662140575079872 0.021289918597370068 0.04233226837060703
0 0.6249217282404509 0.582667731629393 0.043832185347526614 0.0231629392971246
0 0.858797745773325 0.3402555910543131 0.020663744520976832 0.04792332268370607
0 0.20882905447714464 0.16892971246006389 0.020663744520976832 0.04073482428115016
0 0.6242955541640576 0.810702875399361 0.041327489041953665 0.023961661341853034
0 0.17063243581715717 0.17052715654952078 0.023168440826549782 0.050319488817891375
0 0.91296180338134 0.10543130990415335 0.023794614902943018 0.02875399361022364
0 0.7269881026925485 0.12460063897763578 0.01878522229179712 0.04792332268370607
0 0.46681277395115844 0.14177316293929712 0.02567313713212273 0.03913738019169329
0 0.2817783343769568 0.3769968051118211 0.03256105197244834 0.019169329073482427
0 0.4452097683155917 0.59185303514377 0.038822792736380715 0.05591054313099041
0 0.8772698810269255 0.34105431309904155 0.031308703819661866 0.03194888178913738
0 0.2570444583594239 0.38698083067092653 0.039448966812773954 0.03913738019169329
0 0.3525360050093926 0.606629392971246 0.043832185347526614 0.026357827476038338
0 0.5219160926737633 0.11980830670926518 0.018159048215403883 0.054313099041533544
0 0.7983719474013776 0.5634984025559105 0.01878522229179712 0.06789137380191693
0 0.47213525360050096 0.5946485623003195 0.027551659361302442 0.051916932907348244
0 0.07201001878522229 0.1853035143769968 0.040075140889167186 0.027156549520766772
0 0.9148403256105198 0.5579073482428115 0.028804007514088917 0.013578274760383386
0 0.6577958672510958 0.5814696485623003 0.035691922354414526 0.04472843450479233
0 0.5522855353788353 0.35782747603833864 0.031308703819661866 0.009584664536741214
0 0.5911083281152161 0.3542332268370607 0.041327489041953665 0.018370607028753993
0 0.05604257983719474 0.8682108626198083 0.013149655604257984 0.038338658146964855
0 0.7417031934877896 0.8039137380191693 0.038196618659987476 0.026357827476038338
0 0.8685034439574202 0.10023961661341853 0.01628052598622417 0.035942492012779555
0 0.027551659361302442 0.8718051118210862 0.038822792736380715 0.0231629392971246
0 0.09173450219160927 0.4077476038338658 0.06825297432686286 0.0231629392971246
0 0.7122730118973074 0.3586261980830671 0.036944270507201005 0.022364217252396165
0 0.9364433312460864 0.33586261980830673 0.040701314965560426 0.0231629392971246
0 0.12241703193487789 0.8594249201277955 0.019411396368190358 0.03194888178913738
0 0.23231058234189106 0.393370607028754 0.03506574827802129 0.027955271565495207
0 0.2946149029430182 0.6090255591054313 0.030682529743268627 0.050319488817891375
0 0.39292423293675643 0.8374600638977636 0.044458359423919847 0.04552715654952077
0 0.16656230432060112 0.4037539936102236 0.023794614902943018 0.03274760383386582
0 0.8155917345021916 0.33825878594249204 0.030682529743268627 0.019968051118210862
0 0.3118346900438322 0.6118210862619808 0.021289918597370068 0.052715654952076675
0 0.03663118346900438 0.18370607028753994 0.011897307451471509 0.04792332268370607
0 0.2798998121477771 0.8450479233226837 0.033813400125234816 0.04952076677316294
0 0.6831559173450219 0.5818690095846646 0.036318096430807766 0.03274760383386582
0 0.5325610519724483 0.8234824281150159 0.016906700062617408 0.05750798722044728
0 0.5591734502191609 0.8234824281150159 0.038822792736380715 0.03035143769968051
0 0.9433312460864121 0.7835463258785943 0.013149655604257984 0.04952076677316294
0 0.5134627426424546 0.8250798722044729 0.026299311208515967 0.04472843450479233
0 0.9373825923606762 0.09824281150159744 0.015028177833437696 0.020766773162939296
0 0.4978083907326237 0.14297124600638977 0.03256105197244834 0.03354632587859425
0 0.12711333750782716 0.6345846645367412 0.03506574827802129 0.0231629392971246
0 0.9035691922354414 0.34145367412140576 0.027551659361302442 0.029552715654952075
0 0.6424546023794615 0.35543130990415334 0.038822792736380715 0.01597444089456869
0 0.8832185347526612 0.5595047923322684 0.040701314965560426 0.018370607028753993
0 0.8184095178459612 0.1178115015974441 0.03005635566687539 0.026357827476038338
0 0.14558547276142766 0.6186102236421726 0.020663744520976832 0.048722044728434506
0 0.14996869129618035 0.17172523961661343 0.015654351909830933 0.03035143769968051
0 0.7016280525986224 0.11900958466453675 0.030682529743268627 0.019169329073482427
0 0.20507201001878522 0.8466453674121406 0.024420788979336257 0.02875399361022364
0 0.7410770194113964 0.3518370607028754 0.014402003757044458 0.05511182108626198
0 0.41045710707576705 0.6058306709265175 0.020663744520976832 0.02476038338658147
0 0.6731371321227301 0.3570287539936102 0.045084533500313086 0.019169329073482427
0 0.8459611772072636 0.11581469648562301 0.03256105197244834 0.027156549520766772
0 0.6718847839699437 0.1273961661341853 0.028804007514088917 0.03274760383386582
0 0.11490294301815905 0.18370607028753994 0.018159048215403883 0.025559105431309903
0 0.3115216030056356 0.3765974440894569 0.00939261114589856 0.031150159744408944
0 0.32654978083907327 0.38258785942492013 0.028177833437695678 0.022364217252396165
0 0.4110832811521603 0.38258785942492013 0.020663744520976832 0.027156549520766772
0 0.43049467752035064 0.3821884984025559 0.019411396368190358 0.02156549520766773
0 0.5178459611772073 0.375 0.017532874139010644 0.035942492012779555
0 0.7639323731997495 0.35822683706070285 0.031308703819661866 0.035942492012779555
0 0.7795867251095805 0.3502396166134185 0.022542266750156543 0.027955271565495207
0 0.8553537883531622 0.5626996805111821 0.021289918597370068 0.015175718849840255
0 0.8334376956793988 0.5666932907348243 0.011271133375078271 0.037539936102236424
0 0.7664370695053225 0.5758785942492013 0.01628052598622417 0.03514376996805112
0 0.7382592360676268 0.5722843450479234 0.025046963055729492 0.035942492012779555
0 0.7119599248591109 0.5774760383386581 0.031308703819661866 0.020766773162939296
0 0.5601127113337507 0.5850638977635783 0.031934877896055106 0.04552715654952077
0 0.5381966186599875 0.5934504792332268 0.029430181590482152 0.027156549520766772
0 0.514715090795241 0.5874600638977636 0.013775829680651221 0.034345047923322686
0 0.3969943644333125 0.612220447284345 0.020037570444583593 0.04233226837060703
0 0.09079524107701942 0.6357827476038339 0.012523481527864746 0.03194888178913738
0 0.13024420788979335 0.16293929712460065 0.033813400125234816 0.022364217252396165
0 0.352222917971196 0.15854632587859424 0.031934877896055106 0.048722044728434506
0 0.3659987476518472 0.16773162939297126 0.024420788979336257 0.038338658146964855
0 0.45554164057608015 0.37140575079872207 0.016906700062617408 0.0463258785942492
0 0.4652473387601753 0.3761980830670926 0.026299311208515967 0.019169329073482427
0 0.4915466499686913 0.37140575079872207 0.03256105197244834 0.03514376996805112
0 0.056981840951784594 0.6461661341853036 0.013775829680651221 0.023961661341853034
0 0.25046963055729493 0.6261980830670927 0.01878522229179712 0.03354632587859425
0 0.2567313713212273 0.6190095846645367 0.042579837194740136 0.019169329073482427
0 0.6800250469630558 0.8126996805111821 0.028804007514088917 0.02476038338658147
0 0.7091421415153413 0.8138977635782748 0.028177833437695678 0.03194888178913738
