0 0.6357615894039735 0.7378223495702005 0.008278145695364239 0.025787965616045846
0 0.6061672185430463 0.744269340974212 0.010347682119205299 0.03581661891117478
0 0.660182119205298 0.7378223495702005 0.011589403973509934 0.034383954154727794
0 0.3091887417218543 0.7406876790830945 0.008278145695364239 0.025787965616045846
0 0.5699503311258278 0.7392550143266475 0.008278145695364239 0.02865329512893983
0 0.8373344370860927 0.7335243553008596 0.01076158940397351 0.034383954154727794
0 0.43605132450331124 0.7184813753581661 0.007036423841059603 0.027220630372492838
0 0.18253311258278146 0.7328080229226361 0.013245033112582781 0.03868194842406877
0 0.7471026490066225 0.7722063037249284 0.009933774834437087 0.054441260744985676
0 0.3702400662251656 0.7363896848137536 0.013658940397350994 0.04871060171919771
0 0.4612996688741722 0.7328080229226361 0.00869205298013245 0.044412607449856735
0 0.17197847682119205 0.7170487106017192 0.011175496688741722 0.04154727793696275
0 0.14797185430463577 0.7077363896848138 0.00869205298013245 0.05730659025787966
0 0.10968543046357616 0.744269340974212 0.006622516556291391 0.03581661891117478
0 0.7731788079470199 0.7535816618911175 0.008278145695364239 0.03151862464183381
0 0.8518211920529801 0.7636103151862464 0.009105960264900662 0.022922636103151862
0 0.2740066225165563 0.7199140401146131 0.012417218543046357 0.0673352435530086
0 0.3334023178807947 0.7242120343839542 0.016142384105960264 0.04727793696275072
0 0.09995860927152318 0.24570200573065903 0.012003311258278146 0.0329512893982808
0 0.14010761589403972 0.26504297994269344 0.004552980132450331 0.02865329512893983
0 0.20674668874172186 0.27507163323782235 0.00869205298013245 0.017191977077363897
0 0.22164735099337748 0.25501432664756446 0.009519867549668874 0.04871060171919771
0 0.23447847682119205 0.25859598853868193 0.007036423841059603 0.024355300859598854
0 0.25682947019867547 0.2700573065902579 0.010347682119205299 0.04154727793696275
0 0.28021523178807944 0.2722063037249284 0.012417218543046357 0.022922636103151862
0 0.30008278145695366 0.27292263610315187 0.004966887417218543 0.03868194842406877
0 0.31891556291390727 0.2607449856733524 0.007036423841059603 0.04871060171919771
0 0.3389900662251656 0.2664756446991404 0.008278145695364239 0.025787965616045846
0 0.38079470198675497 0.25429799426934097 0.009933774834437087 0.0329512893982808
0 0.4165976821192053 0.2614613180515759 0.016142384105960264 0.0329512893982808
0 0.44039735099337746 0.2707736389684814 0.012417218543046357 0.017191977077363897
0 0.4584023178807947 0.2600286532951289 0.005380794701986755 0.024355300859598854
0 0.4788907284768212 0.2679083094555874 0.008278145695364239 0.034383954154727794
0 0.49772350993377484 0.25716332378223494 0.012003311258278146 0.03868194842406877
0 0.5343543046357616 0.2607449856733524 0.005794701986754967 0.022922636103151862
0 0.5790562913907285 0.25644699140401145 0.014072847682119206 0.04011461318051576
0 0.6007864238410596 0.28653295128939826 0.005380794701986755 0.034383954154727794
0 0.6639072847682119 0.2800859598853868 0.009933774834437087 0.015759312320916905
0 0.6812913907284768 0.2636103151862464 0.01076158940397351 0.025787965616045846
0 0.7063327814569537 0.26575931232091693 0.01697019867549669 0.05300859598853868
0 0.7166804635761589 0.26504297994269344 0.01945364238410596 0.05730659025787966
0 0.7413079470198676 0.2679083094555874 0.009933774834437087 0.045845272206303724
0 0.7605546357615894 0.2628939828080229 0.01283112582781457 0.03868194842406877
0 0.7845612582781457 0.27578796561604585 0.01283112582781457 0.02148997134670487
0 0.8044288079470199 0.2693409742120344 0.007864238410596027 0.05730659025787966
0 0.8429221854304636 0.27363896848137537 0.007864238410596027 0.04011461318051576
0 0.8855546357615894 0.28939828080229224 0.006208609271523178 0.04297994269340974
0 0.9041804635761589 0.29656160458452724 0.00869205298013245 0.04011461318051576
0 0.9215645695364238 0.29011461318051573 0.007036423841059603 0.0329512893982808
0 0.29201158940397354 0.7335243553008596 0.007036423841059603 0.02865329512893983
0 0.5295943708609272 0.7392550143266475 0.010347682119205299 0.02005730659025788
0 0.5509105960264901 0.745702005730659 0.009105960264900662 0.01862464183381089
0 0.5949917218543046 0.7449856733524355 0.006208609271523178 0.025787965616045846
0 0.7164735099337748 0.744269340974212 0.01076158940397351 0.03008595988538682
0 0.7990480132450332 0.7371060171919771 0.007864238410596027 0.04154727793696275
0 0.921978476821192 0.7363896848137536 0.00869205298013245 0.025787965616045846
0 0.5165562913907285 0.23782234957020057 0.004966887417218543 0.03724928366762178
0 0.5211092715231788 0.251432664756447 0.0074503311258278145 0.03868194842406877
