0 0.39700996677740863 0.6173745173745174 0.005813953488372093 0.010038610038610039
0 0.17649501661129569 0.866023166023166 0.011627906976744186 0.02084942084942085
0 0.4630398671096346 0.6162162162162163 0.005813953488372093 0.026254826254826256
0 0.4808970099667774 0.6154440154440154 0.008305647840531562 0.01698841698841699
0 0.895764119601329 0.8613899613899614 0.014950166112956811 0.014671814671814672
0 0.7676495016611296 0.37027027027027026 0.007890365448504983 0.013127413127413128
0 0.34053156146179403 0.855984555984556 0.006644518272425249 0.02702702702702703
0 0.5305232558139535 0.8687258687258688 0.0170265780730897 0.013899613899613899
0 0.5573089700996677 0.1247104247104247 0.006644518272425249 0.014671814671814672
0 0.08160299003322259 0.12895752895752896 0.01287375415282392 0.013899613899613899
0 0.8091777408637874 0.8621621621621621 0.009551495016611296 0.008494208494208495
0 0.6021594684385382 0.8571428571428571 0.015780730897009966 0.010810810810810811
0 0.8309800664451827 0.8621621621621621 0.0049833887043189366 0.02702702702702703
0 0.917358803986711 0.37065637065637064 0.009966777408637873 0.012355212355212355
0 0.751453488372093 0.11969111969111969 0.016196013289036543 0.009266409266409266
0 0.5564784053156147 0.8648648648648649 0.014950166112956811 0.010810810810810811
0 0.012250830564784054 0.6189189189189189 0.007890365448504983 0.019305019305019305
0 0.08803986710963455 0.6231660231660232 0.006644518272425249 0.015444015444015444
0 0.29671926910299 0.8729729729729729 0.009551495016611296 0.01776061776061776
0 0.15843023255813954 0.6208494208494209 0.012043189368770765 0.013899613899613899
0 0.23567275747508307 0.3783783783783784 0.015365448504983389 0.018532818532818532
0 0.48027408637873753 0.8664092664092664 0.0070598006644518275 0.021621621621621623
0 0.8519518272425249 0.8656370656370657 0.009551495016611296 0.009266409266409266
0 0.2605897009966777 0.3745173745173745 0.009551495016611296 0.018532818532818532
0 0.30959302325581395 0.61003861003861 0.012043189368770765 0.023166023166023165
0 0.2815614617940199 0.8621621621621621 0.012458471760797342 0.01776061776061776
0 0.7811461794019934 0.6135135135135135 0.005813953488372093 0.02857142857142857
0 0.7437707641196013 0.3826254826254826 0.006644518272425249 0.025482625482625483
0 0.7323504983388704 0.12277992277992278 0.005398671096345515 0.01698841698841699
0 0.4073920265780731 0.8671814671814672 0.014119601328903655 0.013899613899613899
0 0.7724252491694352 0.1250965250965251 0.015780730897009966 0.013899613899613899
0 0.07869601328903654 0.6142857142857143 0.00872093023255814 0.01776061776061776
0 0.8766611295681063 0.864092664092664 0.005813953488372093 0.03861003861003861
0 0.521594684385382 0.6142857142857143 0.014950166112956811 0.025482625482625483
0 0.6137873754152824 0.37335907335907337 0.018272425249169437 0.010038610038610039
0 0.9428986710963455 0.8671814671814672 0.005398671096345515 0.03397683397683398
0 0.38309800664451826 0.37683397683397685 0.0070598006644518275 0.018532818532818532
0 0.6546926910299004 0.6216216216216216 0.011212624584717609 0.01698841698841699
0 0.29069767441860467 0.6193050193050194 0.005813953488372093 0.0416988416988417
0 0.7070182724252492 0.8671814671814672 0.007890365448504983 0.020077220077220077
0 0.19061461794019935 0.3749034749034749 0.009136212624584718 0.01776061776061776
0 0.7543604651162791 0.8613899613899614 0.017857142857142856 0.016216216216216217
0 0.19476744186046513 0.8606177606177606 0.011627906976744186 0.019305019305019305
0 0.14929401993355482 0.37683397683397685 0.007890365448504983 0.026254826254826256
0 0.8930647840531561 0.3745173745173745 0.010382059800664452 0.012355212355212355
0 0.3899501661129568 0.8679536679536679 0.013289036544850499 0.023166023166023165
0 0.8320182724252492 0.3698841698841699 0.006229235880398671 0.027799227799227798
0 0.4692691029900332 0.11583011583011583 0.008305647840531562 0.027799227799227798
0 0.15033222591362128 0.8772200772200772 0.012458471760797342 0.01698841698841699
0 0.7796926910299004 0.8637065637065637 0.011212624584717609 0.025482625482625483
0 0.533014950166113 0.37104247104247107 0.014534883720930232 0.014671814671814672
0 0.7906976744186046 0.372972972972973 0.016611295681063124 0.013899613899613899
0 0.7958887043189369 0.8594594594594595 0.014534883720930232 0.018532818532818532
0 0.8739617940199336 0.3749034749034749 0.009551495016611296 0.025482625482625483
0 0.9026162790697675 0.12857142857142856 0.004568106312292359 0.03166023166023166
0 0.2105481727574751 0.13204633204633204 0.01744186046511628 0.013899613899613899
0 0.8160299003322259 0.12432432432432433 0.011627906976744186 0.029343629343629343
0 0.4428986710963455 0.37799227799227797 0.016196013289036543 0.02857142857142857
0 0.34593023255813954 0.11776061776061776 0.014119601328903655 0.010038610038610039
0 0.4092607973421927 0.11428571428571428 0.006229235880398671 0.029343629343629343
0 0.6430647840531561 0.12818532818532818 0.013704318936877076 0.01698841698841699
0 0.19601328903654486 0.12316602316602317 0.009136212624584718 0.03783783783783784
0 0.5041528239202658 0.8567567567567568 0.019933554817275746 0.019305019305019305
0 0.5006229235880398 0.616988416988417 0.0170265780730897 0.027799227799227798
0 0.6318521594684385 0.6162162162162163 0.010382059800664452 0.02471042471042471
0 0.852782392026578 0.12818532818532818 0.007890365448504983 0.03397683397683398
0 0.25851328903654486 0.8633204633204633 0.005398671096345515 0.029343629343629343
0 0.214078073089701 0.3745173745173745 0.016196013289036543 0.012355212355212355
0 0.4657392026578073 0.3749034749034749 0.025332225913621262 0.019305019305019305
0 0.12333887043189369 0.3640926640926641 0.014119601328903655 0.01776061776061776
0 0.27720099667774084 0.3864864864864865 0.00872093023255814 0.03474903474903475
0 0.36274916943521596 0.3764478764478765 0.02117940199335548 0.014671814671814672
0 0.8133305647840532 0.3745173745173745 0.020348837209302327 0.009266409266409266
0 0.1686046511627907 0.37606177606177604 0.016611295681063124 0.020077220077220077
0 0.49190199335548174 0.3776061776061776 0.017857142857142856 0.029343629343629343
0 0.9458056478405316 0.12818532818532818 0.01951827242524917 0.012355212355212355
0 0.6198089700996677 0.1308880308880309 0.005398671096345515 0.03474903474903475
0 0.6013289036544851 0.12857142857142856 0.016611295681063124 0.02084942084942085
0 0.5774501661129569 0.12123552123552124 0.017857142857142856 0.01698841698841699
0 0.5803571428571429 0.862934362934363 0.015365448504983389 0.019305019305019305
0 0.7294435215946844 0.8606177606177606 0.01951827242524917 0.019305019305019305
0 0.8905730897009967 0.6208494208494209 0.0170265780730897 0.015444015444015444
0 0.7319352159468439 0.3787644787644788 0.012043189368770765 0.02084942084942085
0 0.6382890365448505 0.3772200772200772 0.009966777408637873 0.039382239382239385
0 0.3810215946843854 0.11235521235521236 0.015365448504983389 0.02084942084942085
0 0.6719269102990033 0.8621621621621621 0.01079734219269103 0.03166023166023166
0 0.5959302325581395 0.3787644787644788 0.009136212624584718 0.01776061776061776
0 0.8519518272425249 0.37683397683397685 0.0170265780730897 0.021621621621621623
0 0.7655730897009967 0.6084942084942085 0.012043189368770765 0.02471042471042471
0 0.301702657807309 0.37683397683397685 0.018687707641196014 0.021621621621621623
0 0.4333471760797342 0.8594594594594595 0.0070598006644518275 0.02471042471042471
0 0.5483803986710963 0.3810810810810811 0.024501661129568107 0.01776061776061776
0 0.23816445182724252 0.859073359073359 0.015365448504983389 0.033204633204633204
0 0.17857142857142858 0.12277992277992278 0.016611295681063124 0.043243243243243246
0 0.25768272425249167 0.11891891891891893 0.01287375415282392 0.037065637065637064
0 0.45037375415282394 0.12818532818532818 0.012043189368770765 0.043243243243243246
0 0.49169435215946844 0.12972972972972974 0.015780730897009966 0.013899613899613899
0 0.3440614617940199 0.3640926640926641 0.012043189368770765 0.04555984555984556
0 0.6615448504983389 0.37027027027027026 0.011627906976744186 0.02857142857142857
0 0.3241279069767442 0.1308880308880309 0.010382059800664452 0.03166023166023166
0 0.5780730897009967 0.3806949806949807 0.015780730897009966 0.026254826254826256
0 0.43272425249169433 0.12007722007722008 0.008305647840531562 0.03783783783783784
0 0.7049418604651163 0.12432432432432433 0.017857142857142856 0.02471042471042471
0 0.21241694352159468 0.8725868725868726 0.010382059800664452 0.01698841698841699
0 0.8320182724252492 0.12432432432432433 0.016196013289036543 0.026254826254826256
0 0.8760382059800664 0.11776061776061776 0.018687707641196014 0.014671814671814672
0 0.40240863787375414 0.37683397683397685 0.023255813953488372 0.013899613899613899
0 0.6806478405315615 0.3752895752895753 0.018272425249169437 0.023166023166023165
0 0.540282392026578 0.12123552123552124 0.01910299003322259 0.03397683397683398
0 0.2782392026578073 0.12934362934362933 0.030730897009966777 0.019305019305019305
0 0.15739202657807308 0.12007722007722008 0.01744186046511628 0.05019305019305019
0 0.426702657807309 0.3749034749034749 0.020348837209302327 0.025482625482625483
0 0.5164036544850499 0.12277992277992278 0.017857142857142856 0.03088803088803089
0 0.1079734219269103 0.12393822393822394 0.020764119601328904 0.044015444015444015
0 0.24397840531561463 0.11428571428571428 0.020348837209302327 0.029343629343629343
0 0.6708887043189369 0.1138996138996139 0.02117940199335548 0.044015444015444015
0 0.36710963455149503 0.11969111969111969 0.011627906976744186 0.040154440154440155
0 0.13205980066445183 0.13204633204633204 0.014119601328903655 0.043243243243243246
0 0.1210548172757475 0.61003861003861 0.007890365448504983 0.020077220077220077
0 0.20431893687707642 0.616988416988417 0.011627906976744186 0.021621621621621623
0 0.33098006644518274 0.6193050193050194 0.006644518272425249 0.023166023166023165
0 0.41985049833887045 0.6223938223938223 0.0049833887043189366 0.020077220077220077
0 0.5456810631229236 0.6142857142857143 0.005813953488372093 0.011583011583011582
0 0.5589700996677741 0.6173745173745174 0.011627906976744186 0.011583011583011582
0 0.6310215946843853 0.855984555984556 0.007890365448504983 0.016216216216216217
0 0.9206810631229236 0.13281853281853281 0.011627906976744186 0.015444015444015444
0 0.6991279069767442 0.6088803088803089 0.012043189368770765 0.025482625482625483
0 0.8450996677740864 0.6111969111969112 0.014119601328903655 0.013127413127413128
0 0.32661960132890366 0.8679536679536679 0.0070598006644518275 0.027799227799227798
0 0.37167774086378735 0.8586872586872587 0.0033222591362126247 0.012355212355212355
0 0.43853820598006643 0.871042471042471 0.014119601328903655 0.018532818532818532
