0 0.896351575456053 0.7370990237099023 0.009950248756218905 0.02092050209205021
0 0.26533996683250416 0.2691771269177127 0.005804311774461028 0.02789400278940028
0 0.7149668325041459 0.7280334728033473 0.008706467661691543 0.03347280334728033
0 0.9376036484245439 0.7287308228730823 0.007048092868988391 0.03207810320781032
0 0.9137645107794361 0.7405857740585774 0.006633499170812604 0.022315202231520222
0 0.28254560530679934 0.27824267782426776 0.004560530679933665 0.026499302649930265
0 0.3034825870646766 0.2894002789400279 0.01077943615257048 0.026499302649930265
0 0.12541459369817579 0.27615062761506276 0.01451077943615257 0.04184100418410042
0 0.14386401326699835 0.7287308228730823 0.006633499170812604 0.026499302649930265
0 0.8569651741293532 0.29428172942817293 0.008291873963515755 0.019525801952580194
0 0.30514096185737977 0.7391910739191074 0.011608623548922056 0.02510460251046025
0 0.2462686567164179 0.28870292887029286 0.005804311774461028 0.019525801952580194
0 0.2064676616915423 0.3117154811715481 0.008291873963515755 0.06555090655509066
0 0.597636815920398 0.7161785216178521 0.010364842454394693 0.03207810320781032
0 0.5663349917081261 0.2796373779637378 0.005804311774461028 0.04881450488145049
0 0.8401741293532339 0.29428172942817293 0.007048092868988391 0.016736401673640166
0 0.7280265339966833 0.2789400278940028 0.019071310116086235 0.030683403068340307
0 0.5441542288557214 0.28172942817294283 0.007877280265339967 0.02510460251046025
0 0.15961857379767827 0.25871687587168757 0.006633499170812604 0.03765690376569038
0 0.7721807628524047 0.7343096234309623 0.007877280265339967 0.02092050209205021
0 0.9177031509121062 0.2824267782426778 0.009535655058043118 0.01813110181311018
0 0.2846185737976783 0.7343096234309623 0.008706467661691543 0.029288702928870293
0 0.6544361525704809 0.7322175732217573 0.009535655058043118 0.019525801952580194
0 0.4973051409618574 0.7364016736401674 0.011194029850746268 0.022315202231520222
0 0.5379353233830846 0.7524407252440726 0.004560530679933665 0.040446304044630406
0 0.22906301824212272 0.2789400278940028 0.006218905472636816 0.030683403068340307
0 0.5576285240464345 0.7147838214783822 0.005804311774461028 0.040446304044630406
0 0.3660862354892206 0.2775453277545328 0.005804311774461028 0.030683403068340307
0 0.14303482587064675 0.2698744769874477 0.00912106135986733 0.05439330543933055
0 0.7916666666666666 0.7231520223152023 0.011194029850746268 0.01813110181311018
0 0.8314676616915423 0.7203626220362622 0.007048092868988391 0.02092050209205021
0 0.44112769485903813 0.7252440725244073 0.014925373134328358 0.02510460251046025
0 0.16417910447761194 0.7266387726638772 0.012437810945273632 0.05578800557880056
0 0.5982587064676617 0.26778242677824265 0.008291873963515755 0.04184100418410042
0 0.47761194029850745 0.7210599721059973 0.012437810945273632 0.03905160390516039
0 0.5095356550580431 0.7280334728033473 0.007462686567164179 0.022315202231520222
0 0.8163349917081261 0.7210599721059973 0.01077943615257048 0.03347280334728033
0 0.4626865671641791 0.26429567642956764 0.006633499170812604 0.026499302649930265
0 0.6378524046434494 0.7259414225941423 0.01285240464344942 0.05439330543933055
0 0.24564676616915423 0.7280334728033473 0.007048092868988391 0.04184100418410042
0 0.4013266998341625 0.26429567642956764 0.008291873963515755 0.040446304044630406
0 0.7356965174129353 0.7364016736401674 0.007048092868988391 0.03905160390516039
0 0.3414179104477612 0.7231520223152023 0.011194029850746268 0.03207810320781032
0 0.6185737976782753 0.7308228730822873 0.014925373134328358 0.03905160390516039
0 0.10592868988391377 0.2705718270571827 0.01782752902155887 0.03626220362622036
0 0.12603648424543948 0.7461645746164575 0.008291873963515755 0.04184100418410042
0 0.33229684908789386 0.28661087866108786 0.007877280265339967 0.015341701534170154
0 0.42516583747927034 0.299860529986053 0.00538971807628524 0.022315202231520222
0 0.5155472636815921 0.2775453277545328 0.010364842454394693 0.030683403068340307
0 0.8714759535655058 0.7357043235704324 0.004975124378109453 0.023709902370990237
0 0.3439054726368159 0.28661087866108786 0.007048092868988391 0.012552301255230125
0 0.8186152570480929 0.2907949790794979 0.006218905472636816 0.023709902370990237
0 0.779228855721393 0.7266387726638772 0.00538971807628524 0.03626220362622036
0 0.7468905472636815 0.7252440725244073 0.012023217247097845 0.02510460251046025
0 0.6998341625207297 0.7266387726638772 0.008291873963515755 0.019525801952580194
0 0.6772388059701493 0.7329149232914923 0.00538971807628524 0.02092050209205021
0 0.5169983416252073 0.7266387726638772 0.006633499170812604 0.019525801952580194
0 0.46413764510779437 0.7426778242677824 0.008706467661691543 0.026499302649930265
0 0.22408789386401326 0.7357043235704324 0.004560530679933665 0.029288702928870293
0 0.18097014925373134 0.7496513249651325 0.008706467661691543 0.02092050209205021
0 0.11525704809286899 0.7398884239888424 0.01077943615257048 0.03207810320781032
0 0.06529850746268656 0.7350069735006973 0.007877280265339967 0.03347280334728033
0 0.49336650082918737 0.2775453277545328 0.009950248756218905 0.03626220362622036
0 0.7781923714759535 0.2900976290097629 0.008291873963515755 0.044630404463040445
0 0.8855721393034826 0.2810320781032078 0.011608623548922056 0.02092050209205021
0 0.8951077943615257 0.26359832635983266 0.004975124378109453 0.030683403068340307
0 0.8795605306799337 0.27475592747559274 0.007877280265339967 0.016736401673640166
0 0.3781094527363184 0.7252440725244073 0.006633499170812604 0.02510460251046025
0 0.40008291873963514 0.7315202231520224 0.006633499170812604 0.01813110181311018
