0 0.45242035581299134 0.7496392496392497 0.008688456764584195 0.01875901875901876
0 0.4689697972693422 0.7272727272727273 0.005378568473314025 0.008658008658008658
0 0.19735208936698387 0.2756132756132756 0.01075713694662805 0.04329004329004329
0 0.7823748448489863 0.26551226551226553 0.00992966487381051 0.020202020202020204
0 0.43338849813818786 0.7424242424242424 0.01034340091021928 0.030303030303030304
0 0.741414977244518 0.27200577200577203 0.006619776582540339 0.03896103896103896
0 0.1150186181216384 0.7308802308802309 0.005792304509722797 0.024531024531024532
0 0.3705006206040546 0.7619047619047619 0.004551096400496483 0.03751803751803752
0 0.8775341332230038 0.715007215007215 0.009102192800992967 0.05339105339105339
0 0.17707902358295408 0.2546897546897547 0.007447248655357882 0.03896103896103896
0 0.3580885395117915 0.2741702741702742 0.008688456764584195 0.025974025974025976
0 0.856226727347952 0.26551226551226553 0.00703351261894911 0.023088023088023088
0 0.15494414563508482 0.7222222222222222 0.007860984691766652 0.0707070707070707
0 0.23913942904426977 0.2481962481962482 0.008274720728175424 0.06637806637806638
0 0.34298717418287133 0.2741702741702742 0.011584609019445594 0.03751803751803752
0 0.7031443938767067 0.2727272727272727 0.008688456764584195 0.020202020202020204
0 0.6884567645841952 0.7229437229437229 0.007447248655357882 0.03463203463203463
0 0.7745138601572197 0.7496392496392497 0.006619776582540339 0.027417027417027416
0 0.2583781547372776 0.24675324675324675 0.011998345055854365 0.06060606060606061
0 0.8800165494414564 0.2777777777777778 0.009102192800992967 0.03896103896103896
0 0.9234588332643773 0.26046176046176045 0.00992966487381051 0.044733044733044736
0 0.21617707902358296 0.7402597402597403 0.01696317749275962 0.04040404040404041
0 0.32374844848986345 0.25396825396825395 0.01034340091021928 0.05194805194805195
0 0.11874224244931733 0.24242424242424243 0.019031857674803476 0.06926406926406926
0 0.38270583367811334 0.25396825396825395 0.007447248655357882 0.08080808080808081
0 0.13839470417873398 0.2676767676767677 0.008688456764584195 0.03318903318903319
0 0.22589987587918908 0.25613275613275616 0.006619776582540339 0.03318903318903319
0 0.2815473727761688 0.2741702741702742 0.015308233347124535 0.023088023088023088
0 0.40153082333471246 0.2647907647907648 0.011998345055854365 0.027417027417027416
0 0.5221348779478693 0.2792207792207792 0.007447248655357882 0.01875901875901876
0 0.5597848572610674 0.2821067821067821 0.00992966487381051 0.021645021645021644
0 0.5810922631361192 0.2683982683982684 0.004551096400496483 0.031746031746031744
0 0.6576334298717418 0.2741702741702742 0.009515928837401738 0.017316017316017316
0 0.6816301199834506 0.2647907647907648 0.00703351261894911 0.024531024531024532
0 0.799338022341746 0.24891774891774893 0.007447248655357882 0.024531024531024532
0 0.8181630119983451 0.2619047619047619 0.00703351261894911 0.044733044733044736
0 0.9412494828299545 0.2683982683982684 0.004964832436905255 0.031746031746031744
0 0.9000827472072818 0.7316017316017316 0.009515928837401738 0.020202020202020204
0 0.7163839470417873 0.7402597402597403 0.004551096400496483 0.020202020202020204
0 0.3324369052544477 0.7316017316017316 0.005378568473314025 0.023088023088023088
0 0.27223831195697146 0.7344877344877345 0.006619776582540339 0.023088023088023088
0 0.4218038891187422 0.25613275613275616 0.00703351261894911 0.01875901875901876
0 0.45924700041373606 0.26406926406926406 0.01075713694662805 0.025974025974025976
0 0.5399255275134465 0.2777777777777778 0.005792304509722797 0.01875901875901876
0 0.6162598262308647 0.2792207792207792 0.009515928837401738 0.027417027417027416
0 0.6133636739760033 0.7445887445887446 0.004551096400496483 0.02886002886002886
0 0.6727347952006619 0.7481962481962482 0.005792304509722797 0.01875901875901876
0 0.7952006619776583 0.7438672438672439 0.004137360364087712 0.030303030303030304
