0 0.28308157099697884 0.5919904837430611 0.025981873111782478 0.040444091990483745
0 0.1564954682779456 0.3917525773195876 0.013293051359516616 0.0380650277557494
0 0.7688821752265861 0.5471847739888978 0.019939577039274924 0.03965107057890563
0 0.2664652567975831 0.3826328310864393 0.02175226586102719 0.03409992069785884
0 0.243202416918429 0.6054718477398889 0.025981873111782478 0.022997620935765267
0 0.7413897280966767 0.5459952418715305 0.016918429003021148 0.04203013481363997
0 0.5818731117824774 0.33901665344964316 0.01812688821752266 0.03251387787470262
0 0.9507552870090634 0.06463124504361618 0.017522658610271902 0.030927835051546393
0 0.3084592145015106 0.8370340999206979 0.03081570996978852 0.030927835051546393
0 0.8129909365558913 0.5555114988104679 0.03564954682779456 0.04203013481363997
0 0.06978851963746223 0.39333862014274384 0.023564954682779457 0.034892942109436956
0 0.024773413897280966 0.86558287073751 0.03987915407854985 0.026169706582077717
0 0.29003021148036257 0.3584456780333069 0.014501510574018127 0.022204599524187154
0 0.7728096676737161 0.7926249008723235 0.02054380664652568 0.04520222045995242
0 0.19697885196374623 0.3798572561459159 0.025377643504531724 0.028548770816812053
0 0.6087613293051359 0.1007137192704203 0.015105740181268883 0.04440919904837431
0 0.19003021148036253 0.6066613798572561 0.012688821752265862 0.041237113402061855
0 0.7398791540785499 0.7846946867565424 0.03323262839879154 0.029341792228390166
0 0.051661631419939576 0.6173671689135607 0.022356495468277945 0.02141157811260904
0 0.3960725075528701 0.11300555114988105 0.03444108761329305 0.02141157811260904
0 0.39123867069486407 0.3524980174464711 0.024773413897280966 0.02775574940523394
0 0.21057401812688822 0.13203806502775575 0.03323262839879154 0.03409992069785884
0 0.035347432024169186 0.3984932593180016 0.0283987915407855 0.016653449643140365
0 0.09607250755287008 0.3980967486122125 0.012084592145015106 0.03013481363996828
0 0.448036253776435 0.35646312450436163 0.027190332326283987 0.019825535289452814
0 0.08851963746223565 0.1526566217287867 0.03323262839879154 0.03885804916732752
0 0.15528700906344411 0.6161776367961935 0.033836858006042296 0.022204599524187154
0 0.5646525679758309 0.5681998413957177 0.038066465256797584 0.022997620935765267
0 0.5954682779456193 0.5697858842188739 0.023564954682779457 0.040444091990483745
0 0.20694864048338368 0.8322759714512292 0.03081570996978852 0.02458366375892149
0 0.6202416918429003 0.5594766058683585 0.018731117824773415 0.026169706582077717
0 0.8867069486404834 0.0753370340999207 0.03564954682779456 0.0190325138778747
0 0.8540785498489426 0.7787470261697066 0.024773413897280966 0.052339413164155434
0 0.5274924471299094 0.8041237113402062 0.02054380664652568 0.061855670103092786
0 0.9392749244712991 0.7613005551149881 0.018731117824773415 0.04916732751784298
0 0.7954682779456194 0.3251387787470262 0.029607250755287008 0.04440919904837431
0 0.12054380664652568 0.3953211736716891 0.013897280966767372 0.040444091990483745
0 0.5117824773413897 0.11221252973830294 0.02175226586102719 0.04520222045995242
0 0.7099697885196374 0.7954004758128469 0.013293051359516616 0.0317208564631245
0 0.34259818731117825 0.36677240285487706 0.010876132930513595 0.03727200634417129
0 0.10966767371601209 0.6134020618556701 0.015105740181268883 0.030927835051546393
0 0.5516616314199396 0.10785091197462332 0.029003021148036254 0.04282315622521808
0 0.636858006042296 0.09199048374306107 0.012084592145015106 0.03013481363996828
0 0.33625377643504534 0.6070578905630452 0.015105740181268883 0.040444091990483745
0 0.3211480362537764 0.1252973830293418 0.01027190332326284 0.041237113402061855
0 0.9755287009063444 0.29103885804916735 0.017522658610271902 0.03013481363996828
0 0.39093655589123866 0.5864393338620143 0.010876132930513595 0.026169706582077717
0 0.2891238670694864 0.1308485329103886 0.015105740181268883 0.047581284694686754
0 0.6740181268882175 0.3275178429817605 0.029607250755287008 0.0190325138778747
0 0.41299093655589125 0.3600317208564631 0.0283987915407855 0.00951625693893735
0 0.9039274924471299 0.7739888977002379 0.02416918429003021 0.04916732751784298
0 0.029607250755287008 0.16494845360824742 0.014501510574018127 0.05392545598731166
0 0.1229607250755287 0.15186360031720855 0.011480362537764351 0.040444091990483745
0 0.06314199395770392 0.1471054718477399 0.021148036253776436 0.035685963521015066
0 0.9495468277945619 0.30174464710547183 0.023564954682779457 0.01823949246629659
0 0.09365558912386707 0.6141950832672483 0.01570996978851964 0.026169706582077717
0 0.4818731117824773 0.35051546391752575 0.016314199395770394 0.03965107057890563
0 0.5465256797583081 0.3429817605075337 0.03323262839879154 0.029341792228390166
0 0.3468277945619335 0.12490087232355274 0.030211480362537766 0.029341792228390166
0 0.913595166163142 0.04520222045995242 0.009667673716012085 0.020618556701030927
0 0.8084592145015106 0.07573354480570975 0.012084592145015106 0.03409992069785884
0 0.26586102719033233 0.1371927042030135 0.02054380664652568 0.041237113402061855
0 0.6262839879154078 0.3394131641554322 0.013897280966767372 0.0317208564631245
0 0.6419939577039275 0.3413957176843775 0.00906344410876133 0.03727200634417129
0 0.240785498489426 0.1387787470261697 0.03444108761329305 0.02696272799365583
0 0.9861027190332327 0.06978588421887391 0.008459214501510574 0.023790642347343377
0 0.36737160120845924 0.12172878667724028 0.033836858006042296 0.026169706582077717
0 0.5389728096676737 0.5737509912767644 0.025377643504531724 0.013481363996827915
0 0.8722054380664652 0.30927835051546393 0.022356495468277945 0.022204599524187154
0 0.851963746223565 0.5412371134020618 0.013293051359516616 0.030927835051546393
0 0.6154078549848943 0.8037272006344172 0.029607250755287008 0.035685963521015066
0 0.5063444108761329 0.8140364789849326 0.02175226586102719 0.04837430610626487
0 0.8821752265861027 0.7827121332275971 0.01933534743202417 0.045995241871530534
0 0.9093655589123867 0.30927835051546393 0.029003021148036254 0.01586042823156225
0 0.8429003021148036 0.31007137192704204 0.009667673716012085 0.025376685170499604
0 0.5987915407854985 0.8013481363996828 0.016918429003021148 0.03727200634417129
0 0.4241691842900302 0.12291831879460745 0.013293051359516616 0.017446471054718478
0 0.3238670694864048 0.37153053132434577 0.008459214501510574 0.013481363996827915
0 0.834441087613293 0.06582077716098335 0.02416918429003021 0.03965107057890563
0 0.8471299093655589 0.07454401268834258 0.02416918429003021 0.034892942109436956
0 0.7347432024169185 0.08842188739095956 0.03746223564954683 0.02458366375892149
0 0.7220543806646526 0.09952418715305313 0.02175226586102719 0.029341792228390166
0 0.686404833836858 0.0943695479777954 0.016918429003021148 0.04440919904837431
0 0.45740181268882174 0.126883425852498 0.012084592145015106 0.034892942109436956
0 0.4637462235649547 0.11974623314829501 0.027190332326283987 0.022204599524187154
0 0.4827794561933535 0.12965900079302142 0.009667673716012085 0.035685963521015066
0 0.3193353474320242 0.14274385408406026 0.019939577039274924 0.02696272799365583
0 0.1716012084592145 0.1506740681998414 0.01812688821752266 0.034892942109436956
0 0.14954682779456194 0.14988104678826328 0.015105740181268883 0.04282315622521808
0 0.1564954682779456 0.14829500396510706 0.029003021148036254 0.017446471054718478
0 0.5217522658610272 0.34773988897700236 0.022356495468277945 0.019825535289452814
0 0.5003021148036254 0.34615384615384615 0.025377643504531724 0.03727200634417129
0 0.10876132930513595 0.8497224425059476 0.027794561933534745 0.022997620935765267
0 0.13474320241691842 0.8509119746233148 0.02054380664652568 0.022204599524187154
0 0.15861027190332327 0.8501189532117367 0.03444108761329305 0.020618556701030927
0 0.18821752265861028 0.8513084853291039 0.03564954682779456 0.016653449643140365
0 0.24712990936555893 0.8346550356859636 0.03746223564954683 0.03251387787470262
0 0.2682779456193353 0.8402061855670103 0.035045317220543805 0.016653449643140365
0 0.41963746223564957 0.8219666931007137 0.027190332326283987 0.019825535289452814
0 0.4818731117824773 0.8104678826328311 0.018731117824773415 0.023790642347343377
0 0.5722054380664653 0.8021411578112609 0.030211480362537766 0.026169706582077717
0 0.6519637462235649 0.7989690721649485 0.02054380664652568 0.03727200634417129
0 0.6673716012084592 0.8045202220459953 0.023564954682779457 0.05154639175257732
0 0.804833836858006 0.7850911974623315 0.033836858006042296 0.023790642347343377
0 0.8226586102719033 0.781919111816019 0.03564954682779456 0.023790642347343377
0 0.7510574018126889 0.091593973037272 0.013293051359516616 0.040444091990483745
0 0.8939577039274924 0.30927835051546393 0.036858006042296075 0.01586042823156225
0 0.6800604229607251 0.5602696272799366 0.019939577039274924 0.03727200634417129
0 0.6867069486404834 0.5681998413957177 0.021148036253776436 0.013481363996827915
0 0.053172205438066465 0.8616177636796194 0.016918429003021148 0.046788263283108644
0 0.0797583081570997 0.8683584456780333 0.03262839879154079 0.03647898493259318
0 0.34652567975830817 0.8362410785091198 0.013897280966767372 0.03727200634417129
0 0.3595166163141994 0.8421887390959556 0.012084592145015106 0.0380650277557494
0 0.40060422960725073 0.8251387787470261 0.025377643504531724 0.02775574940523394
0 0.44773413897280967 0.8195876288659794 0.02054380664652568 0.013481363996827915
