0 0.23182384711258827 0.656832298136646 0.01578728707935189 0.018633540372670808
0 0.48255089322808475 0.8951863354037267 0.011217282924802658 0.015527950310559006
0 0.6643124221022019 0.41032608695652173 0.006647278770253427 0.011645962732919254
0 0.3309098462816784 0.4079968944099379 0.012048192771084338 0.016304347826086956
0 0.5265891150810137 0.16032608695652173 0.009555463232239303 0.039596273291925464
0 0.9310344827586207 0.15256211180124224 0.011632737847943497 0.03183229813664596
0 0.8228084752804321 0.8920807453416149 0.011217282924802658 0.015527950310559006
0 0.7193601994183632 0.9033385093167702 0.009555463232239303 0.02562111801242236
0 0.6607810552555048 0.6451863354037267 0.014540922309929373 0.012422360248447204
0 0.9252181138346489 0.39945652173913043 0.01578728707935189 0.02406832298136646
0 0.19754881595346904 0.1611024844720497 0.011217282924802658 0.016304347826086956
0 0.34877440797673454 0.40683229813664595 0.019526381387619442 0.020186335403726708
0 0.1314914831740756 0.4072204968944099 0.01620274200249273 0.013198757763975156
0 0.45326132114665557 0.8967391304347826 0.013294557540506855 0.010869565217391304
0 0.8234316576651434 0.41110248447204967 0.007478188616535106 0.030279503105590064
0 0.42085583714167013 0.15527950310559005 0.014956377233070212 0.026397515527950312
0 0.6767760697964271 0.1622670807453416 0.009970918155380142 0.012422360248447204
0 0.5754050685500623 0.6502329192546584 0.011632737847943497 0.02251552795031056
0 0.9096385542168675 0.8936335403726708 0.008724553385957623 0.021739130434782608
0 0.16368923971749066 0.905667701863354 0.008309098462816784 0.039596273291925464
0 0.6497714997922726 0.15372670807453417 0.009970918155380142 0.015527950310559006
0 0.3095139177399252 0.4079968944099379 0.005816368923971749 0.030279503105590064
0 0.11902783547985044 0.16032608695652173 0.009555463232239303 0.02717391304347826
0 0.8547985043622767 0.8998447204968945 0.009555463232239303 0.013975155279503106
0 0.3635230577482343 0.6475155279503105 0.008309098462816784 0.029503105590062112
0 0.6057332779393436 0.16187888198757763 0.014125467386788533 0.014751552795031056
0 0.4048608226007478 0.6416925465838509 0.01703365184877441 0.019409937888198756
0 0.3703780639800582 0.40993788819875776 0.012879102617366016 0.012422360248447204
0 0.5911923556294142 0.15256211180124224 0.013294557540506855 0.010093167701863354
0 0.4162858329871209 0.4072204968944099 0.009140008309098464 0.03183229813664596
0 0.5874532613211466 0.41459627329192544 0.011632737847943497 0.020186335403726708
0 0.20855837141670128 0.1750776397515528 0.014125467386788533 0.02406832298136646
0 0.1398005816368924 0.8990683229813664 0.015371832156211051 0.024844720496894408
0 0.5643955130868301 0.9079968944099379 0.009555463232239303 0.02562111801242236
0 0.503946821769838 0.8982919254658385 0.009970918155380142 0.020186335403726708
0 0.49979227253842956 0.15566770186335405 0.019941836310760283 0.017857142857142856
0 0.7152056501869547 0.14906832298136646 0.01038637307852098 0.020186335403726708
0 0.26194432904029913 0.16847826086956522 0.01038637307852098 0.03260869565217391
0 0.11508101371001246 0.41343167701863354 0.013294557540506855 0.02251552795031056
0 0.552970502700457 0.6506211180124224 0.012463647694225177 0.043478260869565216
0 0.3950976319069381 0.1529503105590062 0.012463647694225177 0.037267080745341616
0 0.7409638554216867 0.40993788819875776 0.017864561695056087 0.021739130434782608
0 0.917324470294973 0.6521739130434783 0.024096385542168676 0.015527950310559006
0 0.22434565849605317 0.40683229813664595 0.006647278770253427 0.031055900621118012
0 0.7224761113419194 0.65527950310559 0.019110926464478605 0.021739130434782608
0 0.8820108018280016 0.890527950310559 0.01578728707935189 0.03571428571428571
0 0.5137100124636477 0.6498447204968945 0.008724553385957623 0.034161490683229816
0 0.3174075612796012 0.9107142857142857 0.01578728707935189 0.027950310559006212
0 0.8055670959700872 0.15838509316770186 0.017449106771915246 0.020186335403726708
0 0.4482758620689655 0.6319875776397516 0.012463647694225177 0.026397515527950312
0 0.5 0.3924689440993789 0.00540091400083091 0.033385093167701864
0 0.4804736186123806 0.15838509316770186 0.011217282924802658 0.029503105590062112
0 0.11695056086414624 0.8982919254658385 0.011217282924802658 0.03571428571428571
0 0.7771084337349398 0.6529503105590062 0.02035729123390112 0.03260869565217391
0 0.6223514748649771 0.8967391304347826 0.018280016618196927 0.018633540372670808
0 0.37764852513502284 0.15683229813664595 0.009970918155380142 0.04503105590062112
0 0.8656003323639385 0.4048913043478261 0.02534275031159119 0.016304347826086956
0 0.5475695886996261 0.15411490683229814 0.013294557540506855 0.02717391304347826
0 0.6194432904029913 0.655667701863354 0.009970918155380142 0.019409937888198756
0 0.8433734939759037 0.16071428571428573 0.012463647694225177 0.026397515527950312
0 0.7145824678022434 0.4107142857142857 0.017449106771915246 0.03571428571428571
0 0.8226007478188616 0.15217391304347827 0.007478188616535106 0.03571428571428571
0 0.21312837557125053 0.6490683229813664 0.017449106771915246 0.021739130434782608
0 0.28230162027420025 0.40023291925465837 0.01038637307852098 0.03493788819875776
0 0.6518487744079767 0.9021739130434783 0.01578728707935189 0.027950310559006212
0 0.07665143331948483 0.8971273291925466 0.017864561695056087 0.017857142857142856
0 0.13959285417532197 0.15644409937888198 0.009140008309098464 0.033385093167701864
0 0.5477773161611965 0.3967391304347826 0.01038637307852098 0.04192546583850932
0 0.18404653095139178 0.16149068322981366 0.012463647694225177 0.020186335403726708
0 0.5270045700041546 0.4095496894409938 0.01620274200249273 0.02406832298136646
0 0.7999584545076859 0.40877329192546585 0.009555463232239303 0.02872670807453416
0 0.15081013710012464 0.41226708074534163 0.019110926464478605 0.013975155279503106
0 0.6103032820938928 0.4076086956521739 0.011632737847943497 0.026397515527950312
0 0.23036975488159533 0.9006211180124224 0.012879102617366016 0.040372670807453416
0 0.6256751142501039 0.15566770186335405 0.019941836310760283 0.02096273291925466
0 0.2671375155795596 0.9010093167701864 0.02077274615704196 0.030279503105590064
0 0.8427503115911924 0.4045031055900621 0.01703365184877441 0.021739130434782608
0 0.30141254673867884 0.6513975155279503 0.018695471541337765 0.020186335403726708
0 0.633153302866639 0.41537267080745344 0.016618196925633568 0.031055900621118012
0 0.22309929372663065 0.16304347826086957 0.02160365600332364 0.027950310559006212
0 0.16265060240963855 0.15877329192546583 0.012048192771084338 0.03804347826086957
0 0.4916909015371832 0.6436335403726708 0.012048192771084338 0.024844720496894408
0 0.20689655172413793 0.8955745341614907 0.011632737847943497 0.04114906832298137
0 0.4144162858329871 0.890527950310559 0.012879102617366016 0.05434782608695652
0 0.5247195679268799 0.8994565217391305 0.013294557540506855 0.03183229813664596
0 0.5816368923971749 0.890527950310559 0.009140008309098464 0.027950310559006212
0 0.7575820523473203 0.16925465838509315 0.0211882010801828 0.031055900621118012
0 0.6381387619443291 0.6486801242236024 0.02077274615704196 0.03183229813664596
0 0.7349397590361446 0.8963509316770186 0.009140008309098464 0.030279503105590064
0 0.7567511425010386 0.41226708074534163 0.015371832156211051 0.034161490683229816
0 0.9100540091400083 0.3982919254658385 0.015371832156211051 0.031055900621118012
0 0.2866638969671791 0.15217391304347827 0.01080182800166182 0.03881987577639751
0 0.6911092646447861 0.4017857142857143 0.01703365184877441 0.039596273291925464
0 0.891566265060241 0.6413043478260869 0.011632737847943497 0.034161490683229816
0 0.35438304943913584 0.907608695652174 0.016618196925633568 0.029503105590062112
0 0.699002908184462 0.6440217391304348 0.007893643539675945 0.04891304347826087
0 0.36497714997922726 0.8998447204968945 0.014540922309929373 0.03571428571428571
0 0.7436643124221022 0.15333850931677018 0.009140008309098464 0.030279503105590064
0 0.7505193186539261 0.6463509316770186 0.01620274200249273 0.04580745341614907
0 0.39239717490652265 0.4052795031055901 0.011217282924802658 0.040372670807453416
0 0.1919401744910677 0.6479037267080745 0.022434565849605317 0.02406832298136646
0 0.2405484004985459 0.8940217391304348 0.02160365600332364 0.02251552795031056
0 0.42542584129621935 0.6579968944099379 0.024096385542168676 0.019409937888198756
0 0.5353136684669714 0.6459627329192547 0.019526381387619442 0.021739130434782608
0 0.8853344412131283 0.40372670807453415 0.016618196925633568 0.034161490683229816
0 0.8454507685916078 0.6510093167701864 0.014125467386788533 0.019409937888198756
0 0.6825924387203989 0.6389751552795031 0.014125467386788533 0.027950310559006212
0 0.7779393435812214 0.15644409937888198 0.012048192771084338 0.04891304347826087
0 0.3331948483589531 0.8916925465838509 0.011632737847943497 0.05046583850931677
0 0.19775654341503948 0.4091614906832298 0.013294557540506855 0.037267080745341616
0 0.17823016202742004 0.9006211180124224 0.012463647694225177 0.04503105590062112
0 0.6944329040299128 0.15916149068322982 0.019526381387619442 0.034161490683229816
0 0.09700872455338595 0.4033385093167702 0.011217282924802658 0.05046583850931677
0 0.24241794765267968 0.15605590062111802 0.0211882010801828 0.03881987577639751
0 0.383672621520565 0.6537267080745341 0.009555463232239303 0.03571428571428571
0 0.24657249688408808 0.4029503105590062 0.011217282924802658 0.027950310559006212
0 0.8635230577482343 0.15644409937888198 0.019526381387619442 0.02872670807453416
0 0.4682176983797258 0.6475155279503105 0.02077274615704196 0.04503105590062112
0 0.8149148317407561 0.6467391304347826 0.015371832156211051 0.046583850931677016
0 0.35853759867054424 0.15683229813664595 0.01080182800166182 0.04503105590062112
0 0.47922725384295806 0.4041149068322981 0.01703365184877441 0.03493788819875776
0 0.3061902783547985 0.15489130434782608 0.01578728707935189 0.04580745341614907
0 0.45616950560864145 0.4142080745341615 0.019941836310760283 0.02717391304347826
0 0.2976734524304113 0.8979037267080745 0.01620274200249273 0.04736024844720497
0 0.33444121312837555 0.1545031055900621 0.016618196925633568 0.037267080745341616
0 0.16763606148732862 0.6541149068322981 0.018695471541337765 0.03183229813664596
0 0.264852513502285 0.39906832298136646 0.019526381387619442 0.027950310559006212
0 0.8878271707519734 0.1642080745341615 0.011632737847943497 0.019409937888198756
0 0.9009140008309099 0.16498447204968944 0.019526381387619442 0.017857142857142856
0 0.7764852513502285 0.4107142857142857 0.006647278770253427 0.020186335403726708
0 0.25862068965517243 0.6529503105590062 0.008724553385957623 0.034161490683229816
0 0.2825093477357707 0.654891304347826 0.028250934773577065 0.011645962732919254
0 0.32509347735770666 0.6486801242236024 0.013710012463647694 0.005434782608695652
0 0.3356875778977981 0.6331521739130435 0.011632737847943497 0.03493788819875776
0 0.6732447029497299 0.8847049689440993 0.009555463232239303 0.02096273291925466
0 0.6969256335687578 0.8885869565217391 0.011217282924802658 0.017857142857142856
0 0.7679684254258413 0.9095496894409938 0.014540922309929373 0.02872670807453416
0 0.781678437889489 0.8971273291925466 0.015371832156211051 0.039596273291925464
0 0.7989198171998338 0.8963509316770186 0.004985459077690071 0.04114906832298137
